ts,nb_vehicules_in,nb_trucks_in,nb_cars_in,avg_waiting_in,nb_vehicules_out,nb_trucks_out,nb_cars_out,avg_waiting_out
2019-01-01 00:00:00+01:00,2793,239,2554,3.4702598443585657,3048,340,2708,3.853683892606134
2019-01-02 00:00:00+01:00,3025,357,2668,3.7261812568480823,2797,354,2443,3.959989856331456
2019-01-03 00:00:00+01:00,3082,254,2828,2.946669508034373,3019,376,2643,3.3158528817339628
2019-01-04 00:00:00+01:00,2961,300,2661,3.7280346779368685,2985,341,2644,2.758602440185282
2019-01-05 00:00:00+01:00,3082,210,2872,2.728774570536865,3126,161,2965,2.7991574330791975
2019-01-06 00:00:00+01:00,1724,70,1654,3.661677369562059,2359,102,2257,2.537075209946637
2019-01-07 00:00:00+01:00,3164,301,2863,2.7887430939917413,3087,328,2759,4.153032781727848
2019-01-08 00:00:00+01:00,2944,287,2657,3.4938538295588444,3210,359,2851,3.5348314492309085
2019-01-09 00:00:00+01:00,3029,403,2626,3.3783410333438106,2976,334,2642,3.5989826425813165
2019-01-10 00:00:00+01:00,3027,228,2799,4.0197174440718895,3074,383,2691,3.617461452744575
2019-01-11 00:00:00+01:00,2949,290,2659,3.8954318393231993,2888,308,2580,3.2798628468272573
2019-01-12 00:00:00+01:00,3076,199,2877,3.6732107192383423,3105,209,2896,2.6758006089011217
2019-01-13 00:00:00+01:00,1627,65,1562,2.699593716664388,1923,68,1855,3.2808951758589373
2019-01-14 00:00:00+01:00,2909,316,2593,2.6800111139585168,3069,327,2742,3.2710474962106635
2019-01-15 00:00:00+01:00,2728,261,2467,3.539143010610796,3134,326,2808,3.4784930538357433
2019-01-16 00:00:00+01:00,3006,386,2620,3.0936830788226604,3026,308,2718,3.131714661093665
2019-01-17 00:00:00+01:00,3067,248,2819,3.2433455430510403,3095,382,2713,3.564223053801873
2019-01-18 00:00:00+01:00,2969,286,2683,3.3311656176579114,3072,340,2732,3.6721906991485986
2019-01-19 00:00:00+01:00,3015,195,2820,3.4439989492962995,3181,197,2984,3.7730033312016107
2019-01-20 00:00:00+01:00,1613,65,1548,2.5853642201256815,1935,64,1871,3.8898787586187424
2019-01-21 00:00:00+01:00,3062,297,2765,4.0161757475436834,3103,302,2801,3.5459760185937643
2019-01-22 00:00:00+01:00,2738,273,2465,4.058989423106815,3237,350,2887,3.6001293955088722
2019-01-23 00:00:00+01:00,3061,371,2690,2.631143870578831,2834,284,2550,3.790556829640266
2019-01-24 00:00:00+01:00,2723,230,2493,3.4692985884564047,3015,456,2559,3.8950003915406994
2019-01-25 00:00:00+01:00,2900,286,2614,3.7095036561691765,2811,314,2497,4.194719609599685
2019-01-26 00:00:00+01:00,2902,165,2737,3.9061744429854466,3127,195,2932,3.5086561080856815
2019-01-27 00:00:00+01:00,1704,62,1642,3.71336811537279,1706,75,1631,3.1467480410508193
2019-01-28 00:00:00+01:00,3198,341,2857,3.036748523313934,3062,358,2704,3.111177966629182
2019-01-29 00:00:00+01:00,3029,302,2727,3.1969195105269788,3225,311,2914,3.867939162066221
2019-01-30 00:00:00+01:00,3014,372,2642,3.853604777059904,2762,298,2464,3.4297819942825947
2019-01-31 00:00:00+01:00,2731,211,2520,3.7310448860106997,2875,414,2461,3.789616511092648
2019-02-01 00:00:00+01:00,3041,331,2710,3.5292928590304986,3084,325,2759,3.813649035443664
2019-02-02 00:00:00+01:00,2968,191,2777,3.0073185930859734,3170,178,2992,2.922718128355846
2019-02-03 00:00:00+01:00,1749,73,1676,2.5822358619567964,1944,74,1870,3.338118310462496
2019-02-04 00:00:00+01:00,2901,265,2636,3.3098465049776875,3054,376,2678,2.8873447394972356
2019-02-05 00:00:00+01:00,2941,279,2662,3.2362808356479627,3160,342,2818,2.874569048786296
2019-02-06 00:00:00+01:00,3060,412,2648,3.846211310972593,2842,306,2536,2.7978452636568694
2019-02-07 00:00:00+01:00,3093,245,2848,3.4364085964023134,2854,372,2482,4.100492579726125
2019-02-08 00:00:00+01:00,2979,304,2675,3.9366863016438938,3038,309,2729,3.0219429000366147
2019-02-09 00:00:00+01:00,2989,175,2814,3.2577297005463244,3171,196,2975,3.1475083995906448
2019-02-10 00:00:00+01:00,1691,63,1628,3.6982165234527904,2012,72,1940,3.0205285987299306
2019-02-11 00:00:00+01:00,2912,315,2597,3.6819615678261313,3071,342,2729,3.4934291356794036
2019-02-12 00:00:00+01:00,6254,424,5830,2.4773166956642507,7288,585,6703,3.4530646680098975
2019-02-13 00:00:00+01:00,7116,642,6474,2.8196301902096317,6424,497,5927,2.811196429710538
2019-02-14 00:00:00+01:00,6002,369,5633,3.0920642391358686,6833,596,6237,3.7870206759698286
2019-02-15 00:00:00+01:00,7006,508,6498,3.5039272355900097,7091,475,6616,3.5328244095078047
2019-02-16 00:00:00+01:00,6911,288,6623,2.820230008191771,7187,303,6884,2.535604417736405
2019-02-17 00:00:00+01:00,4035,108,3927,2.606512553686507,5385,157,5228,3.4814002805622604
2019-02-18 00:00:00+01:00,7018,453,6565,3.4693872308772136,7357,644,6713,3.828999902118103
2019-02-19 00:00:00+01:00,7046,410,6636,2.832271396215468,7383,541,6842,3.619468057250921
2019-02-20 00:00:00+01:00,6947,564,6383,3.43829467240748,6563,447,6116,2.7404290857275457
2019-02-21 00:00:00+01:00,7045,422,6623,3.685417083801589,6778,754,6024,3.5701955638237517
2019-02-22 00:00:00+01:00,7111,536,6575,3.662930866409976,6541,390,6151,3.079853686970427
2019-02-23 00:00:00+01:00,7063,278,6785,2.9848265934460367,7219,313,6906,2.971510964572393
2019-02-24 00:00:00+01:00,3906,117,3789,2.923492151287414,4490,137,4353,3.5330521764912213
2019-02-25 00:00:00+01:00,7054,526,6528,3.029775976983714,7038,504,6534,2.9279300298423587
2019-02-26 00:00:00+01:00,6365,422,5943,3.212063306592388,7311,535,6776,3.200192755621992
2019-02-27 00:00:00+01:00,7013,631,6382,3.8548088311164816,7102,627,6475,3.061611561623499
2019-02-28 00:00:00+01:00,6610,351,6259,3.0404386765185563,6662,627,6035,3.3952326360624108
2019-03-01 00:00:00+01:00,7107,496,6611,3.5602682089273903,7004,516,6488,3.6360631888966055
2019-03-02 00:00:00+01:00,6890,279,6611,2.5935252668011226,7283,303,6980,2.4037939158048136
2019-03-03 00:00:00+01:00,3924,102,3822,3.3246622036349143,5155,156,4999,3.371170023580937
2019-03-04 00:00:00+01:00,7291,460,6831,3.3626215074598043,7020,544,6476,2.9896290690964062
2019-03-05 00:00:00+01:00,6933,454,6479,3.106592701261055,7240,511,6729,2.8550191005281214
2019-03-06 00:00:00+01:00,7113,681,6432,3.2099189916605186,6844,588,6256,2.521409325437063
2019-03-07 00:00:00+01:00,2645,233,2412,2.9616929661165794,3053,447,2606,3.3295917642594435
2019-03-08 00:00:00+01:00,3095,309,2786,3.069878898695432,3067,291,2776,2.865524584246678
2019-03-09 00:00:00+01:00,2920,192,2728,3.7813546495506496,3102,163,2939,2.6755391439588125
2019-03-10 00:00:00+01:00,1634,68,1566,2.9426765130604613,2147,85,2062,3.4543075717821714
2019-03-11 00:00:00+01:00,3063,328,2735,3.992392374788616,3004,342,2662,2.8072722072617338
2019-03-12 00:00:00+01:00,2962,276,2686,2.7134342808105925,3085,323,2762,3.717861660352069
2019-03-13 00:00:00+01:00,3090,360,2730,3.9522364801923238,2928,309,2619,2.96672733218233
2019-03-14 00:00:00+01:00,2858,220,2638,3.1822802920323383,2813,447,2366,3.202652674455967
2019-03-15 00:00:00+01:00,2960,266,2694,2.92209682934523,2883,272,2611,3.744964394220175
2019-03-16 00:00:00+01:00,2971,193,2778,3.6901701137058494,3170,200,2970,2.9304931485602013
2019-03-17 00:00:00+01:00,1696,61,1635,3.6982677313499135,1911,72,1839,2.623200957312855
2019-03-18 00:00:00+01:00,3153,346,2807,3.0036666761921844,3041,371,2670,3.5682732154610055
2019-03-19 00:00:00+01:00,2981,267,2714,3.298743207789197,3210,336,2874,2.8816335959271377
2019-03-20 00:00:00+01:00,3098,366,2732,2.6213758944850674,2831,295,2536,3.4686666795513887
2019-03-21 00:00:00+01:00,2981,248,2733,3.704687340263237,2842,405,2437,3.3953199670379424
2019-03-22 00:00:00+01:00,3003,307,2696,3.115880919142715,3066,262,2804,3.253803387184952
2019-03-23 00:00:00+01:00,3022,186,2836,3.6272996657524312,3120,164,2956,3.301416094308041
2019-03-24 00:00:00+01:00,1752,72,1680,2.9046227407576373,2384,103,2281,2.8867169399764556
2019-03-25 00:00:00+01:00,2904,272,2632,3.632210005928322,3059,386,2673,3.478504543936832
2019-03-26 00:00:00+01:00,2955,254,2701,3.3773858212268997,3171,297,2874,3.69125933238281
2019-03-27 00:00:00+01:00,3068,410,2658,3.1103412565881654,3022,372,2650,4.180693166024943
2019-03-28 00:00:00+01:00,2756,230,2526,3.6304867180555336,3043,379,2664,3.230365567647059
2019-03-29 00:00:00+01:00,2970,310,2660,3.5709746418671284,3067,282,2785,3.682814939055827
2019-03-30 00:00:00+01:00,3029,185,2844,2.8600028302186367,3144,211,2933,3.8990180793108307
2019-03-31 00:00:00+01:00,1695,69,1626,3.5236411264772056,2016,73,1943,3.109495069283715
2019-04-01 00:00:00+02:00,3033,290,2743,2.6064469826374133,3151,327,2824,2.9389538282533465
2019-04-02 00:00:00+02:00,2888,259,2629,3.936916309311395,3057,291,2766,3.6899215272028734
2019-04-03 00:00:00+02:00,3081,412,2669,2.939489876575119,3043,379,2664,3.501449437413633
2019-04-04 00:00:00+02:00,2919,243,2676,3.3177821884831387,3039,389,2650,3.8350277341900685
2019-04-05 00:00:00+02:00,3031,275,2756,2.979542927387833,2965,293,2672,3.6076091496880123
2019-04-06 00:00:00+02:00,2987,190,2797,3.7835679873940506,3157,203,2954,3.955217586289117
2019-04-07 00:00:00+02:00,1630,65,1565,2.7543214748875315,2240,82,2158,3.703174517260534
2019-04-08 00:00:00+02:00,3107,291,2816,3.0259459023803834,3043,376,2667,4.0621562160697335
2019-04-09 00:00:00+02:00,3028,292,2736,3.25065467141933,3015,301,2714,3.0345378315085205
2019-04-10 00:00:00+02:00,3004,366,2638,3.7612300981256332,2711,315,2396,2.726600475179853
2019-04-11 00:00:00+02:00,2792,219,2573,4.016561659434867,2983,438,2545,3.704180976774999
2019-04-12 00:00:00+02:00,3037,294,2743,2.9162406699079693,2832,276,2556,3.4368100801613024
2019-04-13 00:00:00+02:00,3023,193,2830,2.7052444088081167,3124,209,2915,3.891519144879814
2019-04-14 00:00:00+02:00,1788,78,1710,2.500335310850302,1716,73,1643,2.9840526989545935
2019-04-15 00:00:00+02:00,3158,308,2850,3.600681735319481,3193,379,2814,3.0015411369078406
2019-04-16 00:00:00+02:00,6318,478,5840,2.55024547966519,6319,510,5809,3.2092986275993667
2019-04-17 00:00:00+02:00,6344,674,5670,3.0867867297168075,5831,550,5281,3.694768978470431
2019-04-18 00:00:00+02:00,5832,395,5437,3.5448982700752123,5929,733,5196,3.4389448487758374
2019-04-19 00:00:00+02:00,6499,521,5978,2.467270805205492,6085,486,5599,3.728314714398152
2019-04-20 00:00:00+02:00,6357,299,6058,3.6225707472802133,6600,349,6251,3.392617446701789
2019-04-21 00:00:00+02:00,3525,102,3423,2.5711432526409355,4642,144,4498,2.5912420839617636
2019-04-22 00:00:00+02:00,6484,531,5953,3.5934651851390673,6667,665,6002,3.1032199839693275
2019-04-23 00:00:00+02:00,6371,435,5936,3.481717455095505,6628,515,6113,3.8577383045318063
2019-04-24 00:00:00+02:00,6397,630,5767,3.113057393921476,6175,535,5640,2.9310861120437828
2019-04-25 00:00:00+02:00,5827,372,5455,3.1237436978450535,6281,773,5508,4.234523758330135
2019-04-26 00:00:00+02:00,6477,500,5977,3.574592621796367,5995,537,5458,2.868760937960291
2019-04-27 00:00:00+02:00,6378,301,6077,3.1872748272800075,6706,333,6373,3.8373262209824945
2019-04-28 00:00:00+02:00,3772,120,3652,2.791873921636308,3921,126,3795,2.8157638015493878
2019-04-29 00:00:00+02:00,6142,493,5649,3.706974018156271,6553,562,5991,3.699701653562002
2019-04-30 00:00:00+02:00,6154,441,5713,3.3955682408077013,6615,550,6065,2.8114404048355506
2019-05-01 00:00:00+02:00,6354,629,5725,3.727772295604782,6182,486,5696,2.7471834058030864
2019-05-02 00:00:00+02:00,6127,425,5702,3.082461369921299,6493,640,5853,2.979062514341371
2019-05-03 00:00:00+02:00,6300,516,5784,2.599125055686907,6417,546,5871,3.4930714037455
2019-05-04 00:00:00+02:00,6313,305,6008,2.858539797125077,6631,315,6316,3.378428848769409
2019-05-05 00:00:00+02:00,3516,102,3414,3.3058441727851733,3767,115,3652,3.2431401359928422
2019-05-06 00:00:00+02:00,6713,530,6183,3.6814212952175884,6695,573,6122,2.8275229793660626
2019-05-07 00:00:00+02:00,6276,416,5860,3.1794544472557296,6694,530,6164,3.292695036175974
2019-05-08 00:00:00+02:00,6452,637,5815,3.3184678055718253,6472,651,5821,3.1098975806319427
2019-05-09 00:00:00+02:00,3001,267,2734,3.172228118822904,2805,457,2348,3.6711660437674416
2019-05-10 00:00:00+02:00,3052,283,2769,3.2655720983043817,2905,325,2580,3.7836054982588574
2019-05-11 00:00:00+02:00,3070,203,2867,2.816905818966923,3125,203,2922,3.1943505636855813
2019-05-12 00:00:00+02:00,1783,69,1714,3.236935116410883,2125,80,2045,3.8063047753963115
2019-05-13 00:00:00+02:00,2933,320,2613,2.9397728399457703,3082,331,2751,3.8557459881079317
2019-05-14 00:00:00+02:00,2919,271,2648,3.6883862072039033,3169,313,2856,3.1915085150507676
2019-05-15 00:00:00+02:00,3069,416,2653,4.005690669422802,2753,280,2473,3.670542981125562
2019-05-16 00:00:00+02:00,2785,247,2538,2.9309866332958103,3006,396,2610,3.443492130454327
2019-05-17 00:00:00+02:00,3089,324,2765,3.344397699997379,3038,283,2755,3.4254611768440353
2019-05-18 00:00:00+02:00,3018,199,2819,3.6783438501327494,3197,181,3016,2.7436875736595416
2019-05-19 00:00:00+02:00,1605,69,1536,3.584377833835977,2063,89,1974,3.6462799142953415
2019-05-20 00:00:00+02:00,3100,293,2807,4.05637141193185,3082,356,2726,3.119297268651587
2019-05-21 00:00:00+02:00,2965,257,2708,3.256545170806806,3194,360,2834,3.741431257451061
2019-05-22 00:00:00+02:00,3004,341,2663,3.357105696835008,3026,377,2649,2.8894512703679864
2019-05-23 00:00:00+02:00,2611,213,2398,3.431119425417567,2828,398,2430,3.81510086078256
2019-05-24 00:00:00+02:00,3020,280,2740,2.9768563463186495,2967,327,2640,3.4301951744874177
2019-05-25 00:00:00+02:00,3031,171,2860,3.828902871468716,3147,210,2937,3.248551895282062
2019-05-26 00:00:00+02:00,1624,69,1555,3.1128339098274633,2248,74,2174,3.3987705167277302
2019-05-27 00:00:00+02:00,2949,299,2650,3.7558014002798026,3034,327,2707,4.007811243282671
2019-05-28 00:00:00+02:00,3091,286,2805,2.727042200128799,3073,328,2745,3.5939756139574786
2019-05-29 00:00:00+02:00,3087,365,2722,3.649950414854083,2724,257,2467,2.8819328865894422
2019-05-30 00:00:00+02:00,2670,227,2443,3.147267632252178,2972,380,2592,3.360980495791065
2019-05-31 00:00:00+02:00,2922,299,2623,3.6790584392406567,2803,295,2508,3.567536856499672
2019-06-01 00:00:00+02:00,3090,174,2916,2.979538255089105,3118,201,2917,3.102923526823072
2019-06-02 00:00:00+02:00,1637,66,1571,3.2978015232620175,2334,94,2240,2.835834698466441
2019-06-03 00:00:00+02:00,3055,334,2721,3.031678384085485,3135,389,2746,3.2112895898654776
2019-06-04 00:00:00+02:00,3095,265,2830,3.4774033241106905,3206,358,2848,2.9673849338960725
2019-06-05 00:00:00+02:00,3073,389,2684,3.466543763383397,2852,316,2536,3.1332796965898813
2019-06-06 00:00:00+02:00,2980,258,2722,2.9398254672348045,2997,440,2557,3.7029073110179107
2019-06-07 00:00:00+02:00,2926,274,2652,2.808610849302224,2840,319,2521,3.354905589460449
2019-06-08 00:00:00+02:00,3051,201,2850,2.9086903928919643,3190,181,3009,3.0264002161686197
2019-06-09 00:00:00+02:00,1655,65,1590,3.460188115377565,2293,80,2213,3.220576386190555
2019-06-10 00:00:00+02:00,3180,295,2885,3.924141112397691,3151,337,2814,2.7883340757244564
2019-06-11 00:00:00+02:00,3050,260,2790,3.444340124768663,3288,374,2914,2.8633791353482194
2019-06-12 00:00:00+02:00,3065,368,2697,3.4913803462233766,2853,350,2503,3.0211962398985084
2019-06-13 00:00:00+02:00,2738,250,2488,3.4205778729480047,2960,454,2506,4.018590001276075
2019-06-14 00:00:00+02:00,2948,272,2676,3.1269147502564563,2868,283,2585,3.738219858306816
2019-06-15 00:00:00+02:00,3081,199,2882,3.431329605149112,3134,162,2972,2.5828509820875083
2019-06-16 00:00:00+02:00,1763,74,1689,3.0550507417027415,1847,77,1770,2.818835388163511
2019-06-17 00:00:00+02:00,2925,314,2611,4.036144527521258,3040,346,2694,3.1225139967027062
2019-06-18 00:00:00+02:00,2922,255,2667,3.4597862444954592,3187,295,2892,3.515050199795287
2019-06-19 00:00:00+02:00,3028,393,2635,3.002228487371394,2860,330,2530,3.2650496302768954
2019-06-20 00:00:00+02:00,2834,245,2589,3.6953215753694018,3052,440,2612,3.6886963150045227
2019-06-21 00:00:00+02:00,2977,273,2704,3.674373214298219,2903,333,2570,3.151020690085267
2019-06-22 00:00:00+02:00,3068,173,2895,3.460504334155131,3172,176,2996,3.362692074311477
2019-06-23 00:00:00+02:00,1618,66,1552,3.4551842551182896,1809,60,1749,3.1200916860937737
2019-06-24 00:00:00+02:00,3124,310,2814,2.8435516570954804,3021,314,2707,3.229531234562411
2019-06-25 00:00:00+02:00,2745,241,2504,3.366011590713944,3273,362,2911,2.881421315322371
2019-06-26 00:00:00+02:00,3046,351,2695,2.7224075982342346,2705,271,2434,3.271644024919935
2019-06-27 00:00:00+02:00,2865,237,2628,3.162341222992872,2804,417,2387,3.122887899509716
2019-06-28 00:00:00+02:00,2924,296,2628,3.6677813344172265,3055,265,2790,3.874948781231976
2019-06-29 00:00:00+02:00,3091,199,2892,2.88637266772853,3196,181,3015,3.967797394142029
2019-06-30 00:00:00+02:00,1670,61,1609,3.539861847929691,1708,57,1651,3.3030350987183916
2019-07-01 00:00:00+02:00,3011,304,2707,3.4687777598198677,3125,333,2792,3.8724279400894166
2019-07-02 00:00:00+02:00,2876,256,2620,3.5707679965156833,3174,292,2882,2.8955120661529725
2019-07-03 00:00:00+02:00,3056,351,2705,3.504270686720807,3026,322,2704,2.876018560792982
2019-07-04 00:00:00+02:00,2688,205,2483,3.227525298328694,2902,421,2481,3.73102700595156
2019-07-05 00:00:00+02:00,3006,290,2716,3.668418639302835,3086,312,2774,2.9982036661970484
2019-07-06 00:00:00+02:00,2962,183,2779,3.7875947407626196,3109,199,2910,3.775325312271491
2019-07-07 00:00:00+02:00,4729,120,4609,2.8066435687584637,4918,115,4803,3.4183439415868375
2019-07-08 00:00:00+02:00,8101,518,7583,2.823429778327002,8110,531,7579,2.6131922527502747
2019-07-09 00:00:00+02:00,8086,405,7681,3.354277365241373,8399,477,7922,2.7780775572225016
2019-07-10 00:00:00+02:00,8125,586,7539,3.1621112311197797,7588,455,7133,3.178145441557909
2019-07-11 00:00:00+02:00,7974,420,7554,2.4817233481823258,8186,608,7578,3.790976108769817
2019-07-12 00:00:00+02:00,7898,486,7412,3.483126674156227,7870,482,7388,3.3335727260669734
2019-07-13 00:00:00+02:00,8086,325,7761,3.5816106419523033,8491,273,8218,3.4532512111129763
2019-07-14 00:00:00+02:00,4422,98,4324,2.407689896425457,5201,123,5078,2.814197587937832
2019-07-15 00:00:00+02:00,8375,535,7840,3.872681534877818,8307,531,7776,3.829899322851729
2019-07-16 00:00:00+02:00,8133,460,7673,2.7616561456265862,8219,491,7728,3.4187580222282303
2019-07-17 00:00:00+02:00,8314,632,7682,3.101657868947081,7964,523,7441,3.3114960181831083
2019-07-18 00:00:00+02:00,7806,355,7451,2.487854781426402,7776,739,7037,2.8526547271166756
2019-07-19 00:00:00+02:00,8132,513,7619,3.3630143572613265,8005,517,7488,3.525406940780303
2019-07-20 00:00:00+02:00,8093,277,7816,2.786299996753766,8627,326,8301,2.745224259241295
2019-07-21 00:00:00+02:00,4329,99,4230,3.3617442428955653,5955,132,5823,2.4475929078913716
2019-07-22 00:00:00+02:00,8038,502,7536,2.8482714202178805,8155,528,7627,3.475801176461613
2019-07-23 00:00:00+02:00,8064,425,7639,2.667004289967863,8732,502,8230,3.670156328561213
2019-07-24 00:00:00+02:00,8356,637,7719,3.061822533982097,7730,564,7166,2.7131154417804524
2019-07-25 00:00:00+02:00,7812,400,7412,3.6914835200617357,8076,603,7473,3.242415080050479
2019-07-26 00:00:00+02:00,8161,478,7683,2.9818700605252864,8196,421,7775,3.225332912495087
2019-07-27 00:00:00+02:00,8017,326,7691,3.699033722684813,8615,330,8285,3.4732984593010148
2019-07-28 00:00:00+02:00,4697,104,4593,3.3040059341959176,5639,131,5508,2.7704466073144394
2019-07-29 00:00:00+02:00,7962,435,7527,2.7145431357271734,8200,589,7611,3.0224154177004112
2019-07-30 00:00:00+02:00,7885,462,7423,3.248481647135753,8622,562,8060,3.2318748334745213
2019-07-31 00:00:00+02:00,8273,661,7612,3.971296521672143,8276,520,7756,3.3640426116200945
2019-08-01 00:00:00+02:00,7299,378,6921,3.383506439541422,8270,633,7637,3.8130434223386107
2019-08-02 00:00:00+02:00,8343,542,7801,3.8891759131065275,7987,462,7525,3.501902642803782
2019-08-03 00:00:00+02:00,8281,318,7963,3.0009025098088458,8590,309,8281,3.512020789371555
2019-08-04 00:00:00+02:00,4752,123,4629,2.8835916664753136,4945,123,4822,3.5306831140984976
2019-08-05 00:00:00+02:00,8171,486,7685,3.2084273716704046,8591,583,8008,3.0076347386295406
2019-08-06 00:00:00+02:00,8336,482,7854,2.7011672526779513,8350,554,7796,3.918566448251982
2019-08-07 00:00:00+02:00,8103,657,7446,3.7365637037012407,7997,482,7515,3.6504348740271824
2019-08-08 00:00:00+02:00,7452,392,7060,3.1767034389076945,7634,719,6915,2.865619875732744
2019-08-09 00:00:00+02:00,8294,535,7759,3.61433802476859,8322,487,7835,3.7025126195218796
2019-08-10 00:00:00+02:00,7860,289,7571,3.155915059955973,8564,303,8261,2.9495043649256942
2019-08-11 00:00:00+02:00,4750,121,4629,3.3149620791190864,6167,163,6004,2.8052333609874207
2019-08-12 00:00:00+02:00,7830,475,7355,3.657117974348248,8113,615,7498,3.108088644930873
2019-08-13 00:00:00+02:00,7812,413,7399,3.024656988637306,8903,538,8365,3.040096677898623
2019-08-14 00:00:00+02:00,8267,666,7601,3.9720959674739724,7664,547,7117,3.467828059214999
2019-08-15 00:00:00+02:00,8089,385,7704,3.384436957358228,8145,641,7504,3.223765993799684
2019-08-16 00:00:00+02:00,8345,455,7890,3.145737765554223,7757,472,7285,3.9496125454662185
2019-08-17 00:00:00+02:00,7965,270,7695,3.0391666987987804,8456,316,8140,2.732019475338302
2019-08-18 00:00:00+02:00,4384,109,4275,3.7856843784105383,6207,138,6069,3.6753405739959355
2019-08-19 00:00:00+02:00,8278,464,7814,3.4194083312031465,8635,537,8098,3.982455352851068
2019-08-20 00:00:00+02:00,8079,416,7663,3.734561490255825,8689,546,8143,2.78126195804117
2019-08-21 00:00:00+02:00,8337,679,7658,3.3701566721490805,8232,540,7692,2.848948101520937
2019-08-22 00:00:00+02:00,7197,389,6808,3.257655929723276,8326,765,7561,3.2679369272945338
2019-08-23 00:00:00+02:00,8253,510,7743,3.493298192955573,8202,427,7775,2.9079579152540056
2019-08-24 00:00:00+02:00,8098,287,7811,3.4079545294467173,8513,286,8227,2.991831717802966
2019-08-25 00:00:00+02:00,4796,112,4684,2.7393262362112227,5943,127,5816,3.684286142774953
2019-08-26 00:00:00+02:00,8466,478,7988,3.6304212543244048,8597,530,8067,3.089703602701864
2019-08-27 00:00:00+02:00,7935,428,7507,3.8502494283621718,8819,454,8365,3.5717875438303617
2019-08-28 00:00:00+02:00,8220,670,7550,3.4480740454271226,7980,610,7370,2.723849028545259
2019-08-29 00:00:00+02:00,7532,399,7133,2.9867501011908666,8321,677,7644,4.024461148111532
2019-08-30 00:00:00+02:00,2930,312,2618,3.56892048652324,2990,326,2664,2.9643977956602443
2019-08-31 00:00:00+02:00,3076,206,2870,2.5011186672212644,3183,161,3022,2.7850434806948834
2019-09-01 00:00:00+02:00,1632,67,1565,3.436405125607079,2109,69,2040,2.987570383454901
2019-09-02 00:00:00+02:00,2971,290,2681,3.537096213570219,3148,312,2836,3.953277569682597
2019-09-03 00:00:00+02:00,2899,247,2652,3.906681880595467,3251,302,2949,3.138011251407981
2019-09-04 00:00:00+02:00,3036,413,2623,3.6255790247893853,3018,286,2732,2.83636438404148
2019-09-05 00:00:00+02:00,2698,214,2484,3.4236022573253186,2862,458,2404,4.398379109728072
2019-09-06 00:00:00+02:00,2952,276,2676,3.064303710608735,2921,290,2631,3.5405554218842736
2019-09-07 00:00:00+02:00,2907,170,2737,2.657211669570877,3166,201,2965,2.9956713068271927
2019-09-08 00:00:00+02:00,1777,73,1704,2.5536310959392092,2285,86,2199,3.011411134821808
2019-09-09 00:00:00+02:00,2926,277,2649,3.5295538642052118,3106,394,2712,3.4675036931106638
2019-09-10 00:00:00+02:00,2916,245,2671,3.3139698376681093,3049,261,2788,3.43775104983353
2019-09-11 00:00:00+02:00,3071,366,2705,3.6788429526204234,2788,268,2520,3.2662025517547226
2019-09-12 00:00:00+02:00,3036,275,2761,2.738050009662431,2829,344,2485,3.900660313754446
2019-09-13 00:00:00+02:00,3033,287,2746,2.7735837163472508,3050,287,2763,3.7896298223408857
2019-09-14 00:00:00+02:00,2931,193,2738,3.8945478383717127,3153,196,2957,2.7148010293398155
2019-09-15 00:00:00+02:00,1737,69,1668,2.522919683893526,1837,71,1766,2.8046212047548584
2019-09-16 00:00:00+02:00,3030,325,2705,3.3465872217113346,3118,335,2783,3.5997384432739565
2019-09-17 00:00:00+02:00,2761,245,2516,3.2294949716344528,3216,364,2852,3.5260068919214618
2019-09-18 00:00:00+02:00,3064,393,2671,3.836797756369197,3027,348,2679,3.063870796319047
2019-09-19 00:00:00+02:00,2698,208,2490,3.006244618632744,2973,461,2512,4.284567276397862
2019-09-20 00:00:00+02:00,3068,314,2754,4.051544564795743,3058,339,2719,4.001765349792341
2019-09-21 00:00:00+02:00,2904,169,2735,3.209327490856185,3134,172,2962,3.206441437363413
2019-09-22 00:00:00+02:00,1748,75,1673,2.9368687279195225,2209,79,2130,3.0725136438549687
2019-09-23 00:00:00+02:00,2954,304,2650,4.018204159983193,3011,308,2703,2.6160841630441753
2019-09-24 00:00:00+02:00,2811,272,2539,3.065729086691508,3273,282,2991,3.364654810399557
2019-09-25 00:00:00+02:00,3089,424,2665,3.931751915565611,2933,373,2560,3.3328887282194013
2019-09-26 00:00:00+02:00,2654,214,2440,2.7388545175481047,3085,448,2637,3.1432670769236735
2019-09-27 00:00:00+02:00,3079,278,2801,3.0671785402841407,3068,309,2759,3.22188022179941
2019-09-28 00:00:00+02:00,3082,191,2891,3.761030786616639,3112,207,2905,2.828624690775391
2019-09-29 00:00:00+02:00,1772,64,1708,3.0671427201017596,1989,78,1911,2.6775194190365554
2019-09-30 00:00:00+02:00,2968,268,2700,3.6738730630237253,3090,339,2751,2.995113515216671
2019-10-01 00:00:00+02:00,3054,284,2770,4.046234581243803,3177,324,2853,3.2646835493531077
2019-10-02 00:00:00+02:00,3083,410,2673,3.30156127257114,3013,302,2711,3.0275084060234816
2019-10-03 00:00:00+02:00,3022,276,2746,3.016491562034228,2828,384,2444,3.6609570999699246
2019-10-04 00:00:00+02:00,2986,273,2713,2.9470864939588077,2933,257,2676,3.626104040005717
2019-10-05 00:00:00+02:00,2985,203,2782,3.4316058659615427,3118,161,2957,3.206571612966104
2019-10-06 00:00:00+02:00,1775,67,1708,3.3178905819871876,1899,72,1827,3.0873652068507185
2019-10-07 00:00:00+02:00,3163,294,2869,3.551210646046923,3190,315,2875,3.5875634628482658
2019-10-08 00:00:00+02:00,2744,233,2511,2.8844512668740405,3082,301,2781,3.7753488180242436
2019-10-09 00:00:00+02:00,3094,393,2701,3.10581840945506,2739,275,2464,2.814945067713463
2019-10-10 00:00:00+02:00,2821,229,2592,2.762766473171578,2856,433,2423,3.271001739191686
2019-10-11 00:00:00+02:00,2919,296,2623,4.1547373102385095,3017,317,2700,4.040753392783999
2019-10-12 00:00:00+02:00,3088,174,2914,2.5676431120778225,3120,186,2934,2.792295061681788
2019-10-13 00:00:00+02:00,1661,63,1598,3.416927707563821,2094,76,2018,3.7872933652351097
2019-10-14 00:00:00+02:00,3135,304,2831,3.87581145477846,3115,313,2802,3.786738174737352
2019-10-15 00:00:00+02:00,2886,268,2618,3.9376627838073337,3001,273,2728,3.2845193833331665
2019-10-16 00:00:00+02:00,3010,398,2612,4.402511688583793,3028,302,2726,3.221251264405224
2019-10-17 00:00:00+02:00,2951,246,2705,2.6543400994298985,2836,442,2394,3.266223351778655
2019-10-18 00:00:00+02:00,3041,322,2719,3.366072012001031,3051,312,2739,3.364578879531637
2019-10-19 00:00:00+02:00,3069,208,2861,3.376071302595315,3160,180,2980,3.5137774029082975
2019-10-20 00:00:00+02:00,1760,71,1689,3.5330871666850596,2030,72,1958,3.490338564328871
2019-10-21 00:00:00+02:00,2982,323,2659,3.23751131671432,3046,320,2726,3.679216085429723
2019-10-22 00:00:00+02:00,3087,254,2833,3.1504846490882166,3112,309,2803,3.173256793490714
2019-10-23 00:00:00+02:00,6970,664,6306,3.830355961661717,6896,508,6388,3.314652522680007
2019-10-24 00:00:00+02:00,6364,360,6004,2.6513037800382357,6493,634,5859,3.614104870444357
2019-10-25 00:00:00+02:00,6691,423,6268,2.6636102338981713,6642,424,6218,3.7106335385587634
2019-10-26 00:00:00+02:00,6918,283,6635,3.687654320755418,7283,278,7005,2.577580000742649
2019-10-27 00:00:00+02:00,4084,108,3976,3.289000780638038,5297,140,5157,2.516360646299162
2019-10-28 00:00:00+01:00,7059,461,6598,2.884702462656422,7081,509,6572,3.7953795577065295
2019-10-29 00:00:00+01:00,6575,442,6133,3.245403453254772,7343,460,6883,3.817954899577404
2019-10-30 00:00:00+01:00,7032,634,6398,3.7338081805771077,6424,565,5859,3.8167700402318054
2019-10-31 00:00:00+01:00,6726,416,6310,3.457394352627485,6653,609,6044,2.7344485011864537
2019-11-01 00:00:00+01:00,6933,468,6465,3.318458284192292,6895,471,6424,3.3161895532894357
2019-11-02 00:00:00+01:00,6888,298,6590,3.123011838548881,7349,299,7050,3.474573961892171
2019-11-03 00:00:00+01:00,3710,99,3611,3.3524767570568046,4852,115,4737,2.400713630652521
2019-11-04 00:00:00+01:00,7204,520,6684,3.142779160055286,7184,533,6651,4.15619239137886
2019-11-05 00:00:00+01:00,6332,374,5958,3.3430298887742453,7224,567,6657,3.038089490968676
2019-11-06 00:00:00+01:00,6902,651,6251,2.7887373710413756,6958,475,6483,3.7917149794801364
2019-11-07 00:00:00+01:00,7077,444,6633,2.8864639614809677,6806,675,6131,3.9996125978884476
2019-11-08 00:00:00+01:00,3101,293,2808,4.171013062804176,2940,335,2605,4.271454024707763
2019-11-09 00:00:00+01:00,3019,189,2830,3.825840281557012,3159,171,2988,3.497676243666542
2019-11-10 00:00:00+01:00,1756,64,1692,2.924167986118417,2108,82,2026,3.157697680280322
2019-11-11 00:00:00+01:00,3085,297,2788,3.6286813263524116,3191,329,2862,3.097320624231209
2019-11-12 00:00:00+01:00,3006,278,2728,3.1179011645604637,3276,330,2946,3.975067166302746
2019-11-13 00:00:00+01:00,3089,387,2702,3.9739181641398678,2763,286,2477,2.949141694801391
2019-11-14 00:00:00+01:00,3073,266,2807,3.2051508684258043,2874,383,2491,3.166428136340066
2019-11-15 00:00:00+01:00,2988,299,2689,4.154929695868464,3046,294,2752,2.9430622876787247
2019-11-16 00:00:00+01:00,3059,179,2880,3.347277169528222,3201,213,2988,3.9897520747920385
2019-11-17 00:00:00+01:00,1672,65,1607,3.405016523988893,1839,79,1760,2.9727886855623407
2019-11-18 00:00:00+01:00,2926,282,2644,3.598358238224968,3119,303,2816,2.998489829367568
2019-11-19 00:00:00+01:00,2969,245,2724,3.5600776901834537,3039,326,2713,3.308344584686948
2019-11-20 00:00:00+01:00,3035,377,2658,3.7904389378794394,2884,286,2598,3.9661471035801616
2019-11-21 00:00:00+01:00,2618,236,2382,3.0787183021997953,3027,416,2611,3.529983446252273
2019-11-22 00:00:00+01:00,3023,322,2701,3.471664009175542,2897,259,2638,3.420082703210981
2019-11-23 00:00:00+01:00,3047,177,2870,2.764357770372572,3140,209,2931,2.815912641121985
2019-11-24 00:00:00+01:00,1640,59,1581,2.615882207083477,2186,71,2115,2.6724691681906165
2019-11-25 00:00:00+01:00,3013,314,2699,3.937116690470465,3187,366,2821,4.146206156616148
2019-11-26 00:00:00+01:00,2911,282,2629,3.5607879650528482,3040,310,2730,2.709477149644768
2019-11-27 00:00:00+01:00,3033,361,2672,3.612144634892631,3004,365,2639,3.7501040358829667
2019-11-28 00:00:00+01:00,2749,225,2524,2.7552800664466237,2838,453,2385,3.307738471648014
2019-11-29 00:00:00+01:00,3005,278,2727,2.7068378252128293,2903,315,2588,3.7290695802348757
2019-11-30 00:00:00+01:00,3040,173,2867,3.788015729942859,3183,160,3023,3.6258041954019733
2019-12-01 00:00:00+01:00,1691,72,1619,2.556164242501609,1741,67,1674,3.2751452095646023
2019-12-02 00:00:00+01:00,3178,340,2838,2.8574771255481206,3051,294,2757,3.7631685194593176
2019-12-03 00:00:00+01:00,2960,267,2693,3.3728176147343243,3287,291,2996,4.09395031500111
2019-12-04 00:00:00+01:00,3040,366,2674,3.2705233593320577,2944,292,2652,3.5214528812492807
2019-12-05 00:00:00+01:00,2775,226,2549,3.433629373471998,3075,410,2665,3.3026514092895933
2019-12-06 00:00:00+01:00,2908,299,2609,3.3331793795112494,3084,337,2747,3.7793720044190615
2019-12-07 00:00:00+01:00,2922,190,2732,2.9226229738532936,3143,190,2953,3.397963051229746
2019-12-08 00:00:00+01:00,1741,74,1667,2.692349900084886,1951,86,1865,2.4832068617217793
2019-12-09 00:00:00+01:00,2915,302,2613,3.8860605140604685,3058,291,2767,3.0428677080060997
2019-12-10 00:00:00+01:00,2706,265,2441,3.4765629043329747,3056,330,2726,2.630946870098789
2019-12-11 00:00:00+01:00,3019,387,2632,3.0055751117966065,2890,280,2610,3.9630962855117824
2019-12-12 00:00:00+01:00,2851,225,2626,4.076093988654478,3013,412,2601,3.2620631580960113
2019-12-13 00:00:00+01:00,3078,286,2792,3.6051832777053,2858,326,2532,3.7100506942759766
2019-12-14 00:00:00+01:00,2964,181,2783,3.4328389583785195,3107,207,2900,3.145099715169663
2019-12-15 00:00:00+01:00,1773,75,1698,2.4234206124835986,2316,76,2240,2.6602739547216605
2019-12-16 00:00:00+01:00,3185,320,2865,3.8091948614746096,3074,350,2724,3.413515686236412
2019-12-17 00:00:00+01:00,2818,233,2585,2.748304350481756,3164,289,2875,3.020524835090653
2019-12-18 00:00:00+01:00,3001,409,2592,3.960156216378674,2941,299,2642,3.6174713152345697
2019-12-19 00:00:00+01:00,2989,270,2719,4.002989265739795,2836,382,2454,3.299134086348082
2019-12-20 00:00:00+01:00,2964,298,2666,3.936364016101211,2824,272,2552,3.8671077241933083
2019-12-21 00:00:00+01:00,3025,198,2827,2.799793598544435,3142,199,2943,3.7479755380349262
2019-12-22 00:00:00+01:00,1641,61,1580,3.0286870684077845,1916,70,1846,3.1013970626539202
2019-12-23 00:00:00+01:00,3040,282,2758,2.6450939745775526,3076,304,2772,3.831441804015904
2019-12-24 00:00:00+01:00,2956,245,2711,3.722244741213004,3065,335,2730,3.9373727421735816
2019-12-25 00:00:00+01:00,3032,359,2673,3.7693662220910285,2953,317,2636,2.751312326496058
2019-12-26 00:00:00+01:00,2623,207,2416,3.474294118517393,3029,450,2579,3.5588225474107813
2019-12-27 00:00:00+01:00,3045,291,2754,3.563178566558188,2833,322,2511,2.8518367031504597
2019-12-28 00:00:00+01:00,3060,206,2854,2.9648301250051867,3186,207,2979,3.3765086986455253
2019-12-29 00:00:00+01:00,1676,61,1615,2.8228118498564765,1982,72,1910,3.8029317650354333
2019-12-30 00:00:00+01:00,3092,336,2756,3.539142433430127,3020,318,2702,3.2193409434819107
2019-12-31 00:00:00+01:00,2972,258,2714,3.826649583681035,3193,288,2905,3.5607124712981304
2020-01-01 00:00:00+01:00,3076,401,2675,3.5366069019534705,2935,287,2648,3.217980444353782
2020-01-02 00:00:00+01:00,2789,231,2558,3.6089044618192925,3045,416,2629,3.0918668386987593
2020-01-03 00:00:00+01:00,2943,319,2624,2.8400690895001186,2954,269,2685,4.194713090639472
2020-01-04 00:00:00+01:00,3076,207,2869,3.6272785910749934,3145,192,2953,2.6319312607439276
2020-01-05 00:00:00+01:00,1636,67,1569,3.022957688503656,1705,71,1634,3.028815149819674
2020-01-06 00:00:00+01:00,2976,297,2679,2.5723460812156174,3059,357,2702,2.732655341492168
2020-01-07 00:00:00+01:00,2981,296,2685,3.8932657336727297,3058,347,2711,3.3100453854258163
2020-01-08 00:00:00+01:00,3061,403,2658,3.240245139951943,3049,313,2736,3.499092149377004
2020-01-09 00:00:00+01:00,2697,205,2492,3.031542601241872,2872,398,2474,4.047899859152822
2020-01-10 00:00:00+01:00,3094,332,2762,3.4166027924945728,2816,276,2540,2.6737273615488006
2020-01-11 00:00:00+01:00,2971,176,2795,3.1546642344441125,3127,165,2962,2.388431832724136
2020-01-12 00:00:00+01:00,1626,61,1565,3.94190512183444,1963,79,1884,3.4667374842071106
2020-01-13 00:00:00+01:00,2947,318,2629,3.6421077508189748,3167,355,2812,3.4098606376851373
2020-01-14 00:00:00+01:00,2919,240,2679,3.1381374818778536,3165,352,2813,3.876256412415119
2020-01-15 00:00:00+01:00,3079,364,2715,3.3727182553055717,2804,321,2483,3.953851341092897
2020-01-16 00:00:00+01:00,2823,224,2599,3.1970871019555958,2982,397,2585,3.487492592240292
2020-01-17 00:00:00+01:00,3074,302,2772,2.898250384378794,2829,247,2582,3.3496627283727074
2020-01-18 00:00:00+01:00,3094,198,2896,3.6159090163288865,3135,209,2926,3.8013363064233014
2020-01-19 00:00:00+01:00,1680,64,1616,3.0577041177089677,1751,73,1678,3.48116056158202
2020-01-20 00:00:00+01:00,3103,301,2802,2.7471643122085974,3117,310,2807,3.437481153581859
2020-01-21 00:00:00+01:00,2754,247,2507,3.110198883717543,3155,327,2828,2.948674090865293
2020-01-22 00:00:00+01:00,3082,413,2669,3.841076774706637,3076,383,2693,2.896383843167319
2020-01-23 00:00:00+01:00,2859,236,2623,3.974350186434487,2866,384,2482,3.3938164171282583
2020-01-24 00:00:00+01:00,2922,292,2630,3.758601067107941,2819,283,2536,3.7581566067723133
2020-01-25 00:00:00+01:00,3003,191,2812,3.716789269109419,3173,184,2989,2.7839341115239806
2020-01-26 00:00:00+01:00,1708,61,1647,2.83171251521857,1801,70,1731,2.8816817107931656
2020-01-27 00:00:00+01:00,3163,344,2819,4.119767141497726,3149,381,2768,4.073330088596043
2020-01-28 00:00:00+01:00,2856,280,2576,3.156727451754757,3042,318,2724,3.507936320800585
2020-01-29 00:00:00+01:00,3072,408,2664,3.237516432257575,2898,307,2591,3.0802238638505544
2020-01-30 00:00:00+01:00,2715,211,2504,3.8839700831239883,2848,409,2439,4.35860686257002
2020-01-31 00:00:00+01:00,3009,315,2694,3.661937110317048,2999,283,2716,3.3189789008663277
2020-02-01 00:00:00+01:00,3002,174,2828,3.9651914395661425,3185,163,3022,2.853510054215817
2020-02-02 00:00:00+01:00,1628,71,1557,2.933107132877746,2144,76,2068,2.983648381685936
2020-02-03 00:00:00+01:00,2977,312,2665,3.635001433415553,3095,299,2796,3.9635737743322204
2020-02-04 00:00:00+01:00,2974,297,2677,4.029579136793631,3002,274,2728,3.476016962256751
2020-02-05 00:00:00+01:00,3025,372,2653,3.0500127482663353,2942,324,2618,3.1256287262755587
2020-02-06 00:00:00+01:00,2626,214,2412,4.02274130636504,2962,362,2600,2.975472004399195
2020-02-07 00:00:00+01:00,3007,318,2689,2.9268533493808793,2830,280,2550,2.5207436430714933
2020-02-08 00:00:00+01:00,2962,170,2792,3.1611340022523673,3170,173,2997,3.315867075494843
2020-02-09 00:00:00+01:00,1672,64,1608,2.5221254947859775,2091,80,2011,3.0134978885989843
2020-02-10 00:00:00+01:00,2970,289,2681,3.4757041548827896,3111,358,2753,3.657467615155191
2020-02-11 00:00:00+01:00,2910,276,2634,3.482890015139198,3100,289,2811,4.219465517208801
2020-02-12 00:00:00+01:00,7040,610,6430,2.68805998661659,6668,551,6117,3.613038522338147
2020-02-13 00:00:00+01:00,6058,327,5731,3.4067695659321022,6643,652,5991,2.9993534942072406
2020-02-14 00:00:00+01:00,6841,523,6318,3.014063918610574,6825,486,6339,2.734321030616896
2020-02-15 00:00:00+01:00,6786,281,6505,3.0687302277150104,7260,327,6933,3.9390409831301723
2020-02-16 00:00:00+01:00,3820,108,3712,3.681355691303951,4505,118,4387,2.7593275585099475
2020-02-17 00:00:00+01:00,7167,468,6699,4.135768941506825,7077,563,6514,3.4000644836962395
2020-02-18 00:00:00+01:00,6356,419,5937,2.813625342548245,7357,476,6881,3.7323738664803856
2020-02-19 00:00:00+01:00,6938,662,6276,4.0003142853427285,6640,460,6180,3.0370562432827235
2020-02-20 00:00:00+01:00,7083,446,6637,3.9601135995479946,6512,737,5775,3.8725975165877924
2020-02-21 00:00:00+01:00,7049,526,6523,3.5436806772352143,6819,426,6393,2.8553911213503467
2020-02-22 00:00:00+01:00,6745,315,6430,3.5591126692458612,7143,306,6837,3.843666543851096
2020-02-23 00:00:00+01:00,3807,112,3695,2.837514569543402,4793,114,4679,3.522127316763623
2020-02-24 00:00:00+01:00,6884,443,6441,2.689132541014832,7124,608,6516,3.0600482989745865
2020-02-25 00:00:00+01:00,6842,472,6370,3.927814598047769,7328,467,6861,3.3979695930823324
2020-02-26 00:00:00+01:00,6928,638,6290,2.7928608515838973,6943,511,6432,3.7401139047998972
2020-02-27 00:00:00+01:00,6586,419,6167,2.658005046820977,6448,587,5861,2.857502865578305
2020-02-28 00:00:00+01:00,7065,461,6604,2.847940407052596,6806,416,6390,3.6579901525829404
2020-02-29 00:00:00+01:00,2955,166,2789,2.7231737232538764,3152,199,2953,2.6391579866771746
2020-03-01 00:00:00+01:00,3805,104,3701,3.6239254332484983,4953,139,4814,3.276164374998141
2020-03-02 00:00:00+01:00,6935,482,6453,3.292447550720866,7049,476,6573,3.2530661186581384
2020-03-03 00:00:00+01:00,6787,439,6348,3.1840420541323313,7200,561,6639,3.1537832760015565
2020-03-04 00:00:00+01:00,6974,582,6392,3.710281089204319,6768,477,6291,3.063948995463916
2020-03-05 00:00:00+01:00,6629,359,6270,2.511732876602307,6509,565,5944,2.9583518660085395
2020-03-06 00:00:00+01:00,6993,488,6505,3.8407565016197247,7058,518,6540,2.7775458323967794
2020-03-07 00:00:00+01:00,3051,185,2866,3.703058852034855,3108,196,2912,3.8041281604857633
2020-03-08 00:00:00+01:00,1690,66,1624,2.804770683634449,1702,70,1632,3.3925335756765036
2020-03-09 00:00:00+01:00,2979,295,2684,3.44299965756844,3072,376,2696,3.2608298998945933
2020-03-10 00:00:00+01:00,3017,301,2716,2.977969050066306,3105,288,2817,3.861936820593977
2020-03-11 00:00:00+01:00,3005,408,2597,3.9636597417421684,2971,297,2674,4.117257740737326
2020-03-12 00:00:00+01:00,2696,212,2484,3.1083178056259695,3079,404,2675,3.6443886708524023
2020-03-13 00:00:00+01:00,3073,316,2757,3.453457761428907,3033,258,2775,2.735124318756152
2020-03-14 00:00:00+01:00,2980,179,2801,3.931655778391723,3153,179,2974,3.2006673309074327
2020-03-15 00:00:00+01:00,1730,66,1664,3.6574997987768083,1813,71,1742,3.4474423737752313
2020-03-16 00:00:00+01:00,3042,274,2768,3.873014526422713,3147,377,2770,3.6942232623994653
2020-03-17 00:00:00+01:00,2726,268,2458,3.7206396953929346,3248,368,2880,3.8560891874244936
2020-03-18 00:00:00+01:00,3056,401,2655,3.478995941023937,2730,321,2409,3.125820947223162
2020-03-19 00:00:00+01:00,2993,239,2754,3.3637343491392864,3080,502,2578,3.583374503275876
2020-03-20 00:00:00+01:00,3099,322,2777,3.897254329779422,2996,262,2734,3.5737669897027797
2020-03-21 00:00:00+01:00,3046,183,2863,3.3936860479564297,3156,196,2960,2.7625682588474336
2020-03-22 00:00:00+01:00,1741,67,1674,3.022683061196167,2240,73,2167,3.1158324596323212
2020-03-23 00:00:00+01:00,3073,307,2766,3.444579496244714,3133,399,2734,3.686279436391875
2020-03-24 00:00:00+01:00,2929,292,2637,4.272352200312539,3140,271,2869,3.4784614382735617
2020-03-25 00:00:00+01:00,3082,409,2673,3.6324054758123885,2877,329,2548,3.788396595187685
2020-03-26 00:00:00+01:00,2854,253,2601,3.9445857315718884,2887,469,2418,4.175146886464384
2020-03-27 00:00:00+01:00,3094,330,2764,4.246411325642569,2901,319,2582,3.6584648099935766
2020-03-28 00:00:00+01:00,2984,175,2809,2.665991604145095,3128,174,2954,2.703754703644073
2020-03-29 00:00:00+01:00,1665,60,1605,3.456737343206924,2007,70,1937,2.677214174991726
2020-03-30 00:00:00+02:00,3156,309,2847,3.6230801867882487,3171,318,2853,2.8201839158986677
2020-03-31 00:00:00+02:00,2961,267,2694,3.8505860584899665,3059,309,2750,3.6825714397021656
2020-04-01 00:00:00+02:00,3023,340,2683,3.802206632143538,2776,276,2500,3.480181500431455
2020-04-02 00:00:00+02:00,2771,244,2527,2.7732661149962494,2819,445,2374,3.9829922186844704
2020-04-03 00:00:00+02:00,3063,331,2732,4.179145361253608,2844,268,2576,3.7544676321790735
2020-04-04 00:00:00+02:00,2908,186,2722,3.7585400285517903,3120,170,2950,2.4403621816908934
2020-04-05 00:00:00+02:00,1698,61,1637,3.123087027347111,2010,80,1930,3.317190809832389
2020-04-06 00:00:00+02:00,3001,272,2729,3.127583460954574,3131,384,2747,3.8564309581519045
2020-04-07 00:00:00+02:00,2894,258,2636,3.5630763264399223,3027,270,2757,3.813896014420932
2020-04-08 00:00:00+02:00,3014,364,2650,3.24578985801133,2953,353,2600,3.7572685278133995
2020-04-09 00:00:00+02:00,3089,257,2832,3.703767982179577,2904,413,2491,2.5604619820349153
2020-04-10 00:00:00+02:00,2996,295,2701,3.207916692399864,2904,290,2614,3.1390702750199
2020-04-11 00:00:00+02:00,2933,175,2758,3.093637350750428,3135,171,2964,2.6187809244019213
2020-04-12 00:00:00+02:00,1624,65,1559,3.854083215642748,1754,73,1681,3.9287841982324854
2020-04-13 00:00:00+02:00,3066,323,2743,4.3031336485423175,3072,357,2715,3.3393139017075897
2020-04-14 00:00:00+02:00,2929,253,2676,3.048242717031542,3154,293,2861,3.1927511177391423
2020-04-15 00:00:00+02:00,3060,406,2654,4.376008682313956,3052,380,2672,3.242185620745549
2020-04-16 00:00:00+02:00,6325,398,5927,3.7911089173677213,6498,727,5771,3.6166786484926905
2020-04-17 00:00:00+02:00,6095,500,5595,3.2710601087555813,6196,455,5741,3.8708530338670113
2020-04-18 00:00:00+02:00,6199,289,5910,3.7200550819503033,6611,345,6266,2.5651891073729876
2020-04-19 00:00:00+02:00,3482,110,3372,3.2517126744910323,4452,118,4334,3.132286435632034
2020-04-20 00:00:00+02:00,6521,559,5962,3.0202408965940535,6515,621,5894,2.996872542950222
2020-04-21 00:00:00+02:00,6155,448,5707,3.751387699091602,6521,443,6078,3.510289795451786
2020-04-22 00:00:00+02:00,6313,683,5630,3.133415071533653,6389,500,5889,2.5909562218186166
2020-04-23 00:00:00+02:00,6265,446,5819,2.806996627936074,6082,738,5344,3.6884659190391207
2020-04-24 00:00:00+02:00,6184,536,5648,3.526347370025116,6376,496,5880,2.8236474374968585
2020-04-25 00:00:00+02:00,6121,322,5799,3.63980046865459,6688,297,6391,3.3242607271791775
2020-04-26 00:00:00+02:00,3496,108,3388,3.346383597403314,3908,122,3786,3.6341725493563306
2020-04-27 00:00:00+02:00,6288,478,5810,3.7192790538143305,6382,547,5835,3.820765806822469
2020-04-28 00:00:00+02:00,6245,458,5787,3.641852183202529,6300,435,5865,2.8710363534902643
2020-04-29 00:00:00+02:00,6435,695,5740,3.3787382167244266,5755,454,5301,3.9987703187910295
2020-04-30 00:00:00+02:00,6061,405,5656,3.998687589651397,6249,700,5549,2.954917332359794
2020-05-01 00:00:00+02:00,6280,517,5763,3.5722361008779107,6424,441,5983,4.000722322025978
2020-05-02 00:00:00+02:00,6378,329,6049,3.5615244195587232,6637,341,6296,3.1993695724661615
2020-05-03 00:00:00+02:00,3657,128,3529,3.051708833321437,4394,122,4272,3.69297657150629
2020-05-04 00:00:00+02:00,6688,489,6199,4.174155082463878,6322,577,5745,3.479523210107014
2020-05-05 00:00:00+02:00,6443,450,5993,2.8997233054433234,6727,495,6232,3.864252292327927
2020-05-06 00:00:00+02:00,6416,600,5816,3.2018651676984398,5943,456,5487,3.0398434304302677
2020-05-07 00:00:00+02:00,6242,390,5852,3.65180067969658,6221,678,5543,3.4179418082275204
2020-05-08 00:00:00+02:00,6374,547,5827,3.764562313179853,6107,469,5638,2.8380858029916385
2020-05-09 00:00:00+02:00,2990,176,2814,2.7386243606042426,3116,185,2931,3.453711736230341
2020-05-10 00:00:00+02:00,1800,72,1728,3.294887734384148,2121,85,2036,2.7154329976588394
2020-05-11 00:00:00+02:00,2935,265,2670,3.007168197749482,3156,369,2787,4.0860926478399335
2020-05-12 00:00:00+02:00,2880,286,2594,4.305088956181634,3114,351,2763,3.830707391985934
2020-05-13 00:00:00+02:00,3051,346,2705,3.2143073177835704,2969,375,2594,2.7645515208592575
2020-05-14 00:00:00+02:00,2959,252,2707,4.171802066497863,2979,384,2595,3.8597144801564767
2020-05-15 00:00:00+02:00,2901,277,2624,3.4162944945139637,3100,287,2813,3.776090418330448
2020-05-16 00:00:00+02:00,3005,173,2832,3.6974590926114566,3140,163,2977,2.739985124789683
2020-05-17 00:00:00+02:00,1777,74,1703,3.360557507221172,2261,77,2184,3.3300051898464544
2020-05-18 00:00:00+02:00,2992,270,2722,2.9116688824224433,3130,385,2745,3.137618811949032
2020-05-19 00:00:00+02:00,2708,269,2439,3.6352710173732583,3084,301,2783,4.051921086088363
2020-05-20 00:00:00+02:00,3029,363,2666,4.187568272207541,2905,285,2620,2.7840029422969232
2020-05-21 00:00:00+02:00,2809,237,2572,3.8635144997201905,3072,497,2575,3.0143895908242135
2020-05-22 00:00:00+02:00,3022,293,2729,2.7511338395091656,2892,323,2569,3.0825000829511255
2020-05-23 00:00:00+02:00,2920,179,2741,3.118805608773987,3166,174,2992,3.6439156566868793
2020-05-24 00:00:00+02:00,1602,57,1545,3.2377935282071357,2032,72,1960,3.0742662510378134
2020-05-25 00:00:00+02:00,3027,296,2731,3.983975939709883,3064,368,2696,3.780946438092993
2020-05-26 00:00:00+02:00,2896,259,2637,3.227861402961324,3112,338,2774,3.940532728131015
2020-05-27 00:00:00+02:00,3062,391,2671,3.4701039384189745,3074,301,2773,2.793072500568181
2020-05-28 00:00:00+02:00,2894,231,2663,2.725827915827335,2910,366,2544,3.308114915527367
2020-05-29 00:00:00+02:00,2936,289,2647,3.5047147109102945,2991,319,2672,4.0049465957032355
2020-05-30 00:00:00+02:00,3071,182,2889,3.623545905921405,3154,170,2984,3.855027310534996
2020-05-31 00:00:00+02:00,1622,61,1561,3.0271298848748307,2084,71,2013,2.4315818911572507
2020-06-01 00:00:00+02:00,3167,298,2869,3.8186352144746465,3157,358,2799,3.5951143211040524
2020-06-02 00:00:00+02:00,2909,239,2670,3.6202842086168623,3211,361,2850,3.370979602825922
2020-06-03 00:00:00+02:00,3098,393,2705,3.975953837005097,2772,320,2452,3.784693299429148
2020-06-04 00:00:00+02:00,3065,257,2808,3.01199860605519,3028,389,2639,3.259006209131607
2020-06-05 00:00:00+02:00,3080,280,2800,3.7933363142485885,2860,282,2578,3.135059377389004
2020-06-06 00:00:00+02:00,3065,199,2866,3.127172910925102,3109,184,2925,3.9111176097324796
2020-06-07 00:00:00+02:00,1732,74,1658,3.1818853884700458,1808,71,1737,3.58839816759677
2020-06-08 00:00:00+02:00,2934,266,2668,3.391346305372933,3108,342,2766,3.3465352629596343
2020-06-09 00:00:00+02:00,2911,276,2635,3.371075439231683,3001,276,2725,2.996982756756623
2020-06-10 00:00:00+02:00,3099,361,2738,2.660857449561348,2738,318,2420,4.083837691614423
2020-06-11 00:00:00+02:00,2949,234,2715,2.8162773972744777,2809,374,2435,3.7944184174853604
2020-06-12 00:00:00+02:00,3061,281,2780,3.272157917890811,2851,244,2607,2.8379103669205064
2020-06-13 00:00:00+02:00,2916,174,2742,3.276772316538721,3132,189,2943,3.2428645007657413
2020-06-14 00:00:00+02:00,1714,61,1653,2.9086170275007595,2199,92,2107,3.3577172806209266
2020-06-15 00:00:00+02:00,2968,268,2700,3.7545979550233306,3001,310,2691,3.0256951446965474
2020-06-16 00:00:00+02:00,2956,295,2661,3.103919378178742,3127,352,2775,3.5281884714644995
2020-06-17 00:00:00+02:00,3005,340,2665,2.7608469080800777,2832,344,2488,3.9911899146283365
2020-06-18 00:00:00+02:00,3087,264,2823,3.728538257008354,3064,436,2628,3.527366877619779
2020-06-19 00:00:00+02:00,2908,264,2644,4.049911464876014,3077,329,2748,3.2173414643395275
2020-06-20 00:00:00+02:00,3099,194,2905,3.860169015667617,3126,208,2918,3.126415349671159
2020-06-21 00:00:00+02:00,1713,67,1646,2.8889273334429566,1823,74,1749,3.591923813920337
2020-06-22 00:00:00+02:00,3042,297,2745,4.214896839141293,3026,318,2708,3.084528374035475
2020-06-23 00:00:00+02:00,3058,302,2756,3.5510529507501887,3162,273,2889,2.916061513319891
2020-06-24 00:00:00+02:00,3012,383,2629,3.5299351962346237,2857,323,2534,3.5863535974900427
2020-06-25 00:00:00+02:00,2938,253,2685,3.938617122571785,3095,434,2661,4.173489659581111
2020-06-26 00:00:00+02:00,3098,314,2784,3.348069879153002,2910,305,2605,3.77424101153134
2020-06-27 00:00:00+02:00,3043,196,2847,2.7582994725241226,3108,208,2900,3.7938605114864794
2020-06-28 00:00:00+02:00,1794,69,1725,3.5180772875011113,2351,90,2261,2.7692485590456277
2020-06-29 00:00:00+02:00,3025,289,2736,3.6846140402538814,3168,320,2848,3.7617993528267184
2020-06-30 00:00:00+02:00,2993,266,2727,3.1254618893015076,3220,353,2867,3.724228580639375
2020-07-01 00:00:00+02:00,3036,348,2688,4.267369841825652,2982,342,2640,4.011353163037286
2020-07-02 00:00:00+02:00,2984,270,2714,3.3380533080602937,2941,395,2546,2.7451621800522283
2020-07-03 00:00:00+02:00,2946,297,2649,4.0929336186167875,2887,295,2592,3.750906752942653
2020-07-04 00:00:00+02:00,3043,171,2872,3.6493115492934587,3185,191,2994,2.953364575322026
2020-07-05 00:00:00+02:00,1754,68,1686,2.968898624471792,2208,95,2113,2.932632858936868
2020-07-06 00:00:00+02:00,3169,327,2842,3.324923938111619,3079,335,2744,3.2679177233092425
2020-07-07 00:00:00+02:00,7498,372,7126,3.7603751273437434,8811,588,8223,2.7448018942192554
2020-07-08 00:00:00+02:00,8166,555,7611,3.8745317053974007,7550,540,7010,2.950939213976756
2020-07-09 00:00:00+02:00,7665,365,7300,3.0733337015630062,8251,693,7558,3.697667703743652
2020-07-10 00:00:00+02:00,7959,475,7484,3.345253990402716,7896,540,7356,3.024186940272042
2020-07-11 00:00:00+02:00,8199,332,7867,2.9807307061915815,8544,334,8210,2.5749776042310537
2020-07-12 00:00:00+02:00,4604,114,4490,2.577576193590113,4747,108,4639,3.3378283524447077
2020-07-13 00:00:00+02:00,8532,500,8032,3.142283280962807,8305,566,7739,2.957773604283149
2020-07-14 00:00:00+02:00,8223,439,7784,3.567042317977618,8584,453,8131,2.8854464513740994
2020-07-15 00:00:00+02:00,8303,562,7741,3.597605459044307,7338,511,6827,3.2650216531197778
2020-07-16 00:00:00+02:00,8127,407,7720,3.4789229298298245,7783,747,7036,3.596883658675121
2020-07-17 00:00:00+02:00,8195,506,7689,2.8628869011573848,7665,419,7246,3.621338785157602
2020-07-18 00:00:00+02:00,7886,271,7615,3.262412106571026,8473,278,8195,3.1694313059026236
2020-07-19 00:00:00+02:00,4463,100,4363,3.7716627984017608,5915,143,5772,3.0234818238089027
2020-07-20 00:00:00+02:00,7894,517,7377,3.250221894843118,8630,631,7999,2.7862684243561673
2020-07-21 00:00:00+02:00,8124,463,7661,2.9912048562849973,8136,472,7664,3.784303946033169
2020-07-22 00:00:00+02:00,8181,656,7525,2.811259169604937,7366,480,6886,3.182455491841847
2020-07-23 00:00:00+02:00,7999,363,7636,2.987117191883003,8308,708,7600,3.9695326837895997
2020-07-24 00:00:00+02:00,8282,480,7802,2.5318010444214654,8029,440,7589,3.178690745758511
2020-07-25 00:00:00+02:00,7962,316,7646,2.5934495836395417,8507,271,8236,3.7656592932187176
2020-07-26 00:00:00+02:00,4767,122,4645,3.266254999673297,5039,133,4906,2.645664760082629
2020-07-27 00:00:00+02:00,8584,477,8107,2.7344839181127356,8402,566,7836,3.461717162993335
2020-07-28 00:00:00+02:00,7303,366,6937,3.4552665777052702,8244,471,7773,4.044205356664932
2020-07-29 00:00:00+02:00,8158,612,7546,3.2654603450128756,8186,555,7631,2.9041335183631163
2020-07-30 00:00:00+02:00,8149,394,7755,3.6558633355495878,8121,731,7390,2.6276930946346693
2020-07-31 00:00:00+02:00,8363,498,7865,2.8797576999628367,8213,564,7649,3.8589034376232147
2020-08-01 00:00:00+02:00,8351,314,8037,3.866094329117143,8454,306,8148,2.979278897285583
2020-08-02 00:00:00+02:00,4637,117,4520,3.0315750820044154,5415,111,5304,3.158034288510195
2020-08-03 00:00:00+02:00,7888,432,7456,3.2597729137247495,8384,627,7757,3.4495718457880784
2020-08-04 00:00:00+02:00,7730,430,7300,2.732128577971946,8416,505,7911,3.0422917676926655
2020-08-05 00:00:00+02:00,8301,581,7720,3.2229973837513706,8081,486,7595,3.764073764133601
2020-08-06 00:00:00+02:00,8035,432,7603,3.203819002273697,7815,726,7089,3.051353301953067
2020-08-07 00:00:00+02:00,8096,524,7572,3.90904217943277,7594,469,7125,3.3910186159072713
2020-08-08 00:00:00+02:00,8297,285,8012,2.679314823020439,8532,256,8276,2.932669570552575
2020-08-09 00:00:00+02:00,4702,106,4596,2.6469798858866853,6053,127,5926,3.4500206376900335
2020-08-10 00:00:00+02:00,8603,472,8131,3.3039343016185154,8205,560,7645,2.749436638123948
2020-08-11 00:00:00+02:00,7787,459,7328,3.6514438313242463,8159,478,7681,3.7861080000657563
2020-08-12 00:00:00+02:00,8283,623,7660,3.9316016304084065,7343,546,6797,4.043949134374688
2020-08-13 00:00:00+02:00,7573,373,7200,2.985654137921084,8098,686,7412,4.065887140730776
2020-08-14 00:00:00+02:00,7991,525,7466,3.24542305868562,8223,454,7769,3.032043219503271
2020-08-15 00:00:00+02:00,8175,278,7897,3.6032505951112537,8478,281,8197,3.1067398263065322
2020-08-16 00:00:00+02:00,4661,114,4547,2.706624449217467,5417,123,5294,3.6192454932532665
2020-08-17 00:00:00+02:00,8112,486,7626,2.9749971946290623,8464,497,7967,3.0818636728957602
2020-08-18 00:00:00+02:00,8335,430,7905,2.626444932426828,8598,565,8033,2.5718198934299576
2020-08-19 00:00:00+02:00,8207,585,7622,3.650085520810085,8150,537,7613,3.6178517541911193
2020-08-20 00:00:00+02:00,7705,349,7356,2.9252731973565047,8025,707,7318,3.227656078611451
2020-08-21 00:00:00+02:00,8119,491,7628,3.2560674733845993,8219,463,7756,2.9460377263333486
2020-08-22 00:00:00+02:00,8160,328,7832,2.894176973871109,8412,287,8125,3.253412204353368
2020-08-23 00:00:00+02:00,4745,105,4640,3.227271648309779,5308,123,5185,3.110758173653529
2020-08-24 00:00:00+02:00,8421,527,7894,3.7372090076776465,8464,550,7914,3.903847170736247
2020-08-25 00:00:00+02:00,7781,434,7347,3.3606533504722753,8567,472,8095,3.6950541220684214
2020-08-26 00:00:00+02:00,8331,665,7666,3.6181891282411405,7717,476,7241,2.6901485594314583
2020-08-27 00:00:00+02:00,7880,376,7504,3.552138775584529,7937,694,7243,3.780394981115135
2020-08-28 00:00:00+02:00,7917,455,7462,3.1531704130591116,7746,511,7235,3.3610752302009286
2020-08-29 00:00:00+02:00,7996,275,7721,3.7540676480754893,8448,338,8110,2.602928771225162
2020-08-30 00:00:00+02:00,1652,61,1591,3.5488849610880555,2363,96,2267,3.4644352271513372
2020-08-31 00:00:00+02:00,3061,285,2776,3.6774910977072293,3080,311,2769,3.1720534469699326
2020-09-01 00:00:00+02:00,2823,269,2554,3.319482779019427,3104,308,2796,3.2919920232267477
2020-09-02 00:00:00+02:00,3052,360,2692,2.7929011912624806,2846,288,2558,3.192229466312159
2020-09-03 00:00:00+02:00,3098,244,2854,2.9614690321087873,2896,410,2486,3.6121400501758854
2020-09-04 00:00:00+02:00,2905,287,2618,4.038322205957314,2822,287,2535,3.9065602280633884
2020-09-05 00:00:00+02:00,3066,209,2857,3.3463078066966787,3110,158,2952,3.604919532124384
2020-09-06 00:00:00+02:00,1606,58,1548,3.8340490446954445,1772,64,1708,2.9085519985189667
2020-09-07 00:00:00+02:00,3006,293,2713,3.947032922920608,3185,386,2799,4.390228139752485
2020-09-08 00:00:00+02:00,2782,234,2548,3.327876508054341,3007,302,2705,3.3401800983546788
2020-09-09 00:00:00+02:00,3034,415,2619,3.4815425420764066,2865,321,2544,2.6803117826688982
2020-09-10 00:00:00+02:00,2629,233,2396,3.0008327449187018,2915,399,2516,3.7563739763361266
2020-09-11 00:00:00+02:00,3020,305,2715,3.065367886769006,2808,297,2511,3.758621915104766
2020-09-12 00:00:00+02:00,3037,177,2860,2.6805900519441854,3176,202,2974,2.8365612636397026
2020-09-13 00:00:00+02:00,1653,62,1591,3.0375715451430767,1767,58,1709,3.509853027652643
2020-09-14 00:00:00+02:00,3090,280,2810,2.5611532932190335,3002,348,2654,3.028832421920973
2020-09-15 00:00:00+02:00,3095,272,2823,3.186854659827159,3168,274,2894,2.819237707851159
2020-09-16 00:00:00+02:00,3029,413,2616,3.257166713917234,2965,321,2644,3.8183862391225247
2020-09-17 00:00:00+02:00,3015,265,2750,2.748385386899288,2807,425,2382,3.6507893175772925
2020-09-18 00:00:00+02:00,2908,280,2628,3.3981148180140974,2985,262,2723,3.9462778258219684
2020-09-19 00:00:00+02:00,2995,190,2805,4.004645029856949,3191,162,3029,2.7929048023733047
2020-09-20 00:00:00+02:00,1685,65,1620,3.0402227731766334,1912,76,1836,3.0933283199340598
2020-09-21 00:00:00+02:00,3053,297,2756,3.929798590420509,3167,306,2861,2.8345671822471883
2020-09-22 00:00:00+02:00,2792,234,2558,2.8397620008775566,3152,317,2835,3.372685444903824
2020-09-23 00:00:00+02:00,3007,403,2604,3.635577077558832,2889,306,2583,3.483543936315384
2020-09-24 00:00:00+02:00,3069,237,2832,2.9204846108676965,2851,446,2405,3.241086901509978
2020-09-25 00:00:00+02:00,2943,296,2647,3.7957631362926607,2891,307,2584,3.157414642972091
2020-09-26 00:00:00+02:00,2912,172,2740,3.251992110287645,3135,196,2939,3.5559072366785447
2020-09-27 00:00:00+02:00,1695,72,1623,3.182146577086884,2059,75,1984,3.7931603239863514
2020-09-28 00:00:00+02:00,3014,297,2717,3.260103485309793,3003,311,2692,2.7554332600986715
2020-09-29 00:00:00+02:00,3030,252,2778,3.188867911398865,3127,308,2819,2.8652535107712307
2020-09-30 00:00:00+02:00,3023,390,2633,3.9031378540948243,2833,294,2539,3.2864267185587535
2020-10-01 00:00:00+02:00,2683,231,2452,2.875898401240977,3042,465,2577,2.9244833431238213
2020-10-02 00:00:00+02:00,3054,276,2778,2.4853087895036645,2955,253,2702,3.563522974273985
2020-10-03 00:00:00+02:00,3009,202,2807,4.133291362571861,3128,186,2942,2.7167229901254992
2020-10-04 00:00:00+02:00,1741,73,1668,2.5124180567394823,1776,75,1701,3.463472395855519
2020-10-05 00:00:00+02:00,3058,320,2738,3.284480830160114,3094,374,2720,3.67426065429485
2020-10-06 00:00:00+02:00,3045,292,2753,3.4440438318332283,3142,327,2815,3.302105522122068
2020-10-07 00:00:00+02:00,3000,407,2593,3.8479882477224825,2838,295,2543,4.167664050982842
2020-10-08 00:00:00+02:00,2822,256,2566,3.3056864117716813,3025,440,2585,2.881991714687777
2020-10-09 00:00:00+02:00,3028,276,2752,3.085125351031441,3072,341,2731,3.9799754631050863
2020-10-10 00:00:00+02:00,3075,180,2895,3.161655223771186,3165,199,2966,2.7979307741317543
2020-10-11 00:00:00+02:00,1755,73,1682,3.1915692092375973,2098,81,2017,2.5411873041431847
2020-10-12 00:00:00+02:00,3064,287,2777,2.6063864822024776,3087,326,2761,3.2718823811037985
2020-10-13 00:00:00+02:00,2726,234,2492,3.9178421587689916,3183,328,2855,4.246406445172638
2020-10-14 00:00:00+02:00,3064,363,2701,3.7280448690418506,2888,328,2560,2.787241505751012
2020-10-15 00:00:00+02:00,2618,229,2389,3.7916217035357334,3079,441,2638,3.499467342597753
2020-10-16 00:00:00+02:00,2982,288,2694,3.755624543115709,3026,339,2687,3.7827846157257414
2020-10-17 00:00:00+02:00,3056,208,2848,3.3516840028907615,3104,188,2916,3.89500820564363
2020-10-18 00:00:00+02:00,1684,69,1615,2.4614270853383626,2213,97,2116,3.0938060653611332
2020-10-19 00:00:00+02:00,3127,313,2814,2.765819247048825,3108,340,2768,3.624456541364993
2020-10-20 00:00:00+02:00,2704,222,2482,3.5222175604818995,3174,314,2860,3.565848293596892
2020-10-21 00:00:00+02:00,3016,375,2641,3.4469383212062,3057,346,2711,3.2965945027172756
2020-10-22 00:00:00+02:00,2949,255,2694,3.4684802970172894,2865,436,2429,4.190275997465016
2020-10-23 00:00:00+02:00,7020,464,6556,3.4964266202470897,7124,471,6653,3.643113971940611
2020-10-24 00:00:00+02:00,6962,322,6640,2.7658914945481525,7299,262,7037,3.458513570487132
2020-10-25 00:00:00+02:00,3893,119,3774,2.990200038811123,4535,138,4397,3.2027354453789387
2020-10-26 00:00:00+01:00,7299,559,6740,3.7527723674652087,7226,615,6611,3.1790133970908214
2020-10-27 00:00:00+01:00,6583,414,6169,3.3715704585451705,7336,541,6795,3.0057832914233757
2020-10-28 00:00:00+01:00,7043,624,6419,3.2600092164176755,7087,543,6544,2.8956350445604033
2020-10-29 00:00:00+01:00,6434,408,6026,3.2581291475802496,7130,657,6473,3.0041273244680418
2020-10-30 00:00:00+01:00,7091,508,6583,3.7826467439763207,6680,428,6252,2.65145835469634
2020-10-31 00:00:00+01:00,7049,330,6719,3.3757680910956034,7314,277,7037,3.8287296958536126
2020-11-01 00:00:00+01:00,4056,121,3935,2.6964119727904214,3924,97,3827,2.7236358008623713
2020-11-02 00:00:00+01:00,7272,493,6779,3.865457044176995,7311,541,6770,2.8902993001651223
2020-11-03 00:00:00+01:00,6487,381,6106,3.6655139273019266,6971,508,6463,3.768923282230083
2020-11-04 00:00:00+01:00,7044,661,6383,3.670979228984888,6232,511,5721,3.8029113472910803
2020-11-05 00:00:00+01:00,7011,383,6628,3.6375345009528175,6528,633,5895,2.856893632607231
2020-11-06 00:00:00+01:00,6698,505,6193,3.373342753240301,6681,438,6243,3.0499560424298897
2020-11-07 00:00:00+01:00,6727,267,6460,3.5715336310335704,7286,334,6952,3.1418894507188764
2020-11-08 00:00:00+01:00,1667,69,1598,3.016725521665328,2055,76,1979,3.2095992964248774
2020-11-09 00:00:00+01:00,3094,322,2772,3.2605286932328803,3048,386,2662,4.154233234848275
2020-11-10 00:00:00+01:00,2966,290,2676,2.92320593803678,3223,315,2908,3.2502004379476066
2020-11-11 00:00:00+01:00,3091,402,2689,3.787104165380591,3068,372,2696,3.7053156952970343
2020-11-12 00:00:00+01:00,2908,266,2642,3.505548255902567,2980,485,2495,3.968753103460323
2020-11-13 00:00:00+01:00,3016,322,2694,3.9548123504637642,2858,274,2584,4.047651411439035
2020-11-14 00:00:00+01:00,2928,184,2744,2.68214488866995,3129,188,2941,3.853478661595498
2020-11-15 00:00:00+01:00,1607,66,1541,3.6311891913628105,2319,89,2230,2.7502682023503766
2020-11-16 00:00:00+01:00,3176,341,2835,2.763433371756397,3163,341,2822,4.097148842584242
2020-11-17 00:00:00+01:00,2888,250,2638,3.133044438457964,3047,313,2734,2.8190564245499
2020-11-18 00:00:00+01:00,3034,350,2684,2.826913104105318,3100,312,2788,3.17731898691016
2020-11-19 00:00:00+01:00,2838,218,2620,2.872490915225739,3017,460,2557,2.8316938379883
2020-11-20 00:00:00+01:00,2918,311,2607,3.155743150389522,2899,315,2584,3.3214496640185542
2020-11-21 00:00:00+01:00,2982,179,2803,2.964939871865084,3155,159,2996,2.922188940646883
2020-11-22 00:00:00+01:00,1683,61,1622,3.284513217718855,1827,67,1760,3.6866438135658384
2020-11-23 00:00:00+01:00,3065,333,2732,2.8742644411010994,3034,371,2663,2.757788215689852
2020-11-24 00:00:00+01:00,3057,293,2764,2.7297786719665402,3268,365,2903,3.507335232233041
2020-11-25 00:00:00+01:00,3058,362,2696,3.159856221940335,3026,288,2738,2.933436011187085
2020-11-26 00:00:00+01:00,2951,226,2725,3.0270919061203885,3013,438,2575,2.8978560663172366
2020-11-27 00:00:00+01:00,3065,328,2737,2.7232811277149893,2890,258,2632,3.791385805652801
2020-11-28 00:00:00+01:00,3031,174,2857,2.541030556458896,3129,163,2966,3.225706770892531
2020-11-29 00:00:00+01:00,1723,74,1649,3.875232870626972,1859,68,1791,3.8230155894804203
2020-11-30 00:00:00+01:00,3153,320,2833,3.937037938039606,3045,304,2741,2.882657567917624
2020-12-01 00:00:00+01:00,2720,246,2474,3.124585321975171,3158,297,2861,2.955076458924499
2020-12-02 00:00:00+01:00,3052,363,2689,4.337315666403099,2817,318,2499,2.871425548172927
2020-12-03 00:00:00+01:00,2771,249,2522,3.603309262138864,2878,352,2526,3.2453051998768006
2020-12-04 00:00:00+01:00,2975,320,2655,3.708006429319624,2998,256,2742,3.947752422304978
2020-12-05 00:00:00+01:00,3098,203,2895,3.0041874695171553,3163,164,2999,2.932215457552688
2020-12-06 00:00:00+01:00,1648,60,1588,3.629888420879624,1786,78,1708,3.383053689997105
2020-12-07 00:00:00+01:00,2984,273,2711,3.4111084647901855,3199,408,2791,2.9410445132179546
2020-12-08 00:00:00+01:00,2766,232,2534,3.7818041807480456,3263,288,2975,3.808917256586065
2020-12-09 00:00:00+01:00,3072,395,2677,3.6492655229864432,2902,311,2591,3.3198227960427595
2020-12-10 00:00:00+01:00,2640,230,2410,3.315087573480492,2913,458,2455,4.451163025929598
2020-12-11 00:00:00+01:00,3087,283,2804,3.371279426709747,2980,275,2705,3.2388160668118005
2020-12-12 00:00:00+01:00,3032,192,2840,3.153915950657403,3108,167,2941,2.7051145337028726
2020-12-13 00:00:00+01:00,1780,73,1707,2.8796685879543857,2118,77,2041,3.6554076433258955
2020-12-14 00:00:00+01:00,3006,289,2717,3.472432664579741,3175,366,2809,4.127803192888563
2020-12-15 00:00:00+01:00,2875,236,2639,2.994987142610934,3087,279,2808,3.9247320436223085
2020-12-16 00:00:00+01:00,3033,405,2628,3.1131681629884795,2998,351,2647,2.797597515121792
2020-12-17 00:00:00+01:00,2708,225,2483,3.897931560908555,2923,373,2550,3.3619473865068232
2020-12-18 00:00:00+01:00,2959,301,2658,3.945987775694114,3092,349,2743,3.937265364118736
2020-12-19 00:00:00+01:00,2959,200,2759,3.7797227735313297,3155,197,2958,3.2689573477279628
2020-12-20 00:00:00+01:00,1644,70,1574,2.4326690204766668,2295,89,2206,2.6361235834258103
2020-12-21 00:00:00+01:00,3062,300,2762,3.937569430896148,3111,342,2769,4.331345227529917
2020-12-22 00:00:00+01:00,2774,257,2517,2.5346402515499933,3258,280,2978,2.6755685760904004
2020-12-23 00:00:00+01:00,3068,351,2717,3.986839388755239,2903,360,2543,2.8709594929594147
2020-12-24 00:00:00+01:00,2896,228,2668,2.7485120034883574,2899,417,2482,3.3534288707455926
2020-12-25 00:00:00+01:00,2956,318,2638,3.5431212844712126,3083,274,2809,3.6133231231344127
2020-12-26 00:00:00+01:00,3079,187,2892,2.7234172734325313,3139,194,2945,3.4756146586229293
2020-12-27 00:00:00+01:00,1662,70,1592,3.219656580008271,2374,103,2271,2.710146476436963
2020-12-28 00:00:00+01:00,3187,329,2858,3.8021248673120733,3156,302,2854,3.650526914692691
2020-12-29 00:00:00+01:00,2850,234,2616,3.3956700538397846,3157,330,2827,4.049248203472957
2020-12-30 00:00:00+01:00,3032,376,2656,3.1512209725365454,2770,329,2441,2.964678388721002
2020-12-31 00:00:00+01:00,2863,251,2612,4.12792267746076,3098,448,2650,3.304021205395711
