ts,avg_nb_vehicules_in_per_hour,nb_trucks_in,nb_cars_in,avg_waiting_in,avg_nb_vehicules_out_per_hour,nb_trucks_out,nb_cars_out,avg_waiting_out
2020-01-01 00:00:00+01:00,38,4,34,7.590795833711637,34,3,31,11.019687492562438
2020-01-01 01:00:00+01:00,25,3,22,4.851536786659508,25,2,23,4.851536786659508
2020-01-01 02:00:00+01:00,25,2,23,4.851536786659508,25,2,23,4.851536786659508
2020-01-01 03:00:00+01:00,38,4,34,7.590795833711637,34,3,31,11.019687492562438
2020-01-01 04:00:00+01:00,63,7,56,13.630126271531418,62,6,56,12.779859753427614
2020-01-01 05:00:00+01:00,114,13,101,17.516346710171707,112,12,100,16.537505199847164
2020-01-01 06:00:00+01:00,140,19,121,17.88117043007633,141,14,127,16.082921323202
2020-01-01 07:00:00+01:00,214,24,190,24.48806340301503,203,19,184,21.5050173548228
2020-01-01 08:00:00+01:00,226,28,198,20.105295377891462,220,27,193,18.729640796362187
2020-01-01 09:00:00+01:00,153,19,134,18.89706115395996,139,16,123,21.474746575274906
2020-01-01 10:00:00+01:00,126,17,109,16.250667590352332,123,13,110,15.262138605096247
2020-01-01 11:00:00+01:00,153,18,135,18.89706115395996,139,16,123,21.474746575274906
2020-01-01 12:00:00+01:00,126,17,109,16.250667590352332,123,13,110,15.262138605096247
2020-01-01 13:00:00+01:00,127,15,112,19.95892802947898,120,14,106,10.291257377501918
2020-01-01 14:00:00+01:00,127,16,111,19.95892802947898,120,14,106,10.291257377501918
2020-01-01 15:00:00+01:00,140,18,122,17.88117043007633,141,14,127,16.082921323202
2020-01-01 16:00:00+01:00,151,17,134,19.198981193831877,149,16,133,18.476483571588744
2020-01-01 17:00:00+01:00,217,26,191,20.47500927792046,213,24,189,16.70464389525102
2020-01-01 18:00:00+01:00,232,26,206,24.606618615768106,205,22,183,18.29833304368066
2020-01-01 19:00:00+01:00,167,22,145,16.493575022686013,154,14,140,25.102227050596255
2020-01-01 20:00:00+01:00,167,21,146,16.493575022686013,154,14,140,25.102227050596255
2020-01-01 21:00:00+01:00,129,16,113,12.321757402623772,125,13,112,14.698947587184879
2020-01-01 22:00:00+01:00,89,11,78,16.127888447212325,79,9,70,16.621554061874914
2020-01-01 23:00:00+01:00,63,8,55,13.630126271531418,62,6,56,12.779859753427614
2020-01-02 00:00:00+01:00,35,2,33,7.122002820118646,36,5,31,3.0873599992209124
2020-01-02 01:00:00+01:00,23,1,22,0.4122417358964417,25,3,22,1.1875344360364632
2020-01-02 02:00:00+01:00,25,2,23,1.1875344360364632,25,3,22,1.1875344360364632
2020-01-02 03:00:00+01:00,37,3,34,2.066086063070793,38,5,33,11.101073107969722
2020-01-02 04:00:00+01:00,59,5,54,10.572210467564378,58,7,51,10.505136369992313
2020-01-02 05:00:00+01:00,106,9,97,12.94750706735717,114,18,96,18.09348958441383
2020-01-02 06:00:00+01:00,124,11,113,17.53992981591413,129,19,110,17.995114557081255
2020-01-02 07:00:00+01:00,195,14,181,23.83440770251287,216,27,189,21.273439412003903
2020-01-02 08:00:00+01:00,212,19,193,18.597605283865732,231,33,198,16.702836426900134
2020-01-02 09:00:00+01:00,140,10,130,15.331768592489755,140,20,120,15.331768592489755
2020-01-02 10:00:00+01:00,109,9,100,14.645038576883659,117,15,102,21.891304075969387
2020-01-02 11:00:00+01:00,150,12,138,17.939622434692456,153,18,135,14.915022999208679
2020-01-02 12:00:00+01:00,115,8,107,27.52702584121565,121,19,102,20.317620945183666
2020-01-02 13:00:00+01:00,122,9,113,20.245567873519157,128,19,109,19.601953989978306
2020-01-02 14:00:00+01:00,114,8,106,18.09348958441383,121,19,102,20.317620945183666
2020-01-02 15:00:00+01:00,134,10,124,14.701306049248211,135,21,114,21.280002906629502
2020-01-02 16:00:00+01:00,149,11,138,20.003285796587473,153,18,135,14.915022999208679
2020-01-02 17:00:00+01:00,196,15,181,20.04912381427717,216,27,189,21.273439412003903
2020-01-02 18:00:00+01:00,212,19,193,18.597605283865732,231,33,198,16.702836426900134
2020-01-02 19:00:00+01:00,152,11,141,20.188330220444417,162,21,141,19.08849102929865
2020-01-02 20:00:00+01:00,165,13,152,20.56038540292619,160,24,136,19.89239402952506
2020-01-02 21:00:00+01:00,127,10,117,19.116953333289125,117,15,102,21.891304075969387
2020-01-02 22:00:00+01:00,87,7,80,17.896548892855574,85,10,75,19.289671453475872
2020-01-02 23:00:00+01:00,56,4,52,10.152150256689218,64,8,56,14.414592943793718
2020-01-03 00:00:00+01:00,38,3,35,11.101073107969722,38,4,34,11.101073107969722
2020-01-03 01:00:00+01:00,25,2,23,1.1875344360364632,25,2,23,1.1875344360364632
2020-01-03 02:00:00+01:00,25,2,23,1.1875344360364632,25,2,23,1.1875344360364632
2020-01-03 03:00:00+01:00,37,3,34,2.066086063070793,38,4,34,11.101073107969722
2020-01-03 04:00:00+01:00,63,6,57,14.929801273937542,58,5,53,10.505136369992313
2020-01-03 05:00:00+01:00,113,12,101,20.093188266697116,113,11,102,20.093188266697116
2020-01-03 06:00:00+01:00,140,13,127,15.331768592489755,129,13,116,17.995114557081255
2020-01-03 07:00:00+01:00,210,19,191,16.3212742992447,212,18,194,18.597605283865732
2020-01-03 08:00:00+01:00,228,23,205,15.818609956751573,211,19,192,18.759232281731908
2020-01-03 09:00:00+01:00,147,14,133,20.208056467665056,153,13,140,14.915022999208679
2020-01-03 10:00:00+01:00,124,11,113,17.53992981591413,117,12,105,21.891304075969387
2020-01-03 11:00:00+01:00,153,15,138,14.915022999208679,148,13,135,18.058884943386857
2020-01-03 12:00:00+01:00,129,13,116,17.995114557081255,123,10,113,19.074654696202938
2020-01-03 13:00:00+01:00,124,12,112,17.53992981591413,117,12,105,21.891304075969387
2020-01-03 14:00:00+01:00,128,12,116,19.601953989978306,123,10,113,19.074654696202938
2020-01-03 15:00:00+01:00,136,14,122,16.594078125250377,138,14,124,20.21600799483387
2020-01-03 16:00:00+01:00,145,14,131,18.85528596371164,154,15,139,23.457384968254527
2020-01-03 17:00:00+01:00,207,22,185,21.877297854955202,202,19,183,22.500350864850866
2020-01-03 18:00:00+01:00,218,21,197,22.57742359713229,227,25,202,19.269071808142694
2020-01-03 19:00:00+01:00,158,15,143,21.67102174389251,159,15,144,17.78748005044877
2020-01-03 20:00:00+01:00,160,14,146,19.89239402952506,159,13,146,17.78748005044877
2020-01-03 21:00:00+01:00,123,11,112,19.074654696202938,123,12,111,19.074654696202938
2020-01-03 22:00:00+01:00,86,8,78,21.204994436842384,85,7,78,19.289671453475872
2020-01-03 23:00:00+01:00,61,6,55,12.362973378192347,58,5,53,10.505136369992313
2020-01-04 00:00:00+01:00,37,2,35,3.5125252112896685,39,2,37,6.913338666308079
2020-01-04 01:00:00+01:00,24,1,23,0.16633697306049489,26,1,25,0.13434729751860394
2020-01-04 02:00:00+01:00,25,1,24,0.10677168789919293,26,1,25,0.13434729751860394
2020-01-04 03:00:00+01:00,38,2,36,5.960450042509954,39,2,37,6.913338666308079
2020-01-04 04:00:00+01:00,48,3,45,9.964553643509852,52,2,50,14.472017643602554
2020-01-04 05:00:00+01:00,62,4,58,14.019247608895405,65,4,61,10.13470849860639
2020-01-04 06:00:00+01:00,101,6,95,14.022694861996197,105,6,99,16.343560716114418
2020-01-04 07:00:00+01:00,147,9,138,16.306492316544293,159,10,149,19.89258263570152
2020-01-04 08:00:00+01:00,206,11,195,20.90053052788098,208,12,196,18.807092053665322
2020-01-04 09:00:00+01:00,213,14,199,20.238518600536185,223,14,209,18.802339292525456
2020-01-04 10:00:00+01:00,187,12,175,15.611538170802525,198,12,186,20.173795644408123
2020-01-04 11:00:00+01:00,152,10,142,18.686880121910534,155,8,147,18.708796369633056
2020-01-04 12:00:00+01:00,145,8,137,19.922746131926434,158,8,150,19.40470350916573
2020-01-04 13:00:00+01:00,167,9,158,19.047083059371815,172,10,162,18.863206387348974
2020-01-04 14:00:00+01:00,154,8,146,19.868163821621103,155,8,147,18.708796369633056
2020-01-04 15:00:00+01:00,169,9,160,20.526675282456768,185,10,175,20.88033942284811
2020-01-04 16:00:00+01:00,172,10,162,18.863206387348974,186,9,177,20.400698976924794
2020-01-04 17:00:00+01:00,199,12,187,19.11274068140836,209,10,199,16.60419034744366
2020-01-04 18:00:00+01:00,190,11,179,20.182913119811044,197,10,187,19.118279085736297
2020-01-04 19:00:00+01:00,146,9,137,19.4340926707284,157,8,149,19.700921436065542
2020-01-04 20:00:00+01:00,142,8,134,19.57947604189084,146,8,138,19.4340926707284
2020-01-04 21:00:00+01:00,124,7,117,14.467255533674502,129,7,122,12.81298343964759
2020-01-04 22:00:00+01:00,100,6,94,12.129363492765288,105,7,98,16.343560716114418
2020-01-04 23:00:00+01:00,49,3,46,12.126419816698254,52,2,50,14.472017643602554
2020-01-05 00:00:00+01:00,21,0,21,0.0727095127790566,25,0,25,0.10677168789919293
2020-01-05 01:00:00+01:00,14,0,14,0.0,18,0,18,0.014449312499738909
2020-01-05 02:00:00+01:00,13,0,13,0.0,18,0,18,0.014449312499738909
2020-01-05 03:00:00+01:00,20,0,20,0.04910283862897408,25,0,25,0.10677168789919293
2020-01-05 04:00:00+01:00,29,1,28,0.5419439371488394,36,1,35,2.727177547566476
2020-01-05 05:00:00+01:00,36,1,35,2.727177547566476,48,1,47,9.964553643509852
2020-01-05 06:00:00+01:00,57,2,55,11.247345675463038,74,3,71,9.886934519670994
2020-01-05 07:00:00+01:00,87,3,84,9.504121716770046,119,3,116,9.275729661817119
2020-01-05 08:00:00+01:00,110,4,106,20.964248322238312,128,4,124,16.268122259148125
2020-01-05 09:00:00+01:00,118,4,114,16.65435568776215,166,6,160,16.094287115128708
2020-01-05 10:00:00+01:00,106,4,102,19.560878716092326,149,5,144,17.937448228249327
2020-01-05 11:00:00+01:00,82,3,79,8.6962433625344,98,3,95,9.366341704429512
2020-01-05 12:00:00+01:00,86,3,83,9.565861223121674,119,3,116,9.275729661817119
2020-01-05 13:00:00+01:00,89,3,86,10.527801976587284,98,4,94,9.366341704429512
2020-01-05 14:00:00+01:00,86,3,83,9.565861223121674,119,3,116,9.275729661817119
2020-01-05 15:00:00+01:00,96,4,92,10.792244903732447,127,4,123,18.022773693841014
2020-01-05 16:00:00+01:00,97,4,93,12.91170780960746,118,4,114,16.65435568776215
2020-01-05 17:00:00+01:00,117,4,113,13.539944397802945,135,5,130,20.27811899595658
2020-01-05 18:00:00+01:00,109,4,105,18.214376818550008,139,5,134,19.408576933840735
2020-01-05 19:00:00+01:00,89,3,86,10.527801976587284,90,3,87,10.477669283936715
2020-01-05 20:00:00+01:00,74,3,71,9.886934519670994,107,4,103,12.742346635562697
2020-01-05 21:00:00+01:00,73,2,71,10.015349835153332,86,3,83,9.565861223121674
2020-01-05 22:00:00+01:00,59,2,57,11.512224289105106,74,3,71,9.886934519670994
2020-01-05 23:00:00+01:00,29,1,28,0.5419439371488394,36,1,35,2.727177547566476
2020-01-06 00:00:00+01:00,39,3,36,6.782457974710225,37,4,33,2.066086063070793
2020-01-06 01:00:00+01:00,26,2,24,1.5382661455122164,26,2,24,1.5382661455122164
2020-01-06 02:00:00+01:00,24,2,22,1.5004308879154395,26,2,24,1.5382661455122164
2020-01-06 03:00:00+01:00,37,3,34,2.066086063070793,39,4,35,6.782457974710225
2020-01-06 04:00:00+01:00,60,5,55,10.583722413773145,62,6,56,14.48690450543278
2020-01-06 05:00:00+01:00,108,10,98,14.813734676069407,112,11,101,14.898852003445265
2020-01-06 06:00:00+01:00,136,13,123,16.594078125250377,142,16,126,21.623487252479663
2020-01-06 07:00:00+01:00,226,22,204,20.308697708911414,214,23,191,18.560318290748608
2020-01-06 08:00:00+01:00,239,24,215,13.74553452780325,235,29,206,20.674840106170866
2020-01-06 09:00:00+01:00,154,16,138,23.457384968254527,151,18,133,19.408157188048275
2020-01-06 10:00:00+01:00,128,11,117,19.601953989978306,128,12,116,19.601953989978306
2020-01-06 11:00:00+01:00,152,13,139,20.188330220444417,154,15,139,23.457384968254527
2020-01-06 12:00:00+01:00,123,13,110,19.074654696202938,128,14,114,19.601953989978306
2020-01-06 13:00:00+01:00,127,11,116,19.116953333289125,125,13,112,23.026828253397017
2020-01-06 14:00:00+01:00,127,11,116,19.116953333289125,125,13,112,23.026828253397017
2020-01-06 15:00:00+01:00,139,12,127,18.732486269107348,137,15,122,18.928795118329443
2020-01-06 16:00:00+01:00,145,14,131,18.85528596371164,157,17,140,23.857880119976507
2020-01-06 17:00:00+01:00,216,21,195,21.273439412003903,220,27,193,16.758079648934128
2020-01-06 18:00:00+01:00,228,21,207,15.818609956751573,225,22,203,17.07968654570721
2020-01-06 19:00:00+01:00,168,15,153,20.304807772345505,167,18,149,21.39117903937357
2020-01-06 20:00:00+01:00,166,16,150,18.57114730689396,170,20,150,19.775542485132945
2020-01-06 21:00:00+01:00,122,13,109,20.245567873519157,131,15,116,14.183230975852695
2020-01-06 22:00:00+01:00,89,8,81,17.562315027840828,89,8,81,17.562315027840828
2020-01-06 23:00:00+01:00,63,5,58,14.929801273937542,62,6,56,14.48690450543278
2020-01-07 00:00:00+01:00,33,2,31,5.985660510090718,39,3,36,6.782457974710225
2020-01-07 01:00:00+01:00,22,1,21,0.1277873501672996,26,2,24,1.5382661455122164
2020-01-07 02:00:00+01:00,25,2,23,1.1875344360364632,27,2,25,1.9016023008994223
2020-01-07 03:00:00+01:00,38,3,35,11.101073107969722,40,4,36,5.275608835029151
2020-01-07 04:00:00+01:00,62,5,57,14.48690450543278,62,5,57,14.48690450543278
2020-01-07 05:00:00+01:00,101,8,93,11.280950715811313,121,12,109,20.317620945183666
2020-01-07 06:00:00+01:00,138,11,127,20.21600799483387,138,14,124,20.21600799483387
2020-01-07 07:00:00+01:00,192,17,175,21.295822766447603,225,21,204,17.07968654570721
2020-01-07 08:00:00+01:00,218,18,200,22.57742359713229,242,27,215,20.990360069331732
2020-01-07 09:00:00+01:00,142,13,129,21.623487252479663,164,16,148,22.827361263214527
2020-01-07 10:00:00+01:00,129,10,119,17.995114557081255,131,11,120,14.183230975852695
2020-01-07 11:00:00+01:00,142,11,131,21.623487252479663,164,16,148,22.827361263214527
2020-01-07 12:00:00+01:00,129,10,119,17.995114557081255,131,11,120,14.183230975852695
2020-01-07 13:00:00+01:00,119,9,110,22.46945513312648,129,12,117,17.995114557081255
2020-01-07 14:00:00+01:00,119,9,110,22.46945513312648,129,12,117,17.995114557081255
2020-01-07 15:00:00+01:00,130,10,120,15.65660051079879,144,12,132,22.91915418498221
2020-01-07 16:00:00+01:00,139,13,126,18.732486269107348,150,15,135,17.939622434692456
2020-01-07 17:00:00+01:00,209,17,192,22.16757043059366,224,19,205,16.30248157536985
2020-01-07 18:00:00+01:00,213,17,196,20.488166305452438,246,24,222,17.57126233227549
2020-01-07 19:00:00+01:00,153,14,139,14.915022999208679,172,15,157,19.644113972447897
2020-01-07 20:00:00+01:00,155,15,140,19.469409355748308,165,18,147,20.56038540292619
2020-01-07 21:00:00+01:00,119,11,108,22.46945513312648,129,12,117,17.995114557081255
2020-01-07 22:00:00+01:00,83,6,77,18.699193296190067,90,9,81,13.960700117154147
2020-01-07 23:00:00+01:00,58,4,54,10.505136369992313,67,7,60,12.5039951599288
2020-01-08 00:00:00+01:00,38,4,34,7.590795833711637,34,3,31,11.019687492562438
2020-01-08 01:00:00+01:00,25,3,22,4.851536786659508,25,2,23,4.851536786659508
2020-01-08 02:00:00+01:00,25,2,23,4.851536786659508,25,2,23,4.851536786659508
2020-01-08 03:00:00+01:00,38,4,34,7.590795833711637,34,3,31,11.019687492562438
2020-01-08 04:00:00+01:00,63,7,56,13.630126271531418,62,6,56,12.779859753427614
2020-01-08 05:00:00+01:00,114,13,101,17.516346710171707,112,12,100,16.537505199847164
2020-01-08 06:00:00+01:00,140,19,121,17.88117043007633,141,14,127,16.082921323202
2020-01-08 07:00:00+01:00,214,24,190,24.48806340301503,203,19,184,21.5050173548228
2020-01-08 08:00:00+01:00,226,28,198,20.105295377891462,220,27,193,18.729640796362187
2020-01-08 09:00:00+01:00,153,19,134,18.89706115395996,139,16,123,21.474746575274906
2020-01-08 10:00:00+01:00,126,17,109,16.250667590352332,123,13,110,15.262138605096247
2020-01-08 11:00:00+01:00,153,18,135,18.89706115395996,139,16,123,21.474746575274906
2020-01-08 12:00:00+01:00,126,17,109,16.250667590352332,123,13,110,15.262138605096247
2020-01-08 13:00:00+01:00,127,15,112,19.95892802947898,120,14,106,10.291257377501918
2020-01-08 14:00:00+01:00,127,16,111,19.95892802947898,120,14,106,10.291257377501918
2020-01-08 15:00:00+01:00,140,18,122,17.88117043007633,141,14,127,16.082921323202
2020-01-08 16:00:00+01:00,151,17,134,19.198981193831877,149,16,133,18.476483571588744
2020-01-08 17:00:00+01:00,217,26,191,20.47500927792046,213,24,189,16.70464389525102
2020-01-08 18:00:00+01:00,232,26,206,24.606618615768106,205,22,183,18.29833304368066
2020-01-08 19:00:00+01:00,167,22,145,16.493575022686013,154,14,140,25.102227050596255
2020-01-08 20:00:00+01:00,167,21,146,16.493575022686013,154,14,140,25.102227050596255
2020-01-08 21:00:00+01:00,129,16,113,12.321757402623772,125,13,112,14.698947587184879
2020-01-08 22:00:00+01:00,89,11,78,16.127888447212325,79,9,70,16.621554061874914
2020-01-08 23:00:00+01:00,63,8,55,13.630126271531418,62,6,56,12.779859753427614
2020-01-09 00:00:00+01:00,35,2,33,7.122002820118646,36,5,31,3.0873599992209124
2020-01-09 01:00:00+01:00,23,1,22,0.4122417358964417,25,3,22,1.1875344360364632
2020-01-09 02:00:00+01:00,25,2,23,1.1875344360364632,25,3,22,1.1875344360364632
2020-01-09 03:00:00+01:00,37,3,34,2.066086063070793,38,5,33,11.101073107969722
2020-01-09 04:00:00+01:00,59,5,54,10.572210467564378,58,7,51,10.505136369992313
2020-01-09 05:00:00+01:00,106,9,97,12.94750706735717,114,18,96,18.09348958441383
2020-01-09 06:00:00+01:00,124,11,113,17.53992981591413,129,19,110,17.995114557081255
2020-01-09 07:00:00+01:00,195,14,181,23.83440770251287,216,27,189,21.273439412003903
2020-01-09 08:00:00+01:00,212,19,193,18.597605283865732,231,33,198,16.702836426900134
2020-01-09 09:00:00+01:00,140,10,130,15.331768592489755,140,20,120,15.331768592489755
2020-01-09 10:00:00+01:00,109,9,100,14.645038576883659,117,15,102,21.891304075969387
2020-01-09 11:00:00+01:00,150,12,138,17.939622434692456,153,18,135,14.915022999208679
2020-01-09 12:00:00+01:00,115,8,107,27.52702584121565,121,19,102,20.317620945183666
2020-01-09 13:00:00+01:00,122,9,113,20.245567873519157,128,19,109,19.601953989978306
2020-01-09 14:00:00+01:00,114,8,106,18.09348958441383,121,19,102,20.317620945183666
2020-01-09 15:00:00+01:00,134,10,124,14.701306049248211,135,21,114,21.280002906629502
2020-01-09 16:00:00+01:00,149,11,138,20.003285796587473,153,18,135,14.915022999208679
2020-01-09 17:00:00+01:00,196,15,181,20.04912381427717,216,27,189,21.273439412003903
2020-01-09 18:00:00+01:00,212,19,193,18.597605283865732,231,33,198,16.702836426900134
2020-01-09 19:00:00+01:00,152,11,141,20.188330220444417,162,21,141,19.08849102929865
2020-01-09 20:00:00+01:00,165,13,152,20.56038540292619,160,24,136,19.89239402952506
2020-01-09 21:00:00+01:00,127,10,117,19.116953333289125,117,15,102,21.891304075969387
2020-01-09 22:00:00+01:00,87,7,80,17.896548892855574,85,10,75,19.289671453475872
2020-01-09 23:00:00+01:00,56,4,52,10.152150256689218,64,8,56,14.414592943793718
2020-01-10 00:00:00+01:00,38,3,35,11.101073107969722,38,4,34,11.101073107969722
2020-01-10 01:00:00+01:00,25,2,23,1.1875344360364632,25,2,23,1.1875344360364632
2020-01-10 02:00:00+01:00,25,2,23,1.1875344360364632,25,2,23,1.1875344360364632
2020-01-10 03:00:00+01:00,37,3,34,2.066086063070793,38,4,34,11.101073107969722
2020-01-10 04:00:00+01:00,63,6,57,14.929801273937542,58,5,53,10.505136369992313
2020-01-10 05:00:00+01:00,113,12,101,20.093188266697116,113,11,102,20.093188266697116
2020-01-10 06:00:00+01:00,140,13,127,15.331768592489755,129,13,116,17.995114557081255
2020-01-10 07:00:00+01:00,210,19,191,16.3212742992447,212,18,194,18.597605283865732
2020-01-10 08:00:00+01:00,228,23,205,15.818609956751573,211,19,192,18.759232281731908
2020-01-10 09:00:00+01:00,147,14,133,20.208056467665056,153,13,140,14.915022999208679
2020-01-10 10:00:00+01:00,124,11,113,17.53992981591413,117,12,105,21.891304075969387
2020-01-10 11:00:00+01:00,153,15,138,14.915022999208679,148,13,135,18.058884943386857
2020-01-10 12:00:00+01:00,129,13,116,17.995114557081255,123,10,113,19.074654696202938
2020-01-10 13:00:00+01:00,124,12,112,17.53992981591413,117,12,105,21.891304075969387
2020-01-10 14:00:00+01:00,128,12,116,19.601953989978306,123,10,113,19.074654696202938
2020-01-10 15:00:00+01:00,136,14,122,16.594078125250377,138,14,124,20.21600799483387
2020-01-10 16:00:00+01:00,145,14,131,18.85528596371164,154,15,139,23.457384968254527
2020-01-10 17:00:00+01:00,207,22,185,21.877297854955202,202,19,183,22.500350864850866
2020-01-10 18:00:00+01:00,218,21,197,22.57742359713229,227,25,202,19.269071808142694
2020-01-10 19:00:00+01:00,158,15,143,21.67102174389251,159,15,144,17.78748005044877
2020-01-10 20:00:00+01:00,160,14,146,19.89239402952506,159,13,146,17.78748005044877
2020-01-10 21:00:00+01:00,123,11,112,19.074654696202938,123,12,111,19.074654696202938
2020-01-10 22:00:00+01:00,86,8,78,21.204994436842384,85,7,78,19.289671453475872
2020-01-10 23:00:00+01:00,61,6,55,12.362973378192347,58,5,53,10.505136369992313
2020-01-11 00:00:00+01:00,37,2,35,3.5125252112896685,39,2,37,6.913338666308079
2020-01-11 01:00:00+01:00,24,1,23,0.16633697306049489,26,1,25,0.13434729751860394
2020-01-11 02:00:00+01:00,25,1,24,0.10677168789919293,26,1,25,0.13434729751860394
2020-01-11 03:00:00+01:00,38,2,36,5.960450042509954,39,2,37,6.913338666308079
2020-01-11 04:00:00+01:00,48,3,45,9.964553643509852,52,2,50,14.472017643602554
2020-01-11 05:00:00+01:00,62,4,58,14.019247608895405,65,4,61,10.13470849860639
2020-01-11 06:00:00+01:00,101,6,95,14.022694861996197,105,6,99,16.343560716114418
2020-01-11 07:00:00+01:00,147,9,138,16.306492316544293,159,10,149,19.89258263570152
2020-01-11 08:00:00+01:00,206,11,195,20.90053052788098,208,12,196,18.807092053665322
2020-01-11 09:00:00+01:00,213,14,199,20.238518600536185,223,14,209,18.802339292525456
2020-01-11 10:00:00+01:00,187,12,175,15.611538170802525,198,12,186,20.173795644408123
2020-01-11 11:00:00+01:00,152,10,142,18.686880121910534,155,8,147,18.708796369633056
2020-01-11 12:00:00+01:00,145,8,137,19.922746131926434,158,8,150,19.40470350916573
2020-01-11 13:00:00+01:00,167,9,158,19.047083059371815,172,10,162,18.863206387348974
2020-01-11 14:00:00+01:00,154,8,146,19.868163821621103,155,8,147,18.708796369633056
2020-01-11 15:00:00+01:00,169,9,160,20.526675282456768,185,10,175,20.88033942284811
2020-01-11 16:00:00+01:00,172,10,162,18.863206387348974,186,9,177,20.400698976924794
2020-01-11 17:00:00+01:00,199,12,187,19.11274068140836,209,10,199,16.60419034744366
2020-01-11 18:00:00+01:00,190,11,179,20.182913119811044,197,10,187,19.118279085736297
2020-01-11 19:00:00+01:00,146,9,137,19.4340926707284,157,8,149,19.700921436065542
2020-01-11 20:00:00+01:00,142,8,134,19.57947604189084,146,8,138,19.4340926707284
2020-01-11 21:00:00+01:00,124,7,117,14.467255533674502,129,7,122,12.81298343964759
2020-01-11 22:00:00+01:00,100,6,94,12.129363492765288,105,7,98,16.343560716114418
2020-01-11 23:00:00+01:00,49,3,46,12.126419816698254,52,2,50,14.472017643602554
2020-01-12 00:00:00+01:00,21,0,21,0.0727095127790566,25,0,25,0.10677168789919293
2020-01-12 01:00:00+01:00,14,0,14,0.0,18,0,18,0.014449312499738909
2020-01-12 02:00:00+01:00,13,0,13,0.0,18,0,18,0.014449312499738909
2020-01-12 03:00:00+01:00,20,0,20,0.04910283862897408,25,0,25,0.10677168789919293
2020-01-12 04:00:00+01:00,29,1,28,0.5419439371488394,36,1,35,2.727177547566476
2020-01-12 05:00:00+01:00,36,1,35,2.727177547566476,48,1,47,9.964553643509852
2020-01-12 06:00:00+01:00,57,2,55,11.247345675463038,74,3,71,9.886934519670994
2020-01-12 07:00:00+01:00,87,3,84,9.504121716770046,119,3,116,9.275729661817119
2020-01-12 08:00:00+01:00,110,4,106,20.964248322238312,128,4,124,16.268122259148125
2020-01-12 09:00:00+01:00,118,4,114,16.65435568776215,166,6,160,16.094287115128708
2020-01-12 10:00:00+01:00,106,4,102,19.560878716092326,149,5,144,17.937448228249327
2020-01-12 11:00:00+01:00,82,3,79,8.6962433625344,98,3,95,9.366341704429512
2020-01-12 12:00:00+01:00,86,3,83,9.565861223121674,119,3,116,9.275729661817119
2020-01-12 13:00:00+01:00,89,3,86,10.527801976587284,98,4,94,9.366341704429512
2020-01-12 14:00:00+01:00,86,3,83,9.565861223121674,119,3,116,9.275729661817119
2020-01-12 15:00:00+01:00,96,4,92,10.792244903732447,127,4,123,18.022773693841014
2020-01-12 16:00:00+01:00,97,4,93,12.91170780960746,118,4,114,16.65435568776215
2020-01-12 17:00:00+01:00,117,4,113,13.539944397802945,135,5,130,20.27811899595658
2020-01-12 18:00:00+01:00,109,4,105,18.214376818550008,139,5,134,19.408576933840735
2020-01-12 19:00:00+01:00,89,3,86,10.527801976587284,90,3,87,10.477669283936715
2020-01-12 20:00:00+01:00,74,3,71,9.886934519670994,107,4,103,12.742346635562697
2020-01-12 21:00:00+01:00,73,2,71,10.015349835153332,86,3,83,9.565861223121674
2020-01-12 22:00:00+01:00,59,2,57,11.512224289105106,74,3,71,9.886934519670994
2020-01-12 23:00:00+01:00,29,1,28,0.5419439371488394,36,1,35,2.727177547566476
2020-01-13 00:00:00+01:00,39,3,36,6.782457974710225,37,4,33,2.066086063070793
2020-01-13 01:00:00+01:00,26,2,24,1.5382661455122164,26,2,24,1.5382661455122164
2020-01-13 02:00:00+01:00,24,2,22,1.5004308879154395,26,2,24,1.5382661455122164
2020-01-13 03:00:00+01:00,37,3,34,2.066086063070793,39,4,35,6.782457974710225
2020-01-13 04:00:00+01:00,60,5,55,10.583722413773145,62,6,56,14.48690450543278
2020-01-13 05:00:00+01:00,108,10,98,14.813734676069407,112,11,101,14.898852003445265
2020-01-13 06:00:00+01:00,136,13,123,16.594078125250377,142,16,126,21.623487252479663
2020-01-13 07:00:00+01:00,226,22,204,20.308697708911414,214,23,191,18.560318290748608
2020-01-13 08:00:00+01:00,239,24,215,13.74553452780325,235,29,206,20.674840106170866
2020-01-13 09:00:00+01:00,154,16,138,23.457384968254527,151,18,133,19.408157188048275
2020-01-13 10:00:00+01:00,128,11,117,19.601953989978306,128,12,116,19.601953989978306
2020-01-13 11:00:00+01:00,152,13,139,20.188330220444417,154,15,139,23.457384968254527
2020-01-13 12:00:00+01:00,123,13,110,19.074654696202938,128,14,114,19.601953989978306
2020-01-13 13:00:00+01:00,127,11,116,19.116953333289125,125,13,112,23.026828253397017
2020-01-13 14:00:00+01:00,127,11,116,19.116953333289125,125,13,112,23.026828253397017
2020-01-13 15:00:00+01:00,139,12,127,18.732486269107348,137,15,122,18.928795118329443
2020-01-13 16:00:00+01:00,145,14,131,18.85528596371164,157,17,140,23.857880119976507
2020-01-13 17:00:00+01:00,216,21,195,21.273439412003903,220,27,193,16.758079648934128
2020-01-13 18:00:00+01:00,228,21,207,15.818609956751573,225,22,203,17.07968654570721
2020-01-13 19:00:00+01:00,168,15,153,20.304807772345505,167,18,149,21.39117903937357
2020-01-13 20:00:00+01:00,166,16,150,18.57114730689396,170,20,150,19.775542485132945
2020-01-13 21:00:00+01:00,122,13,109,20.245567873519157,131,15,116,14.183230975852695
2020-01-13 22:00:00+01:00,89,8,81,17.562315027840828,89,8,81,17.562315027840828
2020-01-13 23:00:00+01:00,63,5,58,14.929801273937542,62,6,56,14.48690450543278
2020-01-14 00:00:00+01:00,33,2,31,5.985660510090718,39,3,36,6.782457974710225
2020-01-14 01:00:00+01:00,22,1,21,0.1277873501672996,26,2,24,1.5382661455122164
2020-01-14 02:00:00+01:00,25,2,23,1.1875344360364632,27,2,25,1.9016023008994223
2020-01-14 03:00:00+01:00,38,3,35,11.101073107969722,40,4,36,5.275608835029151
2020-01-14 04:00:00+01:00,62,5,57,14.48690450543278,62,5,57,14.48690450543278
2020-01-14 05:00:00+01:00,101,8,93,11.280950715811313,121,12,109,20.317620945183666
2020-01-14 06:00:00+01:00,138,11,127,20.21600799483387,138,14,124,20.21600799483387
2020-01-14 07:00:00+01:00,192,17,175,21.295822766447603,225,21,204,17.07968654570721
2020-01-14 08:00:00+01:00,218,18,200,22.57742359713229,242,27,215,20.990360069331732
2020-01-14 09:00:00+01:00,142,13,129,21.623487252479663,164,16,148,22.827361263214527
2020-01-14 10:00:00+01:00,129,10,119,17.995114557081255,131,11,120,14.183230975852695
2020-01-14 11:00:00+01:00,142,11,131,21.623487252479663,164,16,148,22.827361263214527
2020-01-14 12:00:00+01:00,129,10,119,17.995114557081255,131,11,120,14.183230975852695
2020-01-14 13:00:00+01:00,119,9,110,22.46945513312648,129,12,117,17.995114557081255
2020-01-14 14:00:00+01:00,119,9,110,22.46945513312648,129,12,117,17.995114557081255
2020-01-14 15:00:00+01:00,130,10,120,15.65660051079879,144,12,132,22.91915418498221
2020-01-14 16:00:00+01:00,139,13,126,18.732486269107348,150,15,135,17.939622434692456
2020-01-14 17:00:00+01:00,209,17,192,22.16757043059366,224,19,205,16.30248157536985
2020-01-14 18:00:00+01:00,213,17,196,20.488166305452438,246,24,222,17.57126233227549
2020-01-14 19:00:00+01:00,153,14,139,14.915022999208679,172,15,157,19.644113972447897
2020-01-14 20:00:00+01:00,155,15,140,19.469409355748308,165,18,147,20.56038540292619
2020-01-14 21:00:00+01:00,119,11,108,22.46945513312648,129,12,117,17.995114557081255
2020-01-14 22:00:00+01:00,83,6,77,18.699193296190067,90,9,81,13.960700117154147
2020-01-14 23:00:00+01:00,58,4,54,10.505136369992313,67,7,60,12.5039951599288
2020-01-15 00:00:00+01:00,38,4,34,7.590795833711637,34,3,31,11.019687492562438
2020-01-15 01:00:00+01:00,25,3,22,4.851536786659508,25,2,23,4.851536786659508
2020-01-15 02:00:00+01:00,25,2,23,4.851536786659508,25,2,23,4.851536786659508
2020-01-15 03:00:00+01:00,38,4,34,7.590795833711637,34,3,31,11.019687492562438
2020-01-15 04:00:00+01:00,63,7,56,13.630126271531418,62,6,56,12.779859753427614
2020-01-15 05:00:00+01:00,114,13,101,17.516346710171707,112,12,100,16.537505199847164
2020-01-15 06:00:00+01:00,140,19,121,17.88117043007633,141,14,127,16.082921323202
2020-01-15 07:00:00+01:00,214,24,190,24.48806340301503,203,19,184,21.5050173548228
2020-01-15 08:00:00+01:00,226,28,198,20.105295377891462,220,27,193,18.729640796362187
2020-01-15 09:00:00+01:00,153,19,134,18.89706115395996,139,16,123,21.474746575274906
2020-01-15 10:00:00+01:00,126,17,109,16.250667590352332,123,13,110,15.262138605096247
2020-01-15 11:00:00+01:00,153,18,135,18.89706115395996,139,16,123,21.474746575274906
2020-01-15 12:00:00+01:00,126,17,109,16.250667590352332,123,13,110,15.262138605096247
2020-01-15 13:00:00+01:00,127,15,112,19.95892802947898,120,14,106,10.291257377501918
2020-01-15 14:00:00+01:00,127,16,111,19.95892802947898,120,14,106,10.291257377501918
2020-01-15 15:00:00+01:00,140,18,122,17.88117043007633,141,14,127,16.082921323202
2020-01-15 16:00:00+01:00,151,17,134,19.198981193831877,149,16,133,18.476483571588744
2020-01-15 17:00:00+01:00,217,26,191,20.47500927792046,213,24,189,16.70464389525102
2020-01-15 18:00:00+01:00,232,26,206,24.606618615768106,205,22,183,18.29833304368066
2020-01-15 19:00:00+01:00,167,22,145,16.493575022686013,154,14,140,25.102227050596255
2020-01-15 20:00:00+01:00,167,21,146,16.493575022686013,154,14,140,25.102227050596255
2020-01-15 21:00:00+01:00,129,16,113,12.321757402623772,125,13,112,14.698947587184879
2020-01-15 22:00:00+01:00,89,11,78,16.127888447212325,79,9,70,16.621554061874914
2020-01-15 23:00:00+01:00,63,8,55,13.630126271531418,62,6,56,12.779859753427614
2020-01-16 00:00:00+01:00,35,2,33,7.122002820118646,36,5,31,3.0873599992209124
2020-01-16 01:00:00+01:00,23,1,22,0.4122417358964417,25,3,22,1.1875344360364632
2020-01-16 02:00:00+01:00,25,2,23,1.1875344360364632,25,3,22,1.1875344360364632
2020-01-16 03:00:00+01:00,37,3,34,2.066086063070793,38,5,33,11.101073107969722
2020-01-16 04:00:00+01:00,59,5,54,10.572210467564378,58,7,51,10.505136369992313
2020-01-16 05:00:00+01:00,106,9,97,12.94750706735717,114,18,96,18.09348958441383
2020-01-16 06:00:00+01:00,124,11,113,17.53992981591413,129,19,110,17.995114557081255
2020-01-16 07:00:00+01:00,195,14,181,23.83440770251287,216,27,189,21.273439412003903
2020-01-16 08:00:00+01:00,212,19,193,18.597605283865732,231,33,198,16.702836426900134
2020-01-16 09:00:00+01:00,140,10,130,15.331768592489755,140,20,120,15.331768592489755
2020-01-16 10:00:00+01:00,109,9,100,14.645038576883659,117,15,102,21.891304075969387
2020-01-16 11:00:00+01:00,150,12,138,17.939622434692456,153,18,135,14.915022999208679
2020-01-16 12:00:00+01:00,115,8,107,27.52702584121565,121,19,102,20.317620945183666
2020-01-16 13:00:00+01:00,122,9,113,20.245567873519157,128,19,109,19.601953989978306
2020-01-16 14:00:00+01:00,114,8,106,18.09348958441383,121,19,102,20.317620945183666
2020-01-16 15:00:00+01:00,134,10,124,14.701306049248211,135,21,114,21.280002906629502
2020-01-16 16:00:00+01:00,149,11,138,20.003285796587473,153,18,135,14.915022999208679
2020-01-16 17:00:00+01:00,196,15,181,20.04912381427717,216,27,189,21.273439412003903
2020-01-16 18:00:00+01:00,212,19,193,18.597605283865732,231,33,198,16.702836426900134
2020-01-16 19:00:00+01:00,152,11,141,20.188330220444417,162,21,141,19.08849102929865
2020-01-16 20:00:00+01:00,165,13,152,20.56038540292619,160,24,136,19.89239402952506
2020-01-16 21:00:00+01:00,127,10,117,19.116953333289125,117,15,102,21.891304075969387
2020-01-16 22:00:00+01:00,87,7,80,17.896548892855574,85,10,75,19.289671453475872
2020-01-16 23:00:00+01:00,56,4,52,10.152150256689218,64,8,56,14.414592943793718
2020-01-17 00:00:00+01:00,38,3,35,11.101073107969722,38,4,34,11.101073107969722
2020-01-17 01:00:00+01:00,25,2,23,1.1875344360364632,25,2,23,1.1875344360364632
2020-01-17 02:00:00+01:00,25,2,23,1.1875344360364632,25,2,23,1.1875344360364632
2020-01-17 03:00:00+01:00,37,3,34,2.066086063070793,38,4,34,11.101073107969722
2020-01-17 04:00:00+01:00,63,6,57,14.929801273937542,58,5,53,10.505136369992313
2020-01-17 05:00:00+01:00,113,12,101,20.093188266697116,113,11,102,20.093188266697116
2020-01-17 06:00:00+01:00,140,13,127,15.331768592489755,129,13,116,17.995114557081255
2020-01-17 07:00:00+01:00,210,19,191,16.3212742992447,212,18,194,18.597605283865732
2020-01-17 08:00:00+01:00,228,23,205,15.818609956751573,211,19,192,18.759232281731908
2020-01-17 09:00:00+01:00,147,14,133,20.208056467665056,153,13,140,14.915022999208679
2020-01-17 10:00:00+01:00,124,11,113,17.53992981591413,117,12,105,21.891304075969387
2020-01-17 11:00:00+01:00,153,15,138,14.915022999208679,148,13,135,18.058884943386857
2020-01-17 12:00:00+01:00,129,13,116,17.995114557081255,123,10,113,19.074654696202938
2020-01-17 13:00:00+01:00,124,12,112,17.53992981591413,117,12,105,21.891304075969387
2020-01-17 14:00:00+01:00,128,12,116,19.601953989978306,123,10,113,19.074654696202938
2020-01-17 15:00:00+01:00,136,14,122,16.594078125250377,138,14,124,20.21600799483387
2020-01-17 16:00:00+01:00,145,14,131,18.85528596371164,154,15,139,23.457384968254527
2020-01-17 17:00:00+01:00,207,22,185,21.877297854955202,202,19,183,22.500350864850866
2020-01-17 18:00:00+01:00,218,21,197,22.57742359713229,227,25,202,19.269071808142694
2020-01-17 19:00:00+01:00,158,15,143,21.67102174389251,159,15,144,17.78748005044877
2020-01-17 20:00:00+01:00,160,14,146,19.89239402952506,159,13,146,17.78748005044877
2020-01-17 21:00:00+01:00,123,11,112,19.074654696202938,123,12,111,19.074654696202938
2020-01-17 22:00:00+01:00,86,8,78,21.204994436842384,85,7,78,19.289671453475872
2020-01-17 23:00:00+01:00,61,6,55,12.362973378192347,58,5,53,10.505136369992313
2020-01-18 00:00:00+01:00,37,2,35,3.5125252112896685,39,2,37,6.913338666308079
2020-01-18 01:00:00+01:00,24,1,23,0.16633697306049489,26,1,25,0.13434729751860394
2020-01-18 02:00:00+01:00,25,1,24,0.10677168789919293,26,1,25,0.13434729751860394
2020-01-18 03:00:00+01:00,38,2,36,5.960450042509954,39,2,37,6.913338666308079
2020-01-18 04:00:00+01:00,48,3,45,9.964553643509852,52,2,50,14.472017643602554
2020-01-18 05:00:00+01:00,62,4,58,14.019247608895405,65,4,61,10.13470849860639
2020-01-18 06:00:00+01:00,101,6,95,14.022694861996197,105,6,99,16.343560716114418
2020-01-18 07:00:00+01:00,147,9,138,16.306492316544293,159,10,149,19.89258263570152
2020-01-18 08:00:00+01:00,206,11,195,20.90053052788098,208,12,196,18.807092053665322
2020-01-18 09:00:00+01:00,213,14,199,20.238518600536185,223,14,209,18.802339292525456
2020-01-18 10:00:00+01:00,187,12,175,15.611538170802525,198,12,186,20.173795644408123
2020-01-18 11:00:00+01:00,152,10,142,18.686880121910534,155,8,147,18.708796369633056
2020-01-18 12:00:00+01:00,145,8,137,19.922746131926434,158,8,150,19.40470350916573
2020-01-18 13:00:00+01:00,167,9,158,19.047083059371815,172,10,162,18.863206387348974
2020-01-18 14:00:00+01:00,154,8,146,19.868163821621103,155,8,147,18.708796369633056
2020-01-18 15:00:00+01:00,169,9,160,20.526675282456768,185,10,175,20.88033942284811
2020-01-18 16:00:00+01:00,172,10,162,18.863206387348974,186,9,177,20.400698976924794
2020-01-18 17:00:00+01:00,199,12,187,19.11274068140836,209,10,199,16.60419034744366
2020-01-18 18:00:00+01:00,190,11,179,20.182913119811044,197,10,187,19.118279085736297
2020-01-18 19:00:00+01:00,146,9,137,19.4340926707284,157,8,149,19.700921436065542
2020-01-18 20:00:00+01:00,142,8,134,19.57947604189084,146,8,138,19.4340926707284
2020-01-18 21:00:00+01:00,124,7,117,14.467255533674502,129,7,122,12.81298343964759
2020-01-18 22:00:00+01:00,100,6,94,12.129363492765288,105,7,98,16.343560716114418
2020-01-18 23:00:00+01:00,49,3,46,12.126419816698254,52,2,50,14.472017643602554
2020-01-19 00:00:00+01:00,21,0,21,0.0727095127790566,25,0,25,0.10677168789919293
2020-01-19 01:00:00+01:00,14,0,14,0.0,18,0,18,0.014449312499738909
2020-01-19 02:00:00+01:00,13,0,13,0.0,18,0,18,0.014449312499738909
2020-01-19 03:00:00+01:00,20,0,20,0.04910283862897408,25,0,25,0.10677168789919293
2020-01-19 04:00:00+01:00,29,1,28,0.5419439371488394,36,1,35,2.727177547566476
2020-01-19 05:00:00+01:00,36,1,35,2.727177547566476,48,1,47,9.964553643509852
2020-01-19 06:00:00+01:00,57,2,55,11.247345675463038,74,3,71,9.886934519670994
2020-01-19 07:00:00+01:00,87,3,84,9.504121716770046,119,3,116,9.275729661817119
2020-01-19 08:00:00+01:00,110,4,106,20.964248322238312,128,4,124,16.268122259148125
2020-01-19 09:00:00+01:00,118,4,114,16.65435568776215,166,6,160,16.094287115128708
2020-01-19 10:00:00+01:00,106,4,102,19.560878716092326,149,5,144,17.937448228249327
2020-01-19 11:00:00+01:00,82,3,79,8.6962433625344,98,3,95,9.366341704429512
2020-01-19 12:00:00+01:00,86,3,83,9.565861223121674,119,3,116,9.275729661817119
2020-01-19 13:00:00+01:00,89,3,86,10.527801976587284,98,4,94,9.366341704429512
2020-01-19 14:00:00+01:00,86,3,83,9.565861223121674,119,3,116,9.275729661817119
2020-01-19 15:00:00+01:00,96,4,92,10.792244903732447,127,4,123,18.022773693841014
2020-01-19 16:00:00+01:00,97,4,93,12.91170780960746,118,4,114,16.65435568776215
2020-01-19 17:00:00+01:00,117,4,113,13.539944397802945,135,5,130,20.27811899595658
2020-01-19 18:00:00+01:00,109,4,105,18.214376818550008,139,5,134,19.408576933840735
2020-01-19 19:00:00+01:00,89,3,86,10.527801976587284,90,3,87,10.477669283936715
2020-01-19 20:00:00+01:00,74,3,71,9.886934519670994,107,4,103,12.742346635562697
2020-01-19 21:00:00+01:00,73,2,71,10.015349835153332,86,3,83,9.565861223121674
2020-01-19 22:00:00+01:00,59,2,57,11.512224289105106,74,3,71,9.886934519670994
2020-01-19 23:00:00+01:00,29,1,28,0.5419439371488394,36,1,35,2.727177547566476
2020-01-20 00:00:00+01:00,39,3,36,6.782457974710225,37,4,33,2.066086063070793
2020-01-20 01:00:00+01:00,26,2,24,1.5382661455122164,26,2,24,1.5382661455122164
2020-01-20 02:00:00+01:00,24,2,22,1.5004308879154395,26,2,24,1.5382661455122164
2020-01-20 03:00:00+01:00,37,3,34,2.066086063070793,39,4,35,6.782457974710225
2020-01-20 04:00:00+01:00,60,5,55,10.583722413773145,62,6,56,14.48690450543278
2020-01-20 05:00:00+01:00,108,10,98,14.813734676069407,112,11,101,14.898852003445265
2020-01-20 06:00:00+01:00,136,13,123,16.594078125250377,142,16,126,21.623487252479663
2020-01-20 07:00:00+01:00,226,22,204,20.308697708911414,214,23,191,18.560318290748608
2020-01-20 08:00:00+01:00,239,24,215,13.74553452780325,235,29,206,20.674840106170866
2020-01-20 09:00:00+01:00,154,16,138,23.457384968254527,151,18,133,19.408157188048275
2020-01-20 10:00:00+01:00,128,11,117,19.601953989978306,128,12,116,19.601953989978306
2020-01-20 11:00:00+01:00,152,13,139,20.188330220444417,154,15,139,23.457384968254527
2020-01-20 12:00:00+01:00,123,13,110,19.074654696202938,128,14,114,19.601953989978306
2020-01-20 13:00:00+01:00,127,11,116,19.116953333289125,125,13,112,23.026828253397017
2020-01-20 14:00:00+01:00,127,11,116,19.116953333289125,125,13,112,23.026828253397017
2020-01-20 15:00:00+01:00,139,12,127,18.732486269107348,137,15,122,18.928795118329443
2020-01-20 16:00:00+01:00,145,14,131,18.85528596371164,157,17,140,23.857880119976507
2020-01-20 17:00:00+01:00,216,21,195,21.273439412003903,220,27,193,16.758079648934128
2020-01-20 18:00:00+01:00,228,21,207,15.818609956751573,225,22,203,17.07968654570721
2020-01-20 19:00:00+01:00,168,15,153,20.304807772345505,167,18,149,21.39117903937357
2020-01-20 20:00:00+01:00,166,16,150,18.57114730689396,170,20,150,19.775542485132945
2020-01-20 21:00:00+01:00,122,13,109,20.245567873519157,131,15,116,14.183230975852695
2020-01-20 22:00:00+01:00,89,8,81,17.562315027840828,89,8,81,17.562315027840828
2020-01-20 23:00:00+01:00,63,5,58,14.929801273937542,62,6,56,14.48690450543278
2020-01-21 00:00:00+01:00,33,2,31,5.985660510090718,39,3,36,6.782457974710225
2020-01-21 01:00:00+01:00,22,1,21,0.1277873501672996,26,2,24,1.5382661455122164
2020-01-21 02:00:00+01:00,25,2,23,1.1875344360364632,27,2,25,1.9016023008994223
2020-01-21 03:00:00+01:00,38,3,35,11.101073107969722,40,4,36,5.275608835029151
2020-01-21 04:00:00+01:00,62,5,57,14.48690450543278,62,5,57,14.48690450543278
2020-01-21 05:00:00+01:00,101,8,93,11.280950715811313,121,12,109,20.317620945183666
2020-01-21 06:00:00+01:00,138,11,127,20.21600799483387,138,14,124,20.21600799483387
2020-01-21 07:00:00+01:00,192,17,175,21.295822766447603,225,21,204,17.07968654570721
2020-01-21 08:00:00+01:00,218,18,200,22.57742359713229,242,27,215,20.990360069331732
2020-01-21 09:00:00+01:00,142,13,129,21.623487252479663,164,16,148,22.827361263214527
2020-01-21 10:00:00+01:00,129,10,119,17.995114557081255,131,11,120,14.183230975852695
2020-01-21 11:00:00+01:00,142,11,131,21.623487252479663,164,16,148,22.827361263214527
2020-01-21 12:00:00+01:00,129,10,119,17.995114557081255,131,11,120,14.183230975852695
2020-01-21 13:00:00+01:00,119,9,110,22.46945513312648,129,12,117,17.995114557081255
2020-01-21 14:00:00+01:00,119,9,110,22.46945513312648,129,12,117,17.995114557081255
2020-01-21 15:00:00+01:00,130,10,120,15.65660051079879,144,12,132,22.91915418498221
2020-01-21 16:00:00+01:00,139,13,126,18.732486269107348,150,15,135,17.939622434692456
2020-01-21 17:00:00+01:00,209,17,192,22.16757043059366,224,19,205,16.30248157536985
2020-01-21 18:00:00+01:00,213,17,196,20.488166305452438,246,24,222,17.57126233227549
2020-01-21 19:00:00+01:00,153,14,139,14.915022999208679,172,15,157,19.644113972447897
2020-01-21 20:00:00+01:00,155,15,140,19.469409355748308,165,18,147,20.56038540292619
2020-01-21 21:00:00+01:00,119,11,108,22.46945513312648,129,12,117,17.995114557081255
2020-01-21 22:00:00+01:00,83,6,77,18.699193296190067,90,9,81,13.960700117154147
2020-01-21 23:00:00+01:00,58,4,54,10.505136369992313,67,7,60,12.5039951599288
2020-01-22 00:00:00+01:00,38,4,34,7.590795833711637,34,3,31,11.019687492562438
2020-01-22 01:00:00+01:00,25,3,22,4.851536786659508,25,2,23,4.851536786659508
2020-01-22 02:00:00+01:00,25,2,23,4.851536786659508,25,2,23,4.851536786659508
2020-01-22 03:00:00+01:00,38,4,34,7.590795833711637,34,3,31,11.019687492562438
2020-01-22 04:00:00+01:00,63,7,56,13.630126271531418,62,6,56,12.779859753427614
2020-01-22 05:00:00+01:00,114,13,101,17.516346710171707,112,12,100,16.537505199847164
2020-01-22 06:00:00+01:00,140,19,121,17.88117043007633,141,14,127,16.082921323202
2020-01-22 07:00:00+01:00,214,24,190,24.48806340301503,203,19,184,21.5050173548228
2020-01-22 08:00:00+01:00,226,28,198,20.105295377891462,220,27,193,18.729640796362187
2020-01-22 09:00:00+01:00,153,19,134,18.89706115395996,139,16,123,21.474746575274906
2020-01-22 10:00:00+01:00,126,17,109,16.250667590352332,123,13,110,15.262138605096247
2020-01-22 11:00:00+01:00,153,18,135,18.89706115395996,139,16,123,21.474746575274906
2020-01-22 12:00:00+01:00,126,17,109,16.250667590352332,123,13,110,15.262138605096247
2020-01-22 13:00:00+01:00,127,15,112,19.95892802947898,120,14,106,10.291257377501918
2020-01-22 14:00:00+01:00,127,16,111,19.95892802947898,120,14,106,10.291257377501918
2020-01-22 15:00:00+01:00,140,18,122,17.88117043007633,141,14,127,16.082921323202
2020-01-22 16:00:00+01:00,151,17,134,19.198981193831877,149,16,133,18.476483571588744
2020-01-22 17:00:00+01:00,217,26,191,20.47500927792046,213,24,189,16.70464389525102
2020-01-22 18:00:00+01:00,232,26,206,24.606618615768106,205,22,183,18.29833304368066
2020-01-22 19:00:00+01:00,167,22,145,16.493575022686013,154,14,140,25.102227050596255
2020-01-22 20:00:00+01:00,167,21,146,16.493575022686013,154,14,140,25.102227050596255
2020-01-22 21:00:00+01:00,129,16,113,12.321757402623772,125,13,112,14.698947587184879
2020-01-22 22:00:00+01:00,89,11,78,16.127888447212325,79,9,70,16.621554061874914
2020-01-22 23:00:00+01:00,63,8,55,13.630126271531418,62,6,56,12.779859753427614
2020-01-23 00:00:00+01:00,35,2,33,7.122002820118646,36,5,31,3.0873599992209124
2020-01-23 01:00:00+01:00,23,1,22,0.4122417358964417,25,3,22,1.1875344360364632
2020-01-23 02:00:00+01:00,25,2,23,1.1875344360364632,25,3,22,1.1875344360364632
2020-01-23 03:00:00+01:00,37,3,34,2.066086063070793,38,5,33,11.101073107969722
2020-01-23 04:00:00+01:00,59,5,54,10.572210467564378,58,7,51,10.505136369992313
2020-01-23 05:00:00+01:00,106,9,97,12.94750706735717,114,18,96,18.09348958441383
2020-01-23 06:00:00+01:00,124,11,113,17.53992981591413,129,19,110,17.995114557081255
2020-01-23 07:00:00+01:00,195,14,181,23.83440770251287,216,27,189,21.273439412003903
2020-01-23 08:00:00+01:00,212,19,193,18.597605283865732,231,33,198,16.702836426900134
2020-01-23 09:00:00+01:00,140,10,130,15.331768592489755,140,20,120,15.331768592489755
2020-01-23 10:00:00+01:00,109,9,100,14.645038576883659,117,15,102,21.891304075969387
2020-01-23 11:00:00+01:00,150,12,138,17.939622434692456,153,18,135,14.915022999208679
2020-01-23 12:00:00+01:00,115,8,107,27.52702584121565,121,19,102,20.317620945183666
2020-01-23 13:00:00+01:00,122,9,113,20.245567873519157,128,19,109,19.601953989978306
2020-01-23 14:00:00+01:00,114,8,106,18.09348958441383,121,19,102,20.317620945183666
2020-01-23 15:00:00+01:00,134,10,124,14.701306049248211,135,21,114,21.280002906629502
2020-01-23 16:00:00+01:00,149,11,138,20.003285796587473,153,18,135,14.915022999208679
2020-01-23 17:00:00+01:00,196,15,181,20.04912381427717,216,27,189,21.273439412003903
2020-01-23 18:00:00+01:00,212,19,193,18.597605283865732,231,33,198,16.702836426900134
2020-01-23 19:00:00+01:00,152,11,141,20.188330220444417,162,21,141,19.08849102929865
2020-01-23 20:00:00+01:00,165,13,152,20.56038540292619,160,24,136,19.89239402952506
2020-01-23 21:00:00+01:00,127,10,117,19.116953333289125,117,15,102,21.891304075969387
2020-01-23 22:00:00+01:00,87,7,80,17.896548892855574,85,10,75,19.289671453475872
2020-01-23 23:00:00+01:00,56,4,52,10.152150256689218,64,8,56,14.414592943793718
2020-01-24 00:00:00+01:00,38,3,35,11.101073107969722,38,4,34,11.101073107969722
2020-01-24 01:00:00+01:00,25,2,23,1.1875344360364632,25,2,23,1.1875344360364632
2020-01-24 02:00:00+01:00,25,2,23,1.1875344360364632,25,2,23,1.1875344360364632
2020-01-24 03:00:00+01:00,37,3,34,2.066086063070793,38,4,34,11.101073107969722
2020-01-24 04:00:00+01:00,63,6,57,14.929801273937542,58,5,53,10.505136369992313
2020-01-24 05:00:00+01:00,113,12,101,20.093188266697116,113,11,102,20.093188266697116
2020-01-24 06:00:00+01:00,140,13,127,15.331768592489755,129,13,116,17.995114557081255
2020-01-24 07:00:00+01:00,210,19,191,16.3212742992447,212,18,194,18.597605283865732
2020-01-24 08:00:00+01:00,228,23,205,15.818609956751573,211,19,192,18.759232281731908
2020-01-24 09:00:00+01:00,147,14,133,20.208056467665056,153,13,140,14.915022999208679
2020-01-24 10:00:00+01:00,124,11,113,17.53992981591413,117,12,105,21.891304075969387
2020-01-24 11:00:00+01:00,153,15,138,14.915022999208679,148,13,135,18.058884943386857
2020-01-24 12:00:00+01:00,129,13,116,17.995114557081255,123,10,113,19.074654696202938
2020-01-24 13:00:00+01:00,124,12,112,17.53992981591413,117,12,105,21.891304075969387
2020-01-24 14:00:00+01:00,128,12,116,19.601953989978306,123,10,113,19.074654696202938
2020-01-24 15:00:00+01:00,136,14,122,16.594078125250377,138,14,124,20.21600799483387
2020-01-24 16:00:00+01:00,145,14,131,18.85528596371164,154,15,139,23.457384968254527
2020-01-24 17:00:00+01:00,207,22,185,21.877297854955202,202,19,183,22.500350864850866
2020-01-24 18:00:00+01:00,218,21,197,22.57742359713229,227,25,202,19.269071808142694
2020-01-24 19:00:00+01:00,158,15,143,21.67102174389251,159,15,144,17.78748005044877
2020-01-24 20:00:00+01:00,160,14,146,19.89239402952506,159,13,146,17.78748005044877
2020-01-24 21:00:00+01:00,123,11,112,19.074654696202938,123,12,111,19.074654696202938
2020-01-24 22:00:00+01:00,86,8,78,21.204994436842384,85,7,78,19.289671453475872
2020-01-24 23:00:00+01:00,61,6,55,12.362973378192347,58,5,53,10.505136369992313
2020-01-25 00:00:00+01:00,37,2,35,3.5125252112896685,39,2,37,6.913338666308079
2020-01-25 01:00:00+01:00,24,1,23,0.16633697306049489,26,1,25,0.13434729751860394
2020-01-25 02:00:00+01:00,25,1,24,0.10677168789919293,26,1,25,0.13434729751860394
2020-01-25 03:00:00+01:00,38,2,36,5.960450042509954,39,2,37,6.913338666308079
2020-01-25 04:00:00+01:00,48,3,45,9.964553643509852,52,2,50,14.472017643602554
2020-01-25 05:00:00+01:00,62,4,58,14.019247608895405,65,4,61,10.13470849860639
2020-01-25 06:00:00+01:00,101,6,95,14.022694861996197,105,6,99,16.343560716114418
2020-01-25 07:00:00+01:00,147,9,138,16.306492316544293,159,10,149,19.89258263570152
2020-01-25 08:00:00+01:00,206,11,195,20.90053052788098,208,12,196,18.807092053665322
2020-01-25 09:00:00+01:00,213,14,199,20.238518600536185,223,14,209,18.802339292525456
2020-01-25 10:00:00+01:00,187,12,175,15.611538170802525,198,12,186,20.173795644408123
2020-01-25 11:00:00+01:00,152,10,142,18.686880121910534,155,8,147,18.708796369633056
2020-01-25 12:00:00+01:00,145,8,137,19.922746131926434,158,8,150,19.40470350916573
2020-01-25 13:00:00+01:00,167,9,158,19.047083059371815,172,10,162,18.863206387348974
2020-01-25 14:00:00+01:00,154,8,146,19.868163821621103,155,8,147,18.708796369633056
2020-01-25 15:00:00+01:00,169,9,160,20.526675282456768,185,10,175,20.88033942284811
2020-01-25 16:00:00+01:00,172,10,162,18.863206387348974,186,9,177,20.400698976924794
2020-01-25 17:00:00+01:00,199,12,187,19.11274068140836,209,10,199,16.60419034744366
2020-01-25 18:00:00+01:00,190,11,179,20.182913119811044,197,10,187,19.118279085736297
2020-01-25 19:00:00+01:00,146,9,137,19.4340926707284,157,8,149,19.700921436065542
2020-01-25 20:00:00+01:00,142,8,134,19.57947604189084,146,8,138,19.4340926707284
2020-01-25 21:00:00+01:00,124,7,117,14.467255533674502,129,7,122,12.81298343964759
2020-01-25 22:00:00+01:00,100,6,94,12.129363492765288,105,7,98,16.343560716114418
2020-01-25 23:00:00+01:00,49,3,46,12.126419816698254,52,2,50,14.472017643602554
2020-01-26 00:00:00+01:00,21,0,21,0.0727095127790566,25,0,25,0.10677168789919293
2020-01-26 01:00:00+01:00,14,0,14,0.0,18,0,18,0.014449312499738909
2020-01-26 02:00:00+01:00,13,0,13,0.0,18,0,18,0.014449312499738909
2020-01-26 03:00:00+01:00,20,0,20,0.04910283862897408,25,0,25,0.10677168789919293
2020-01-26 04:00:00+01:00,29,1,28,0.5419439371488394,36,1,35,2.727177547566476
2020-01-26 05:00:00+01:00,36,1,35,2.727177547566476,48,1,47,9.964553643509852
2020-01-26 06:00:00+01:00,57,2,55,11.247345675463038,74,3,71,9.886934519670994
2020-01-26 07:00:00+01:00,87,3,84,9.504121716770046,119,3,116,9.275729661817119
2020-01-26 08:00:00+01:00,110,4,106,20.964248322238312,128,4,124,16.268122259148125
2020-01-26 09:00:00+01:00,118,4,114,16.65435568776215,166,6,160,16.094287115128708
2020-01-26 10:00:00+01:00,106,4,102,19.560878716092326,149,5,144,17.937448228249327
2020-01-26 11:00:00+01:00,82,3,79,8.6962433625344,98,3,95,9.366341704429512
2020-01-26 12:00:00+01:00,86,3,83,9.565861223121674,119,3,116,9.275729661817119
2020-01-26 13:00:00+01:00,89,3,86,10.527801976587284,98,4,94,9.366341704429512
2020-01-26 14:00:00+01:00,86,3,83,9.565861223121674,119,3,116,9.275729661817119
2020-01-26 15:00:00+01:00,96,4,92,10.792244903732447,127,4,123,18.022773693841014
2020-01-26 16:00:00+01:00,97,4,93,12.91170780960746,118,4,114,16.65435568776215
2020-01-26 17:00:00+01:00,117,4,113,13.539944397802945,135,5,130,20.27811899595658
2020-01-26 18:00:00+01:00,109,4,105,18.214376818550008,139,5,134,19.408576933840735
2020-01-26 19:00:00+01:00,89,3,86,10.527801976587284,90,3,87,10.477669283936715
2020-01-26 20:00:00+01:00,74,3,71,9.886934519670994,107,4,103,12.742346635562697
2020-01-26 21:00:00+01:00,73,2,71,10.015349835153332,86,3,83,9.565861223121674
2020-01-26 22:00:00+01:00,59,2,57,11.512224289105106,74,3,71,9.886934519670994
2020-01-26 23:00:00+01:00,29,1,28,0.5419439371488394,36,1,35,2.727177547566476
2020-01-27 00:00:00+01:00,39,3,36,6.782457974710225,37,4,33,2.066086063070793
2020-01-27 01:00:00+01:00,26,2,24,1.5382661455122164,26,2,24,1.5382661455122164
2020-01-27 02:00:00+01:00,24,2,22,1.5004308879154395,26,2,24,1.5382661455122164
2020-01-27 03:00:00+01:00,37,3,34,2.066086063070793,39,4,35,6.782457974710225
2020-01-27 04:00:00+01:00,60,5,55,10.583722413773145,62,6,56,14.48690450543278
2020-01-27 05:00:00+01:00,108,10,98,14.813734676069407,112,11,101,14.898852003445265
2020-01-27 06:00:00+01:00,136,13,123,16.594078125250377,142,16,126,21.623487252479663
2020-01-27 07:00:00+01:00,226,22,204,20.308697708911414,214,23,191,18.560318290748608
2020-01-27 08:00:00+01:00,239,24,215,13.74553452780325,235,29,206,20.674840106170866
2020-01-27 09:00:00+01:00,154,16,138,23.457384968254527,151,18,133,19.408157188048275
2020-01-27 10:00:00+01:00,128,11,117,19.601953989978306,128,12,116,19.601953989978306
2020-01-27 11:00:00+01:00,152,13,139,20.188330220444417,154,15,139,23.457384968254527
2020-01-27 12:00:00+01:00,123,13,110,19.074654696202938,128,14,114,19.601953989978306
2020-01-27 13:00:00+01:00,127,11,116,19.116953333289125,125,13,112,23.026828253397017
2020-01-27 14:00:00+01:00,127,11,116,19.116953333289125,125,13,112,23.026828253397017
2020-01-27 15:00:00+01:00,139,12,127,18.732486269107348,137,15,122,18.928795118329443
2020-01-27 16:00:00+01:00,145,14,131,18.85528596371164,157,17,140,23.857880119976507
2020-01-27 17:00:00+01:00,216,21,195,21.273439412003903,220,27,193,16.758079648934128
2020-01-27 18:00:00+01:00,228,21,207,15.818609956751573,225,22,203,17.07968654570721
2020-01-27 19:00:00+01:00,168,15,153,20.304807772345505,167,18,149,21.39117903937357
2020-01-27 20:00:00+01:00,166,16,150,18.57114730689396,170,20,150,19.775542485132945
2020-01-27 21:00:00+01:00,122,13,109,20.245567873519157,131,15,116,14.183230975852695
2020-01-27 22:00:00+01:00,89,8,81,17.562315027840828,89,8,81,17.562315027840828
2020-01-27 23:00:00+01:00,63,5,58,14.929801273937542,62,6,56,14.48690450543278
2020-01-28 00:00:00+01:00,33,2,31,5.985660510090718,39,3,36,6.782457974710225
2020-01-28 01:00:00+01:00,22,1,21,0.1277873501672996,26,2,24,1.5382661455122164
2020-01-28 02:00:00+01:00,25,2,23,1.1875344360364632,27,2,25,1.9016023008994223
2020-01-28 03:00:00+01:00,38,3,35,11.101073107969722,40,4,36,5.275608835029151
2020-01-28 04:00:00+01:00,62,5,57,14.48690450543278,62,5,57,14.48690450543278
2020-01-28 05:00:00+01:00,101,8,93,11.280950715811313,121,12,109,20.317620945183666
2020-01-28 06:00:00+01:00,138,11,127,20.21600799483387,138,14,124,20.21600799483387
2020-01-28 07:00:00+01:00,192,17,175,21.295822766447603,225,21,204,17.07968654570721
2020-01-28 08:00:00+01:00,218,18,200,22.57742359713229,242,27,215,20.990360069331732
2020-01-28 09:00:00+01:00,142,13,129,21.623487252479663,164,16,148,22.827361263214527
2020-01-28 10:00:00+01:00,129,10,119,17.995114557081255,131,11,120,14.183230975852695
2020-01-28 11:00:00+01:00,142,11,131,21.623487252479663,164,16,148,22.827361263214527
2020-01-28 12:00:00+01:00,129,10,119,17.995114557081255,131,11,120,14.183230975852695
2020-01-28 13:00:00+01:00,119,9,110,22.46945513312648,129,12,117,17.995114557081255
2020-01-28 14:00:00+01:00,119,9,110,22.46945513312648,129,12,117,17.995114557081255
2020-01-28 15:00:00+01:00,130,10,120,15.65660051079879,144,12,132,22.91915418498221
2020-01-28 16:00:00+01:00,139,13,126,18.732486269107348,150,15,135,17.939622434692456
2020-01-28 17:00:00+01:00,209,17,192,22.16757043059366,224,19,205,16.30248157536985
2020-01-28 18:00:00+01:00,213,17,196,20.488166305452438,246,24,222,17.57126233227549
2020-01-28 19:00:00+01:00,153,14,139,14.915022999208679,172,15,157,19.644113972447897
2020-01-28 20:00:00+01:00,155,15,140,19.469409355748308,165,18,147,20.56038540292619
2020-01-28 21:00:00+01:00,119,11,108,22.46945513312648,129,12,117,17.995114557081255
2020-01-28 22:00:00+01:00,83,6,77,18.699193296190067,90,9,81,13.960700117154147
2020-01-28 23:00:00+01:00,58,4,54,10.505136369992313,67,7,60,12.5039951599288
2020-01-29 00:00:00+01:00,38,4,34,7.590795833711637,34,3,31,11.019687492562438
2020-01-29 01:00:00+01:00,25,3,22,4.851536786659508,25,2,23,4.851536786659508
2020-01-29 02:00:00+01:00,25,2,23,4.851536786659508,25,2,23,4.851536786659508
2020-01-29 03:00:00+01:00,38,4,34,7.590795833711637,34,3,31,11.019687492562438
2020-01-29 04:00:00+01:00,63,7,56,13.630126271531418,62,6,56,12.779859753427614
2020-01-29 05:00:00+01:00,114,13,101,17.516346710171707,112,12,100,16.537505199847164
2020-01-29 06:00:00+01:00,140,19,121,17.88117043007633,141,14,127,16.082921323202
2020-01-29 07:00:00+01:00,214,24,190,24.48806340301503,203,19,184,21.5050173548228
2020-01-29 08:00:00+01:00,226,28,198,20.105295377891462,220,27,193,18.729640796362187
2020-01-29 09:00:00+01:00,153,19,134,18.89706115395996,139,16,123,21.474746575274906
2020-01-29 10:00:00+01:00,126,17,109,16.250667590352332,123,13,110,15.262138605096247
2020-01-29 11:00:00+01:00,153,18,135,18.89706115395996,139,16,123,21.474746575274906
2020-01-29 12:00:00+01:00,126,17,109,16.250667590352332,123,13,110,15.262138605096247
2020-01-29 13:00:00+01:00,127,15,112,19.95892802947898,120,14,106,10.291257377501918
2020-01-29 14:00:00+01:00,127,16,111,19.95892802947898,120,14,106,10.291257377501918
2020-01-29 15:00:00+01:00,140,18,122,17.88117043007633,141,14,127,16.082921323202
2020-01-29 16:00:00+01:00,151,17,134,19.198981193831877,149,16,133,18.476483571588744
2020-01-29 17:00:00+01:00,217,26,191,20.47500927792046,213,24,189,16.70464389525102
2020-01-29 18:00:00+01:00,232,26,206,24.606618615768106,205,22,183,18.29833304368066
2020-01-29 19:00:00+01:00,167,22,145,16.493575022686013,154,14,140,25.102227050596255
2020-01-29 20:00:00+01:00,167,21,146,16.493575022686013,154,14,140,25.102227050596255
2020-01-29 21:00:00+01:00,129,16,113,12.321757402623772,125,13,112,14.698947587184879
2020-01-29 22:00:00+01:00,89,11,78,16.127888447212325,79,9,70,16.621554061874914
2020-01-29 23:00:00+01:00,63,8,55,13.630126271531418,62,6,56,12.779859753427614
2020-01-30 00:00:00+01:00,35,2,33,7.122002820118646,36,5,31,3.0873599992209124
2020-01-30 01:00:00+01:00,23,1,22,0.4122417358964417,25,3,22,1.1875344360364632
2020-01-30 02:00:00+01:00,25,2,23,1.1875344360364632,25,3,22,1.1875344360364632
2020-01-30 03:00:00+01:00,37,3,34,2.066086063070793,38,5,33,11.101073107969722
2020-01-30 04:00:00+01:00,59,5,54,10.572210467564378,58,7,51,10.505136369992313
2020-01-30 05:00:00+01:00,106,9,97,12.94750706735717,114,18,96,18.09348958441383
2020-01-30 06:00:00+01:00,124,11,113,17.53992981591413,129,19,110,17.995114557081255
2020-01-30 07:00:00+01:00,195,14,181,23.83440770251287,216,27,189,21.273439412003903
2020-01-30 08:00:00+01:00,212,19,193,18.597605283865732,231,33,198,16.702836426900134
2020-01-30 09:00:00+01:00,140,10,130,15.331768592489755,140,20,120,15.331768592489755
2020-01-30 10:00:00+01:00,109,9,100,14.645038576883659,117,15,102,21.891304075969387
2020-01-30 11:00:00+01:00,150,12,138,17.939622434692456,153,18,135,14.915022999208679
2020-01-30 12:00:00+01:00,115,8,107,27.52702584121565,121,19,102,20.317620945183666
2020-01-30 13:00:00+01:00,122,9,113,20.245567873519157,128,19,109,19.601953989978306
2020-01-30 14:00:00+01:00,114,8,106,18.09348958441383,121,19,102,20.317620945183666
2020-01-30 15:00:00+01:00,134,10,124,14.701306049248211,135,21,114,21.280002906629502
2020-01-30 16:00:00+01:00,149,11,138,20.003285796587473,153,18,135,14.915022999208679
2020-01-30 17:00:00+01:00,196,15,181,20.04912381427717,216,27,189,21.273439412003903
2020-01-30 18:00:00+01:00,212,19,193,18.597605283865732,231,33,198,16.702836426900134
2020-01-30 19:00:00+01:00,152,11,141,20.188330220444417,162,21,141,19.08849102929865
2020-01-30 20:00:00+01:00,165,13,152,20.56038540292619,160,24,136,19.89239402952506
2020-01-30 21:00:00+01:00,127,10,117,19.116953333289125,117,15,102,21.891304075969387
2020-01-30 22:00:00+01:00,87,7,80,17.896548892855574,85,10,75,19.289671453475872
2020-01-30 23:00:00+01:00,56,4,52,10.152150256689218,64,8,56,14.414592943793718
2020-01-31 00:00:00+01:00,38,3,35,11.101073107969722,38,4,34,11.101073107969722
2020-01-31 01:00:00+01:00,25,2,23,1.1875344360364632,25,2,23,1.1875344360364632
2020-01-31 02:00:00+01:00,25,2,23,1.1875344360364632,25,2,23,1.1875344360364632
2020-01-31 03:00:00+01:00,37,3,34,2.066086063070793,38,4,34,11.101073107969722
2020-01-31 04:00:00+01:00,63,6,57,14.929801273937542,58,5,53,10.505136369992313
2020-01-31 05:00:00+01:00,113,12,101,20.093188266697116,113,11,102,20.093188266697116
2020-01-31 06:00:00+01:00,140,13,127,15.331768592489755,129,13,116,17.995114557081255
2020-01-31 07:00:00+01:00,210,19,191,16.3212742992447,212,18,194,18.597605283865732
2020-01-31 08:00:00+01:00,228,23,205,15.818609956751573,211,19,192,18.759232281731908
2020-01-31 09:00:00+01:00,147,14,133,20.208056467665056,153,13,140,14.915022999208679
2020-01-31 10:00:00+01:00,124,11,113,17.53992981591413,117,12,105,21.891304075969387
2020-01-31 11:00:00+01:00,153,15,138,14.915022999208679,148,13,135,18.058884943386857
2020-01-31 12:00:00+01:00,129,13,116,17.995114557081255,123,10,113,19.074654696202938
2020-01-31 13:00:00+01:00,124,12,112,17.53992981591413,117,12,105,21.891304075969387
2020-01-31 14:00:00+01:00,128,12,116,19.601953989978306,123,10,113,19.074654696202938
2020-01-31 15:00:00+01:00,136,14,122,16.594078125250377,138,14,124,20.21600799483387
2020-01-31 16:00:00+01:00,145,14,131,18.85528596371164,154,15,139,23.457384968254527
2020-01-31 17:00:00+01:00,207,22,185,21.877297854955202,202,19,183,22.500350864850866
2020-01-31 18:00:00+01:00,218,21,197,22.57742359713229,227,25,202,19.269071808142694
2020-01-31 19:00:00+01:00,158,15,143,21.67102174389251,159,15,144,17.78748005044877
2020-01-31 20:00:00+01:00,160,14,146,19.89239402952506,159,13,146,17.78748005044877
2020-01-31 21:00:00+01:00,123,11,112,19.074654696202938,123,12,111,19.074654696202938
2020-01-31 22:00:00+01:00,86,8,78,21.204994436842384,85,7,78,19.289671453475872
2020-01-31 23:00:00+01:00,61,6,55,12.362973378192347,58,5,53,10.505136369992313
2020-02-01 00:00:00+01:00,37,2,35,3.5125252112896685,39,2,37,6.913338666308079
2020-02-01 01:00:00+01:00,24,1,23,0.16633697306049489,26,1,25,0.13434729751860394
2020-02-01 02:00:00+01:00,25,1,24,0.10677168789919293,26,1,25,0.13434729751860394
2020-02-01 03:00:00+01:00,38,2,36,5.960450042509954,39,2,37,6.913338666308079
2020-02-01 04:00:00+01:00,48,3,45,9.964553643509852,52,2,50,14.472017643602554
2020-02-01 05:00:00+01:00,62,4,58,14.019247608895405,65,4,61,10.13470849860639
2020-02-01 06:00:00+01:00,101,6,95,14.022694861996197,105,6,99,16.343560716114418
2020-02-01 07:00:00+01:00,147,9,138,16.306492316544293,159,10,149,19.89258263570152
2020-02-01 08:00:00+01:00,206,11,195,20.90053052788098,208,12,196,18.807092053665322
2020-02-01 09:00:00+01:00,213,14,199,20.238518600536185,223,14,209,18.802339292525456
2020-02-01 10:00:00+01:00,187,12,175,15.611538170802525,198,12,186,20.173795644408123
2020-02-01 11:00:00+01:00,152,10,142,18.686880121910534,155,8,147,18.708796369633056
2020-02-01 12:00:00+01:00,145,8,137,19.922746131926434,158,8,150,19.40470350916573
2020-02-01 13:00:00+01:00,167,9,158,19.047083059371815,172,10,162,18.863206387348974
2020-02-01 14:00:00+01:00,154,8,146,19.868163821621103,155,8,147,18.708796369633056
2020-02-01 15:00:00+01:00,169,9,160,20.526675282456768,185,10,175,20.88033942284811
2020-02-01 16:00:00+01:00,172,10,162,18.863206387348974,186,9,177,20.400698976924794
2020-02-01 17:00:00+01:00,199,12,187,19.11274068140836,209,10,199,16.60419034744366
2020-02-01 18:00:00+01:00,190,11,179,20.182913119811044,197,10,187,19.118279085736297
2020-02-01 19:00:00+01:00,146,9,137,19.4340926707284,157,8,149,19.700921436065542
2020-02-01 20:00:00+01:00,142,8,134,19.57947604189084,146,8,138,19.4340926707284
2020-02-01 21:00:00+01:00,124,7,117,14.467255533674502,129,7,122,12.81298343964759
2020-02-01 22:00:00+01:00,100,6,94,12.129363492765288,105,7,98,16.343560716114418
2020-02-01 23:00:00+01:00,49,3,46,12.126419816698254,52,2,50,14.472017643602554
2020-02-02 00:00:00+01:00,21,0,21,0.0727095127790566,25,0,25,0.10677168789919293
2020-02-02 01:00:00+01:00,14,0,14,0.0,18,0,18,0.014449312499738909
2020-02-02 02:00:00+01:00,13,0,13,0.0,18,0,18,0.014449312499738909
2020-02-02 03:00:00+01:00,20,0,20,0.04910283862897408,25,0,25,0.10677168789919293
2020-02-02 04:00:00+01:00,29,1,28,0.5419439371488394,36,1,35,2.727177547566476
2020-02-02 05:00:00+01:00,36,1,35,2.727177547566476,48,1,47,9.964553643509852
2020-02-02 06:00:00+01:00,57,2,55,11.247345675463038,74,3,71,9.886934519670994
2020-02-02 07:00:00+01:00,87,3,84,9.504121716770046,119,3,116,9.275729661817119
2020-02-02 08:00:00+01:00,110,4,106,20.964248322238312,128,4,124,16.268122259148125
2020-02-02 09:00:00+01:00,118,4,114,16.65435568776215,166,6,160,16.094287115128708
2020-02-02 10:00:00+01:00,106,4,102,19.560878716092326,149,5,144,17.937448228249327
2020-02-02 11:00:00+01:00,82,3,79,8.6962433625344,98,3,95,9.366341704429512
2020-02-02 12:00:00+01:00,86,3,83,9.565861223121674,119,3,116,9.275729661817119
2020-02-02 13:00:00+01:00,89,3,86,10.527801976587284,98,4,94,9.366341704429512
2020-02-02 14:00:00+01:00,86,3,83,9.565861223121674,119,3,116,9.275729661817119
2020-02-02 15:00:00+01:00,96,4,92,10.792244903732447,127,4,123,18.022773693841014
2020-02-02 16:00:00+01:00,97,4,93,12.91170780960746,118,4,114,16.65435568776215
2020-02-02 17:00:00+01:00,117,4,113,13.539944397802945,135,5,130,20.27811899595658
2020-02-02 18:00:00+01:00,109,4,105,18.214376818550008,139,5,134,19.408576933840735
2020-02-02 19:00:00+01:00,89,3,86,10.527801976587284,90,3,87,10.477669283936715
2020-02-02 20:00:00+01:00,74,3,71,9.886934519670994,107,4,103,12.742346635562697
2020-02-02 21:00:00+01:00,73,2,71,10.015349835153332,86,3,83,9.565861223121674
2020-02-02 22:00:00+01:00,59,2,57,11.512224289105106,74,3,71,9.886934519670994
2020-02-02 23:00:00+01:00,29,1,28,0.5419439371488394,36,1,35,2.727177547566476
2020-02-03 00:00:00+01:00,39,3,36,6.782457974710225,37,4,33,2.066086063070793
2020-02-03 01:00:00+01:00,26,2,24,1.5382661455122164,26,2,24,1.5382661455122164
2020-02-03 02:00:00+01:00,24,2,22,1.5004308879154395,26,2,24,1.5382661455122164
2020-02-03 03:00:00+01:00,37,3,34,2.066086063070793,39,4,35,6.782457974710225
2020-02-03 04:00:00+01:00,60,5,55,10.583722413773145,62,6,56,14.48690450543278
2020-02-03 05:00:00+01:00,108,10,98,14.813734676069407,112,11,101,14.898852003445265
2020-02-03 06:00:00+01:00,136,13,123,16.594078125250377,142,16,126,21.623487252479663
2020-02-03 07:00:00+01:00,226,22,204,20.308697708911414,214,23,191,18.560318290748608
2020-02-03 08:00:00+01:00,239,24,215,13.74553452780325,235,29,206,20.674840106170866
2020-02-03 09:00:00+01:00,154,16,138,23.457384968254527,151,18,133,19.408157188048275
2020-02-03 10:00:00+01:00,128,11,117,19.601953989978306,128,12,116,19.601953989978306
2020-02-03 11:00:00+01:00,152,13,139,20.188330220444417,154,15,139,23.457384968254527
2020-02-03 12:00:00+01:00,123,13,110,19.074654696202938,128,14,114,19.601953989978306
2020-02-03 13:00:00+01:00,127,11,116,19.116953333289125,125,13,112,23.026828253397017
2020-02-03 14:00:00+01:00,127,11,116,19.116953333289125,125,13,112,23.026828253397017
2020-02-03 15:00:00+01:00,139,12,127,18.732486269107348,137,15,122,18.928795118329443
2020-02-03 16:00:00+01:00,145,14,131,18.85528596371164,157,17,140,23.857880119976507
2020-02-03 17:00:00+01:00,216,21,195,21.273439412003903,220,27,193,16.758079648934128
2020-02-03 18:00:00+01:00,228,21,207,15.818609956751573,225,22,203,17.07968654570721
2020-02-03 19:00:00+01:00,168,15,153,20.304807772345505,167,18,149,21.39117903937357
2020-02-03 20:00:00+01:00,166,16,150,18.57114730689396,170,20,150,19.775542485132945
2020-02-03 21:00:00+01:00,122,13,109,20.245567873519157,131,15,116,14.183230975852695
2020-02-03 22:00:00+01:00,89,8,81,17.562315027840828,89,8,81,17.562315027840828
2020-02-03 23:00:00+01:00,63,5,58,14.929801273937542,62,6,56,14.48690450543278
2020-02-04 00:00:00+01:00,33,2,31,5.985660510090718,39,3,36,6.782457974710225
2020-02-04 01:00:00+01:00,22,1,21,0.1277873501672996,26,2,24,1.5382661455122164
2020-02-04 02:00:00+01:00,25,2,23,1.1875344360364632,27,2,25,1.9016023008994223
2020-02-04 03:00:00+01:00,38,3,35,11.101073107969722,40,4,36,5.275608835029151
2020-02-04 04:00:00+01:00,62,5,57,14.48690450543278,62,5,57,14.48690450543278
2020-02-04 05:00:00+01:00,101,8,93,11.280950715811313,121,12,109,20.317620945183666
2020-02-04 06:00:00+01:00,138,11,127,20.21600799483387,138,14,124,20.21600799483387
2020-02-04 07:00:00+01:00,192,17,175,21.295822766447603,225,21,204,17.07968654570721
2020-02-04 08:00:00+01:00,218,18,200,22.57742359713229,242,27,215,20.990360069331732
2020-02-04 09:00:00+01:00,142,13,129,21.623487252479663,164,16,148,22.827361263214527
2020-02-04 10:00:00+01:00,129,10,119,17.995114557081255,131,11,120,14.183230975852695
2020-02-04 11:00:00+01:00,142,11,131,21.623487252479663,164,16,148,22.827361263214527
2020-02-04 12:00:00+01:00,129,10,119,17.995114557081255,131,11,120,14.183230975852695
2020-02-04 13:00:00+01:00,119,9,110,22.46945513312648,129,12,117,17.995114557081255
2020-02-04 14:00:00+01:00,119,9,110,22.46945513312648,129,12,117,17.995114557081255
2020-02-04 15:00:00+01:00,130,10,120,15.65660051079879,144,12,132,22.91915418498221
2020-02-04 16:00:00+01:00,139,13,126,18.732486269107348,150,15,135,17.939622434692456
2020-02-04 17:00:00+01:00,209,17,192,22.16757043059366,224,19,205,16.30248157536985
2020-02-04 18:00:00+01:00,213,17,196,20.488166305452438,246,24,222,17.57126233227549
2020-02-04 19:00:00+01:00,153,14,139,14.915022999208679,172,15,157,19.644113972447897
2020-02-04 20:00:00+01:00,155,15,140,19.469409355748308,165,18,147,20.56038540292619
2020-02-04 21:00:00+01:00,119,11,108,22.46945513312648,129,12,117,17.995114557081255
2020-02-04 22:00:00+01:00,83,6,77,18.699193296190067,90,9,81,13.960700117154147
2020-02-04 23:00:00+01:00,58,4,54,10.505136369992313,67,7,60,12.5039951599288
2020-02-05 00:00:00+01:00,38,4,34,7.590795833711637,34,3,31,11.019687492562438
2020-02-05 01:00:00+01:00,25,3,22,4.851536786659508,25,2,23,4.851536786659508
2020-02-05 02:00:00+01:00,25,2,23,4.851536786659508,25,2,23,4.851536786659508
2020-02-05 03:00:00+01:00,38,4,34,7.590795833711637,34,3,31,11.019687492562438
2020-02-05 04:00:00+01:00,63,7,56,13.630126271531418,62,6,56,12.779859753427614
2020-02-05 05:00:00+01:00,114,13,101,17.516346710171707,112,12,100,16.537505199847164
2020-02-05 06:00:00+01:00,140,19,121,17.88117043007633,141,14,127,16.082921323202
2020-02-05 07:00:00+01:00,214,24,190,24.48806340301503,203,19,184,21.5050173548228
2020-02-05 08:00:00+01:00,226,28,198,20.105295377891462,220,27,193,18.729640796362187
2020-02-05 09:00:00+01:00,153,19,134,18.89706115395996,139,16,123,21.474746575274906
2020-02-05 10:00:00+01:00,126,17,109,16.250667590352332,123,13,110,15.262138605096247
2020-02-05 11:00:00+01:00,153,18,135,18.89706115395996,139,16,123,21.474746575274906
2020-02-05 12:00:00+01:00,126,17,109,16.250667590352332,123,13,110,15.262138605096247
2020-02-05 13:00:00+01:00,127,15,112,19.95892802947898,120,14,106,10.291257377501918
2020-02-05 14:00:00+01:00,127,16,111,19.95892802947898,120,14,106,10.291257377501918
2020-02-05 15:00:00+01:00,140,18,122,17.88117043007633,141,14,127,16.082921323202
2020-02-05 16:00:00+01:00,151,17,134,19.198981193831877,149,16,133,18.476483571588744
2020-02-05 17:00:00+01:00,217,26,191,20.47500927792046,213,24,189,16.70464389525102
2020-02-05 18:00:00+01:00,232,26,206,24.606618615768106,205,22,183,18.29833304368066
2020-02-05 19:00:00+01:00,167,22,145,16.493575022686013,154,14,140,25.102227050596255
2020-02-05 20:00:00+01:00,167,21,146,16.493575022686013,154,14,140,25.102227050596255
2020-02-05 21:00:00+01:00,129,16,113,12.321757402623772,125,13,112,14.698947587184879
2020-02-05 22:00:00+01:00,89,11,78,16.127888447212325,79,9,70,16.621554061874914
2020-02-05 23:00:00+01:00,63,8,55,13.630126271531418,62,6,56,12.779859753427614
2020-02-06 00:00:00+01:00,35,2,33,7.122002820118646,36,5,31,3.0873599992209124
2020-02-06 01:00:00+01:00,23,1,22,0.4122417358964417,25,3,22,1.1875344360364632
2020-02-06 02:00:00+01:00,25,2,23,1.1875344360364632,25,3,22,1.1875344360364632
2020-02-06 03:00:00+01:00,37,3,34,2.066086063070793,38,5,33,11.101073107969722
2020-02-06 04:00:00+01:00,59,5,54,10.572210467564378,58,7,51,10.505136369992313
2020-02-06 05:00:00+01:00,106,9,97,12.94750706735717,114,18,96,18.09348958441383
2020-02-06 06:00:00+01:00,124,11,113,17.53992981591413,129,19,110,17.995114557081255
2020-02-06 07:00:00+01:00,195,14,181,23.83440770251287,216,27,189,21.273439412003903
2020-02-06 08:00:00+01:00,212,19,193,18.597605283865732,231,33,198,16.702836426900134
2020-02-06 09:00:00+01:00,140,10,130,15.331768592489755,140,20,120,15.331768592489755
2020-02-06 10:00:00+01:00,109,9,100,14.645038576883659,117,15,102,21.891304075969387
2020-02-06 11:00:00+01:00,150,12,138,17.939622434692456,153,18,135,14.915022999208679
2020-02-06 12:00:00+01:00,115,8,107,27.52702584121565,121,19,102,20.317620945183666
2020-02-06 13:00:00+01:00,122,9,113,20.245567873519157,128,19,109,19.601953989978306
2020-02-06 14:00:00+01:00,114,8,106,18.09348958441383,121,19,102,20.317620945183666
2020-02-06 15:00:00+01:00,134,10,124,14.701306049248211,135,21,114,21.280002906629502
2020-02-06 16:00:00+01:00,149,11,138,20.003285796587473,153,18,135,14.915022999208679
2020-02-06 17:00:00+01:00,196,15,181,20.04912381427717,216,27,189,21.273439412003903
2020-02-06 18:00:00+01:00,212,19,193,18.597605283865732,231,33,198,16.702836426900134
2020-02-06 19:00:00+01:00,152,11,141,20.188330220444417,162,21,141,19.08849102929865
2020-02-06 20:00:00+01:00,165,13,152,20.56038540292619,160,24,136,19.89239402952506
2020-02-06 21:00:00+01:00,127,10,117,19.116953333289125,117,15,102,21.891304075969387
2020-02-06 22:00:00+01:00,87,7,80,17.896548892855574,85,10,75,19.289671453475872
2020-02-06 23:00:00+01:00,56,4,52,10.152150256689218,64,8,56,14.414592943793718
2020-02-07 00:00:00+01:00,38,3,35,11.101073107969722,38,4,34,11.101073107969722
2020-02-07 01:00:00+01:00,25,2,23,1.1875344360364632,25,2,23,1.1875344360364632
2020-02-07 02:00:00+01:00,25,2,23,1.1875344360364632,25,2,23,1.1875344360364632
2020-02-07 03:00:00+01:00,37,3,34,2.066086063070793,38,4,34,11.101073107969722
2020-02-07 04:00:00+01:00,63,6,57,14.929801273937542,58,5,53,10.505136369992313
2020-02-07 05:00:00+01:00,113,12,101,20.093188266697116,113,11,102,20.093188266697116
2020-02-07 06:00:00+01:00,140,13,127,15.331768592489755,129,13,116,17.995114557081255
2020-02-07 07:00:00+01:00,210,19,191,16.3212742992447,212,18,194,18.597605283865732
2020-02-07 08:00:00+01:00,228,23,205,15.818609956751573,211,19,192,18.759232281731908
2020-02-07 09:00:00+01:00,147,14,133,20.208056467665056,153,13,140,14.915022999208679
2020-02-07 10:00:00+01:00,124,11,113,17.53992981591413,117,12,105,21.891304075969387
2020-02-07 11:00:00+01:00,153,15,138,14.915022999208679,148,13,135,18.058884943386857
2020-02-07 12:00:00+01:00,129,13,116,17.995114557081255,123,10,113,19.074654696202938
2020-02-07 13:00:00+01:00,124,12,112,17.53992981591413,117,12,105,21.891304075969387
2020-02-07 14:00:00+01:00,128,12,116,19.601953989978306,123,10,113,19.074654696202938
2020-02-07 15:00:00+01:00,136,14,122,16.594078125250377,138,14,124,20.21600799483387
2020-02-07 16:00:00+01:00,145,14,131,18.85528596371164,154,15,139,23.457384968254527
2020-02-07 17:00:00+01:00,207,22,185,21.877297854955202,202,19,183,22.500350864850866
2020-02-07 18:00:00+01:00,218,21,197,22.57742359713229,227,25,202,19.269071808142694
2020-02-07 19:00:00+01:00,158,15,143,21.67102174389251,159,15,144,17.78748005044877
2020-02-07 20:00:00+01:00,160,14,146,19.89239402952506,159,13,146,17.78748005044877
2020-02-07 21:00:00+01:00,123,11,112,19.074654696202938,123,12,111,19.074654696202938
2020-02-07 22:00:00+01:00,86,8,78,21.204994436842384,85,7,78,19.289671453475872
2020-02-07 23:00:00+01:00,61,6,55,12.362973378192347,58,5,53,10.505136369992313
2020-02-08 00:00:00+01:00,37,2,35,3.5125252112896685,39,2,37,6.913338666308079
2020-02-08 01:00:00+01:00,24,1,23,0.16633697306049489,26,1,25,0.13434729751860394
2020-02-08 02:00:00+01:00,25,1,24,0.10677168789919293,26,1,25,0.13434729751860394
2020-02-08 03:00:00+01:00,38,2,36,5.960450042509954,39,2,37,6.913338666308079
2020-02-08 04:00:00+01:00,48,3,45,9.964553643509852,52,2,50,14.472017643602554
2020-02-08 05:00:00+01:00,62,4,58,14.019247608895405,65,4,61,10.13470849860639
2020-02-08 06:00:00+01:00,101,6,95,14.022694861996197,105,6,99,16.343560716114418
2020-02-08 07:00:00+01:00,147,9,138,16.306492316544293,159,10,149,19.89258263570152
2020-02-08 08:00:00+01:00,206,11,195,20.90053052788098,208,12,196,18.807092053665322
2020-02-08 09:00:00+01:00,213,14,199,20.238518600536185,223,14,209,18.802339292525456
2020-02-08 10:00:00+01:00,187,12,175,15.611538170802525,198,12,186,20.173795644408123
2020-02-08 11:00:00+01:00,152,10,142,18.686880121910534,155,8,147,18.708796369633056
2020-02-08 12:00:00+01:00,145,8,137,19.922746131926434,158,8,150,19.40470350916573
2020-02-08 13:00:00+01:00,167,9,158,19.047083059371815,172,10,162,18.863206387348974
2020-02-08 14:00:00+01:00,154,8,146,19.868163821621103,155,8,147,18.708796369633056
2020-02-08 15:00:00+01:00,169,9,160,20.526675282456768,185,10,175,20.88033942284811
2020-02-08 16:00:00+01:00,172,10,162,18.863206387348974,186,9,177,20.400698976924794
2020-02-08 17:00:00+01:00,199,12,187,19.11274068140836,209,10,199,16.60419034744366
2020-02-08 18:00:00+01:00,190,11,179,20.182913119811044,197,10,187,19.118279085736297
2020-02-08 19:00:00+01:00,146,9,137,19.4340926707284,157,8,149,19.700921436065542
2020-02-08 20:00:00+01:00,142,8,134,19.57947604189084,146,8,138,19.4340926707284
2020-02-08 21:00:00+01:00,124,7,117,14.467255533674502,129,7,122,12.81298343964759
2020-02-08 22:00:00+01:00,100,6,94,12.129363492765288,105,7,98,16.343560716114418
2020-02-08 23:00:00+01:00,49,3,46,12.126419816698254,52,2,50,14.472017643602554
2020-02-09 00:00:00+01:00,21,0,21,0.0727095127790566,25,0,25,0.10677168789919293
2020-02-09 01:00:00+01:00,14,0,14,0.0,18,0,18,0.014449312499738909
2020-02-09 02:00:00+01:00,13,0,13,0.0,18,0,18,0.014449312499738909
2020-02-09 03:00:00+01:00,20,0,20,0.04910283862897408,25,0,25,0.10677168789919293
2020-02-09 04:00:00+01:00,29,1,28,0.5419439371488394,36,1,35,2.727177547566476
2020-02-09 05:00:00+01:00,36,1,35,2.727177547566476,48,1,47,9.964553643509852
2020-02-09 06:00:00+01:00,57,2,55,11.247345675463038,74,3,71,9.886934519670994
2020-02-09 07:00:00+01:00,87,3,84,9.504121716770046,119,3,116,9.275729661817119
2020-02-09 08:00:00+01:00,110,4,106,20.964248322238312,128,4,124,16.268122259148125
2020-02-09 09:00:00+01:00,118,4,114,16.65435568776215,166,6,160,16.094287115128708
2020-02-09 10:00:00+01:00,106,4,102,19.560878716092326,149,5,144,17.937448228249327
2020-02-09 11:00:00+01:00,82,3,79,8.6962433625344,98,3,95,9.366341704429512
2020-02-09 12:00:00+01:00,86,3,83,9.565861223121674,119,3,116,9.275729661817119
2020-02-09 13:00:00+01:00,89,3,86,10.527801976587284,98,4,94,9.366341704429512
2020-02-09 14:00:00+01:00,86,3,83,9.565861223121674,119,3,116,9.275729661817119
2020-02-09 15:00:00+01:00,96,4,92,10.792244903732447,127,4,123,18.022773693841014
2020-02-09 16:00:00+01:00,97,4,93,12.91170780960746,118,4,114,16.65435568776215
2020-02-09 17:00:00+01:00,117,4,113,13.539944397802945,135,5,130,20.27811899595658
2020-02-09 18:00:00+01:00,109,4,105,18.214376818550008,139,5,134,19.408576933840735
2020-02-09 19:00:00+01:00,89,3,86,10.527801976587284,90,3,87,10.477669283936715
2020-02-09 20:00:00+01:00,74,3,71,9.886934519670994,107,4,103,12.742346635562697
2020-02-09 21:00:00+01:00,73,2,71,10.015349835153332,86,3,83,9.565861223121674
2020-02-09 22:00:00+01:00,59,2,57,11.512224289105106,74,3,71,9.886934519670994
2020-02-09 23:00:00+01:00,29,1,28,0.5419439371488394,36,1,35,2.727177547566476
2020-02-10 00:00:00+01:00,39,3,36,6.782457974710225,37,4,33,2.066086063070793
2020-02-10 01:00:00+01:00,26,2,24,1.5382661455122164,26,2,24,1.5382661455122164
2020-02-10 02:00:00+01:00,24,2,22,1.5004308879154395,26,2,24,1.5382661455122164
2020-02-10 03:00:00+01:00,37,3,34,2.066086063070793,39,4,35,6.782457974710225
2020-02-10 04:00:00+01:00,60,5,55,10.583722413773145,62,6,56,14.48690450543278
2020-02-10 05:00:00+01:00,108,10,98,14.813734676069407,112,11,101,14.898852003445265
2020-02-10 06:00:00+01:00,136,13,123,16.594078125250377,142,16,126,21.623487252479663
2020-02-10 07:00:00+01:00,226,22,204,20.308697708911414,214,23,191,18.560318290748608
2020-02-10 08:00:00+01:00,239,24,215,13.74553452780325,235,29,206,20.674840106170866
2020-02-10 09:00:00+01:00,154,16,138,23.457384968254527,151,18,133,19.408157188048275
2020-02-10 10:00:00+01:00,128,11,117,19.601953989978306,128,12,116,19.601953989978306
2020-02-10 11:00:00+01:00,152,13,139,20.188330220444417,154,15,139,23.457384968254527
2020-02-10 12:00:00+01:00,123,13,110,19.074654696202938,128,14,114,19.601953989978306
2020-02-10 13:00:00+01:00,127,11,116,19.116953333289125,125,13,112,23.026828253397017
2020-02-10 14:00:00+01:00,127,11,116,19.116953333289125,125,13,112,23.026828253397017
2020-02-10 15:00:00+01:00,139,12,127,18.732486269107348,137,15,122,18.928795118329443
2020-02-10 16:00:00+01:00,145,14,131,18.85528596371164,157,17,140,23.857880119976507
2020-02-10 17:00:00+01:00,216,21,195,21.273439412003903,220,27,193,16.758079648934128
2020-02-10 18:00:00+01:00,228,21,207,15.818609956751573,225,22,203,17.07968654570721
2020-02-10 19:00:00+01:00,168,15,153,20.304807772345505,167,18,149,21.39117903937357
2020-02-10 20:00:00+01:00,166,16,150,18.57114730689396,170,20,150,19.775542485132945
2020-02-10 21:00:00+01:00,122,13,109,20.245567873519157,131,15,116,14.183230975852695
2020-02-10 22:00:00+01:00,89,8,81,17.562315027840828,89,8,81,17.562315027840828
2020-02-10 23:00:00+01:00,63,5,58,14.929801273937542,62,6,56,14.48690450543278
2020-02-11 00:00:00+01:00,33,2,31,5.985660510090718,39,3,36,6.782457974710225
2020-02-11 01:00:00+01:00,22,1,21,0.1277873501672996,26,2,24,1.5382661455122164
2020-02-11 02:00:00+01:00,25,2,23,1.1875344360364632,27,2,25,1.9016023008994223
2020-02-11 03:00:00+01:00,38,3,35,11.101073107969722,40,4,36,5.275608835029151
2020-02-11 04:00:00+01:00,62,5,57,14.48690450543278,62,5,57,14.48690450543278
2020-02-11 05:00:00+01:00,101,8,93,11.280950715811313,121,12,109,20.317620945183666
2020-02-11 06:00:00+01:00,138,11,127,20.21600799483387,138,14,124,20.21600799483387
2020-02-11 07:00:00+01:00,192,17,175,21.295822766447603,225,21,204,17.07968654570721
2020-02-11 08:00:00+01:00,218,18,200,22.57742359713229,242,27,215,20.990360069331732
2020-02-11 09:00:00+01:00,142,13,129,21.623487252479663,164,16,148,22.827361263214527
2020-02-11 10:00:00+01:00,129,10,119,17.995114557081255,131,11,120,14.183230975852695
2020-02-11 11:00:00+01:00,142,11,131,21.623487252479663,164,16,148,22.827361263214527
2020-02-11 12:00:00+01:00,129,10,119,17.995114557081255,131,11,120,14.183230975852695
2020-02-11 13:00:00+01:00,119,9,110,22.46945513312648,129,12,117,17.995114557081255
2020-02-11 14:00:00+01:00,119,9,110,22.46945513312648,129,12,117,17.995114557081255
2020-02-11 15:00:00+01:00,130,10,120,15.65660051079879,144,12,132,22.91915418498221
2020-02-11 16:00:00+01:00,139,13,126,18.732486269107348,150,15,135,17.939622434692456
2020-02-11 17:00:00+01:00,209,17,192,22.16757043059366,224,19,205,16.30248157536985
2020-02-11 18:00:00+01:00,213,17,196,20.488166305452438,246,24,222,17.57126233227549
2020-02-11 19:00:00+01:00,153,14,139,14.915022999208679,172,15,157,19.644113972447897
2020-02-11 20:00:00+01:00,155,15,140,19.469409355748308,165,18,147,20.56038540292619
2020-02-11 21:00:00+01:00,119,11,108,22.46945513312648,129,12,117,17.995114557081255
2020-02-11 22:00:00+01:00,83,6,77,18.699193296190067,90,9,81,13.960700117154147
2020-02-11 23:00:00+01:00,58,4,54,10.505136369992313,67,7,60,12.5039951599288
2020-02-12 00:00:00+01:00,89,8,81,16.127888447212325,77,6,71,18.339246781129614
2020-02-12 01:00:00+01:00,58,4,54,10.220927905289535,58,4,54,10.220927905289535
2020-02-12 02:00:00+01:00,59,5,54,11.41076069350512,56,4,52,12.708841385488384
2020-02-12 03:00:00+01:00,87,8,79,17.188718365321975,85,6,79,11.338371679676618
2020-02-12 04:00:00+01:00,146,12,134,18.754590489717035,141,10,131,16.082921323202
2020-02-12 05:00:00+01:00,261,21,240,22.290397298498814,250,17,233,16.748276094261186
2020-02-12 06:00:00+01:00,319,28,291,24.01334617415068,298,20,278,21.055661887973457
2020-02-12 07:00:00+01:00,493,45,448,19.413114642597456,476,33,443,21.264665184026093
2020-02-12 08:00:00+01:00,519,41,478,17.770207620206634,523,35,488,19.232400876414125
2020-02-12 09:00:00+01:00,353,33,320,16.072474715915927,328,26,302,18.98715264551659
2020-02-12 10:00:00+01:00,296,26,270,17.230558324905093,269,19,250,18.12289110818214
2020-02-12 11:00:00+01:00,351,32,319,21.009303371553763,333,22,311,20.360845500171493
2020-02-12 12:00:00+01:00,296,28,268,17.230558324905093,269,19,250,18.12289110818214
2020-02-12 13:00:00+01:00,293,27,266,20.77933514509894,281,22,259,16.495274317847883
2020-02-12 14:00:00+01:00,294,26,268,24.118136039782872,271,19,252,21.366756148139427
2020-02-12 15:00:00+01:00,324,28,296,25.318103431421573,291,22,269,15.818920682290248
2020-02-12 16:00:00+01:00,356,33,323,15.115185640587857,323,28,295,20.660649403872643
2020-02-12 17:00:00+01:00,493,39,454,19.413114642597456,476,33,443,21.264665184026093
2020-02-12 18:00:00+01:00,519,41,478,17.770207620206634,523,35,488,19.232400876414125
2020-02-12 19:00:00+01:00,382,36,346,20.636704160930535,356,24,332,15.115185640587857
2020-02-12 20:00:00+01:00,377,36,341,22.934146173926393,345,26,319,20.188429732979824
2020-02-12 21:00:00+01:00,293,24,269,20.77933514509894,281,22,259,16.495274317847883
2020-02-12 22:00:00+01:00,206,18,188,26.316276075539704,185,14,171,13.724989686195345
2020-02-12 23:00:00+01:00,144,11,133,16.028123717603865,129,10,119,12.321757402623772
2020-02-13 00:00:00+01:00,85,4,81,9.516934044829473,89,7,82,10.527801976587284
2020-02-13 01:00:00+01:00,51,3,48,13.024781207847502,57,6,51,11.247345675463038
2020-02-13 02:00:00+01:00,58,3,55,11.561797090249616,53,5,48,12.671576687621188
2020-02-13 03:00:00+01:00,74,4,70,9.886934519670994,88,9,79,8.437594054986977
2020-02-13 04:00:00+01:00,125,7,118,11.899638158178501,140,15,125,15.157104538016958
2020-02-13 05:00:00+01:00,263,13,250,18.06193495748254,251,22,229,17.440368481170164
2020-02-13 06:00:00+01:00,324,20,304,18.672846971084997,304,27,277,24.382586098170826
2020-02-13 07:00:00+01:00,438,26,412,18.033066079167238,468,47,421,19.201560947119127
2020-02-13 08:00:00+01:00,524,28,496,18.41315419537223,529,45,484,16.649089834553955
2020-02-13 09:00:00+01:00,348,18,330,18.741511759901247,354,37,317,22.475031570210557
2020-02-13 10:00:00+01:00,272,17,255,21.117195423222,281,25,256,18.053311879599764
2020-02-13 11:00:00+01:00,301,18,283,20.607812327110423,338,31,307,21.621773010719025
2020-02-13 12:00:00+01:00,284,18,266,16.935782048371557,278,25,253,19.287262138921047
2020-02-13 13:00:00+01:00,274,15,259,20.52791870989968,281,25,256,18.053311879599764
2020-02-13 14:00:00+01:00,250,15,235,19.251014174910523,273,25,248,23.139691796211615
2020-02-13 15:00:00+01:00,310,19,291,15.258998808795859,301,30,271,20.607812327110423
2020-02-13 16:00:00+01:00,331,18,313,19.942495480727644,350,32,318,19.39294883514927
2020-02-13 17:00:00+01:00,458,25,433,23.935839893982745,465,40,425,21.293065375383044
2020-02-13 18:00:00+01:00,448,24,424,19.19628206057244,498,50,448,14.222982449555595
2020-02-13 19:00:00+01:00,331,19,312,19.942495480727644,379,35,344,19.424797748224545
2020-02-13 20:00:00+01:00,380,22,358,20.736920018387448,377,38,339,20.61326270709296
2020-02-13 21:00:00+01:00,292,17,275,17.87884891495493,274,24,250,20.52791870989968
2020-02-13 22:00:00+01:00,192,10,182,17.31696395349906,204,22,182,20.27930898180519
2020-02-13 23:00:00+01:00,148,8,140,21.655119289441767,140,14,126,15.157104538016958
2020-02-14 00:00:00+01:00,88,6,82,8.437594054986977,80,5,75,12.9514806028411
2020-02-14 01:00:00+01:00,58,4,54,11.561797090249616,53,3,50,12.671576687621188
2020-02-14 02:00:00+01:00,58,3,55,11.561797090249616,53,3,50,12.671576687621188
2020-02-14 03:00:00+01:00,88,5,83,8.437594054986977,80,5,75,12.9514806028411
2020-02-14 04:00:00+01:00,147,10,137,16.306492316544293,148,11,137,21.655119289441767
2020-02-14 05:00:00+01:00,255,17,238,13.80583098758932,262,20,242,13.900090096773878
2020-02-14 06:00:00+01:00,311,20,291,18.777054340822975,301,21,280,20.607812327110423
2020-02-14 07:00:00+01:00,483,32,451,16.739079897917865,489,35,454,20.73788413871882
2020-02-14 08:00:00+01:00,528,38,490,15.389090213676,520,32,488,16.742850474175178
2020-02-14 09:00:00+01:00,353,22,331,19.24169978578992,346,27,319,17.93974987663749
2020-02-14 10:00:00+01:00,292,21,271,17.87884891495493,274,16,258,20.52791870989968
2020-02-14 11:00:00+01:00,356,27,329,20.05958990150746,336,26,310,15.374523455613796
2020-02-14 12:00:00+01:00,290,18,272,19.079826100657762,274,16,258,20.52791870989968
2020-02-14 13:00:00+01:00,296,22,274,18.406113827007673,275,17,258,20.236154766209
2020-02-14 14:00:00+01:00,286,21,265,20.747694740560487,289,20,269,18.938144972747136
2020-02-14 15:00:00+01:00,309,19,290,20.22531439412751,308,19,289,19.852115147138527
2020-02-14 16:00:00+01:00,337,23,314,20.189680789887703,339,21,318,18.9351903306688
2020-02-14 17:00:00+01:00,487,37,450,20.801132823441247,478,35,443,18.951044700892695
2020-02-14 18:00:00+01:00,531,38,493,16.61168707204345,520,32,488,16.742850474175178
2020-02-14 19:00:00+01:00,382,24,358,19.156893019800307,351,24,327,17.103376818692087
2020-02-14 20:00:00+01:00,376,26,350,20.486350839145686,374,26,348,18.684901759797462
2020-02-14 21:00:00+01:00,293,20,273,17.329297501722674,275,17,258,20.236154766209
2020-02-14 22:00:00+01:00,200,15,185,21.668114478408352,197,12,185,19.118279085736297
2020-02-14 23:00:00+01:00,140,9,131,15.157104538016958,147,10,137,16.306492316544293
2020-02-15 00:00:00+01:00,87,4,83,8.649060159237054,90,3,87,12.04976592707574
2020-02-15 01:00:00+01:00,56,2,54,10.346038335995651,60,2,58,9.531765775161311
2020-02-15 02:00:00+01:00,58,2,56,9.553390843343198,61,2,59,9.5626665158603
2020-02-15 03:00:00+01:00,86,3,83,12.26433019639111,89,3,86,12.641197664806798
2020-02-15 04:00:00+01:00,113,4,109,15.421761430074353,119,5,114,15.920539807049082
2020-02-15 05:00:00+01:00,142,6,136,19.35907871517687,150,6,144,17.56592584239261
2020-02-15 06:00:00+01:00,222,9,213,14.063275896744535,240,10,230,21.48004742484552
2020-02-15 07:00:00+01:00,348,16,332,19.874294449784557,364,13,351,18.504116434485987
2020-02-15 08:00:00+01:00,457,18,439,20.79697956139564,483,19,464,16.492177012527787
2020-02-15 09:00:00+01:00,483,21,462,16.492177012527787,510,22,488,18.010144564850417
2020-02-15 10:00:00+01:00,441,18,423,19.94179355487717,454,20,434,17.366685623737915
2020-02-15 11:00:00+01:00,336,13,323,15.958874822620459,362,16,346,20.127656808136514
2020-02-15 12:00:00+01:00,341,14,327,13.9787487722985,359,13,346,17.04512783310755
2020-02-15 13:00:00+01:00,365,16,349,13.841509085955579,394,14,380,19.8712593326221
2020-02-15 14:00:00+01:00,336,16,320,15.958874822620459,362,16,346,20.127656808136514
2020-02-15 15:00:00+01:00,398,16,382,15.528833477752881,428,20,408,16.577822504859213
2020-02-15 16:00:00+01:00,396,18,378,21.767956053046117,417,19,398,13.5483310227481
2020-02-15 17:00:00+01:00,448,19,429,17.728608778998222,484,18,466,17.77003244566044
2020-02-15 18:00:00+01:00,426,19,407,17.1824615006757,448,16,432,17.728608778998222
2020-02-15 19:00:00+01:00,347,14,333,21.10654626064635,365,16,349,13.841509085955579
2020-02-15 20:00:00+01:00,319,12,307,17.902844208586608,333,12,321,20.32010801444679
2020-02-15 21:00:00+01:00,279,12,267,15.28199041222322,302,12,290,15.388460750733547
2020-02-15 22:00:00+01:00,222,10,212,14.063275896744535,240,10,230,21.48004742484552
2020-02-15 23:00:00+01:00,116,5,111,17.832223695878813,120,4,116,16.653205610761642
2020-02-16 00:00:00+01:00,47,1,46,2.664600317822904,67,1,66,8.7820789764259
2020-02-16 01:00:00+01:00,33,0,33,0.14141575834347447,44,1,43,2.806526197564455
2020-02-16 02:00:00+01:00,32,0,32,0.12831157668520077,39,1,38,1.033561008980209
2020-02-16 03:00:00+01:00,50,1,49,6.888281919943848,67,1,66,8.7820789764259
2020-02-16 04:00:00+01:00,66,1,65,9.023232667771104,81,2,79,13.57081910214519
2020-02-16 05:00:00+01:00,83,2,81,14.646378896367615,86,2,84,12.26433019639111
2020-02-16 06:00:00+01:00,123,3,120,15.194143124406915,158,4,154,15.520682112145103
2020-02-16 07:00:00+01:00,203,5,198,14.15515549868705,207,5,202,15.748956490487041
2020-02-16 08:00:00+01:00,273,7,266,21.28577278040721,270,7,263,17.22476411837893
2020-02-16 09:00:00+01:00,271,7,264,18.609144291774015,320,7,313,16.959865599813572
2020-02-16 10:00:00+01:00,231,6,225,23.040251819935676,257,6,251,15.41589678734927
2020-02-16 11:00:00+01:00,195,5,190,17.033571067166147,275,8,267,15.101857250184825
2020-02-16 12:00:00+01:00,185,5,180,12.907917224661341,268,8,260,18.728976419565118
2020-02-16 13:00:00+01:00,207,5,202,15.748956490487041,244,5,239,21.645479919989064
2020-02-16 14:00:00+01:00,186,4,182,14.883580611736797,245,5,240,18.743839545838085
2020-02-16 15:00:00+01:00,217,5,212,17.475217936101426,278,6,272,18.588750350595824
2020-02-16 16:00:00+01:00,223,6,217,14.162371988477169,273,8,265,21.28577278040721
2020-02-16 17:00:00+01:00,247,7,240,19.35438042774601,334,9,325,16.121444874138597
2020-02-16 18:00:00+01:00,233,6,227,19.131071941994424,257,6,251,15.41589678734927
2020-02-16 19:00:00+01:00,195,5,190,17.033571067166147,275,8,267,15.101857250184825
2020-02-16 20:00:00+01:00,170,4,166,17.360183949342197,201,4,197,13.923110814237354
2020-02-16 21:00:00+01:00,158,4,154,15.520682112145103,229,5,224,17.77127130389445
2020-02-16 22:00:00+01:00,124,3,121,16.092127235524575,158,4,154,15.520682112145103
2020-02-16 23:00:00+01:00,67,1,66,8.7820789764259,86,2,84,12.26433019639111
2020-02-17 00:00:00+01:00,84,5,79,7.6306798135980785,91,8,83,8.844154374326946
2020-02-17 01:00:00+01:00,58,3,55,11.561797090249616,57,4,53,11.247345675463038
2020-02-17 02:00:00+01:00,59,4,55,11.512224289105106,60,4,56,12.98342242386016
2020-02-17 03:00:00+01:00,89,6,83,10.527801976587284,86,7,79,9.565861223121674
2020-02-17 04:00:00+01:00,153,9,144,18.67945251137068,143,9,134,15.49985590484046
2020-02-17 05:00:00+01:00,273,19,254,23.139691796211615,266,23,243,15.200054248100818
2020-02-17 06:00:00+01:00,336,23,313,15.374523455613796,329,21,308,20.177718732958198
2020-02-17 07:00:00+01:00,512,34,478,16.667622950500245,503,41,462,20.681117537709245
2020-02-17 08:00:00+01:00,537,41,496,17.84682050697329,523,43,480,15.86377141768892
2020-02-17 09:00:00+01:00,361,24,337,18.385612781936853,367,27,340,16.178745311566107
2020-02-17 10:00:00+01:00,286,19,267,20.747694740560487,297,22,275,17.48190242862812
2020-02-17 11:00:00+01:00,340,25,315,14.37984208663957,346,28,318,17.93974987663749
2020-02-17 12:00:00+01:00,305,22,283,21.145143787586594,294,21,273,17.632695676481745
2020-02-17 13:00:00+01:00,285,18,267,19.95607218889837,297,22,275,17.48190242862812
2020-02-17 14:00:00+01:00,283,21,262,18.945435241048195,292,20,272,17.87884891495493
2020-02-17 15:00:00+01:00,312,20,292,17.101813661047903,335,27,308,21.63506552863301
2020-02-17 16:00:00+01:00,361,24,337,18.385612781936853,367,27,340,16.178745311566107
2020-02-17 17:00:00+01:00,487,32,455,20.801132823441247,515,42,473,18.515381952439686
2020-02-17 18:00:00+01:00,520,38,482,16.742850474175178,546,37,509,22.692406056572345
2020-02-17 19:00:00+01:00,376,24,352,20.486350839145686,394,30,364,20.620478231973475
2020-02-17 20:00:00+01:00,375,26,349,21.145699806578275,397,27,370,17.649629378165546
2020-02-17 21:00:00+01:00,283,21,262,18.945435241048195,292,20,272,17.87884891495493
2020-02-17 22:00:00+01:00,199,12,187,19.11274068140836,206,14,192,20.90053052788098
2020-02-17 23:00:00+01:00,143,10,133,15.49985590484046,151,12,139,19.14578123638998
2020-02-18 00:00:00+01:00,89,5,84,10.527801976587284,87,6,81,9.504121716770046
2020-02-18 01:00:00+01:00,57,3,54,11.247345675463038,61,4,57,13.45123014142322
2020-02-18 02:00:00+01:00,58,3,55,11.561797090249616,57,3,54,11.247345675463038
2020-02-18 03:00:00+01:00,88,6,82,8.437594054986977,86,5,81,9.565861223121674
2020-02-18 04:00:00+01:00,143,8,135,15.49985590484046,157,11,146,19.700921436065542
2020-02-18 05:00:00+01:00,262,15,247,13.900090096773878,268,16,252,20.190442141402777
2020-02-18 06:00:00+01:00,314,19,295,19.77016372636934,347,27,320,19.911580344317716
2020-02-18 07:00:00+01:00,476,32,444,20.090041264055532,516,34,482,18.189169879710622
2020-02-18 08:00:00+01:00,525,31,494,20.014875638820815,559,36,523,16.28017139379397
2020-02-18 09:00:00+01:00,339,21,318,18.9351903306688,366,29,337,16.269939741661524
2020-02-18 10:00:00+01:00,294,18,276,17.632695676481745,294,18,276,17.632695676481745
2020-02-18 11:00:00+01:00,319,18,301,23.232042011552885,354,23,331,22.475031570210557
2020-02-18 12:00:00+01:00,286,17,269,20.747694740560487,308,21,287,19.852115147138527
2020-02-18 13:00:00+01:00,264,16,248,17.866837611646663,306,18,288,16.19476586954662
2020-02-18 14:00:00+01:00,264,16,248,17.866837611646663,306,18,288,16.19476586954662
2020-02-18 15:00:00+01:00,291,18,273,14.14711867692869,339,25,314,18.9351903306688
2020-02-18 16:00:00+01:00,331,23,308,19.942495480727644,373,24,349,16.839124812955344
2020-02-18 17:00:00+01:00,493,31,462,15.790488496822915,501,34,467,17.91816636651384
2020-02-18 18:00:00+01:00,522,34,488,17.418929457126325,563,33,530,20.57076110354256
2020-02-18 19:00:00+01:00,375,22,353,21.145699806578275,380,29,351,20.736920018387448
2020-02-18 20:00:00+01:00,364,23,341,14.261868127983336,384,25,359,20.93762948810624
2020-02-18 21:00:00+01:00,289,18,271,18.938144972747136,294,18,276,17.632695676481745
2020-02-18 22:00:00+01:00,186,11,175,20.400698976924794,212,14,198,14.709005856097448
2020-02-18 23:00:00+01:00,139,9,130,19.408576933840735,157,11,146,19.700921436065542
2020-02-19 00:00:00+01:00,88,7,81,14.606173107577572,80,6,74,19.781178022419223
2020-02-19 01:00:00+01:00,58,4,54,10.220927905289535,58,4,54,10.220927905289535
2020-02-19 02:00:00+01:00,59,5,54,11.41076069350512,56,4,52,12.708841385488384
2020-02-19 03:00:00+01:00,87,8,79,17.188718365321975,85,6,79,11.338371679676618
2020-02-19 04:00:00+01:00,146,12,134,18.754590489717035,141,10,131,16.082921323202
2020-02-19 05:00:00+01:00,261,21,240,22.290397298498814,250,17,233,16.748276094261186
2020-02-19 06:00:00+01:00,319,28,291,24.01334617415068,298,20,278,21.055661887973457
2020-02-19 07:00:00+01:00,493,45,448,19.413114642597456,476,33,443,21.264665184026093
2020-02-19 08:00:00+01:00,519,41,478,17.770207620206634,523,35,488,19.232400876414125
2020-02-19 09:00:00+01:00,353,33,320,16.072474715915927,328,26,302,18.98715264551659
2020-02-19 10:00:00+01:00,296,26,270,17.230558324905093,269,19,250,18.12289110818214
2020-02-19 11:00:00+01:00,351,32,319,21.009303371553763,333,22,311,20.360845500171493
2020-02-19 12:00:00+01:00,296,28,268,17.230558324905093,269,19,250,18.12289110818214
2020-02-19 13:00:00+01:00,293,27,266,20.77933514509894,281,22,259,16.495274317847883
2020-02-19 14:00:00+01:00,294,26,268,24.118136039782872,271,19,252,21.366756148139427
2020-02-19 15:00:00+01:00,324,28,296,25.318103431421573,291,22,269,15.818920682290248
2020-02-19 16:00:00+01:00,356,33,323,15.115185640587857,323,28,295,20.660649403872643
2020-02-19 17:00:00+01:00,493,39,454,19.413114642597456,476,33,443,21.264665184026093
2020-02-19 18:00:00+01:00,519,41,478,17.770207620206634,523,35,488,19.232400876414125
2020-02-19 19:00:00+01:00,382,36,346,20.636704160930535,356,24,332,15.115185640587857
2020-02-19 20:00:00+01:00,377,36,341,22.934146173926393,345,26,319,20.188429732979824
2020-02-19 21:00:00+01:00,293,24,269,20.77933514509894,281,22,259,16.495274317847883
2020-02-19 22:00:00+01:00,206,18,188,26.316276075539704,185,14,171,13.724989686195345
2020-02-19 23:00:00+01:00,144,11,133,16.028123717603865,129,10,119,12.321757402623772
2020-02-20 00:00:00+01:00,85,4,81,9.516934044829473,89,7,82,10.527801976587284
2020-02-20 01:00:00+01:00,51,3,48,13.024781207847502,57,6,51,11.247345675463038
2020-02-20 02:00:00+01:00,58,3,55,11.561797090249616,53,5,48,12.671576687621188
2020-02-20 03:00:00+01:00,74,4,70,9.886934519670994,88,9,79,8.437594054986977
2020-02-20 04:00:00+01:00,125,7,118,11.899638158178501,140,15,125,15.157104538016958
2020-02-20 05:00:00+01:00,263,13,250,18.06193495748254,251,22,229,17.440368481170164
2020-02-20 06:00:00+01:00,324,20,304,18.672846971084997,304,27,277,24.382586098170826
2020-02-20 07:00:00+01:00,438,26,412,18.033066079167238,468,47,421,19.201560947119127
2020-02-20 08:00:00+01:00,524,28,496,18.41315419537223,529,45,484,16.649089834553955
2020-02-20 09:00:00+01:00,348,18,330,18.741511759901247,354,37,317,22.475031570210557
2020-02-20 10:00:00+01:00,272,17,255,21.117195423222,281,25,256,18.053311879599764
2020-02-20 11:00:00+01:00,301,18,283,20.607812327110423,338,31,307,21.621773010719025
2020-02-20 12:00:00+01:00,284,18,266,16.935782048371557,278,25,253,19.287262138921047
2020-02-20 13:00:00+01:00,274,15,259,20.52791870989968,281,25,256,18.053311879599764
2020-02-20 14:00:00+01:00,250,15,235,19.251014174910523,273,25,248,23.139691796211615
2020-02-20 15:00:00+01:00,310,19,291,15.258998808795859,301,30,271,20.607812327110423
2020-02-20 16:00:00+01:00,331,18,313,19.942495480727644,350,32,318,19.39294883514927
2020-02-20 17:00:00+01:00,458,25,433,23.935839893982745,465,40,425,21.293065375383044
2020-02-20 18:00:00+01:00,448,24,424,19.19628206057244,498,50,448,14.222982449555595
2020-02-20 19:00:00+01:00,331,19,312,19.942495480727644,379,35,344,19.424797748224545
2020-02-20 20:00:00+01:00,380,22,358,20.736920018387448,377,38,339,20.61326270709296
2020-02-20 21:00:00+01:00,292,17,275,17.87884891495493,274,24,250,20.52791870989968
2020-02-20 22:00:00+01:00,192,10,182,17.31696395349906,204,22,182,20.27930898180519
2020-02-20 23:00:00+01:00,148,8,140,21.655119289441767,140,14,126,15.157104538016958
2020-02-21 00:00:00+01:00,88,6,82,8.437594054986977,80,5,75,12.9514806028411
2020-02-21 01:00:00+01:00,58,4,54,11.561797090249616,53,3,50,12.671576687621188
2020-02-21 02:00:00+01:00,58,3,55,11.561797090249616,53,3,50,12.671576687621188
2020-02-21 03:00:00+01:00,88,5,83,8.437594054986977,80,5,75,12.9514806028411
2020-02-21 04:00:00+01:00,147,10,137,16.306492316544293,148,11,137,21.655119289441767
2020-02-21 05:00:00+01:00,255,17,238,13.80583098758932,262,20,242,13.900090096773878
2020-02-21 06:00:00+01:00,311,20,291,18.777054340822975,301,21,280,20.607812327110423
2020-02-21 07:00:00+01:00,483,32,451,16.739079897917865,489,35,454,20.73788413871882
2020-02-21 08:00:00+01:00,528,38,490,15.389090213676,520,32,488,16.742850474175178
2020-02-21 09:00:00+01:00,353,22,331,19.24169978578992,346,27,319,17.93974987663749
2020-02-21 10:00:00+01:00,292,21,271,17.87884891495493,274,16,258,20.52791870989968
2020-02-21 11:00:00+01:00,356,27,329,20.05958990150746,336,26,310,15.374523455613796
2020-02-21 12:00:00+01:00,290,18,272,19.079826100657762,274,16,258,20.52791870989968
2020-02-21 13:00:00+01:00,296,22,274,18.406113827007673,275,17,258,20.236154766209
2020-02-21 14:00:00+01:00,286,21,265,20.747694740560487,289,20,269,18.938144972747136
2020-02-21 15:00:00+01:00,309,19,290,20.22531439412751,308,19,289,19.852115147138527
2020-02-21 16:00:00+01:00,337,23,314,20.189680789887703,339,21,318,18.9351903306688
2020-02-21 17:00:00+01:00,487,37,450,20.801132823441247,478,35,443,18.951044700892695
2020-02-21 18:00:00+01:00,531,38,493,16.61168707204345,520,32,488,16.742850474175178
2020-02-21 19:00:00+01:00,382,24,358,19.156893019800307,351,24,327,17.103376818692087
2020-02-21 20:00:00+01:00,376,26,350,20.486350839145686,374,26,348,18.684901759797462
2020-02-21 21:00:00+01:00,293,20,273,17.329297501722674,275,17,258,20.236154766209
2020-02-21 22:00:00+01:00,200,15,185,21.668114478408352,197,12,185,19.118279085736297
2020-02-21 23:00:00+01:00,140,9,131,15.157104538016958,147,10,137,16.306492316544293
2020-02-22 00:00:00+01:00,87,4,83,8.649060159237054,90,3,87,12.04976592707574
2020-02-22 01:00:00+01:00,56,2,54,10.346038335995651,60,2,58,9.531765775161311
2020-02-22 02:00:00+01:00,58,2,56,9.553390843343198,61,2,59,9.5626665158603
2020-02-22 03:00:00+01:00,86,3,83,12.26433019639111,89,3,86,12.641197664806798
2020-02-22 04:00:00+01:00,113,4,109,15.421761430074353,119,5,114,15.920539807049082
2020-02-22 05:00:00+01:00,142,6,136,19.35907871517687,150,6,144,17.56592584239261
2020-02-22 06:00:00+01:00,222,9,213,14.063275896744535,240,10,230,21.48004742484552
2020-02-22 07:00:00+01:00,348,16,332,19.874294449784557,364,13,351,18.504116434485987
2020-02-22 08:00:00+01:00,457,18,439,20.79697956139564,483,19,464,16.492177012527787
2020-02-22 09:00:00+01:00,483,21,462,16.492177012527787,510,22,488,18.010144564850417
2020-02-22 10:00:00+01:00,441,18,423,19.94179355487717,454,20,434,17.366685623737915
2020-02-22 11:00:00+01:00,336,13,323,15.958874822620459,362,16,346,20.127656808136514
2020-02-22 12:00:00+01:00,341,14,327,13.9787487722985,359,13,346,17.04512783310755
2020-02-22 13:00:00+01:00,365,16,349,13.841509085955579,394,14,380,19.8712593326221
2020-02-22 14:00:00+01:00,336,16,320,15.958874822620459,362,16,346,20.127656808136514
2020-02-22 15:00:00+01:00,398,16,382,15.528833477752881,428,20,408,16.577822504859213
2020-02-22 16:00:00+01:00,396,18,378,21.767956053046117,417,19,398,13.5483310227481
2020-02-22 17:00:00+01:00,448,19,429,17.728608778998222,484,18,466,17.77003244566044
2020-02-22 18:00:00+01:00,426,19,407,17.1824615006757,448,16,432,17.728608778998222
2020-02-22 19:00:00+01:00,347,14,333,21.10654626064635,365,16,349,13.841509085955579
2020-02-22 20:00:00+01:00,319,12,307,17.902844208586608,333,12,321,20.32010801444679
2020-02-22 21:00:00+01:00,279,12,267,15.28199041222322,302,12,290,15.388460750733547
2020-02-22 22:00:00+01:00,222,10,212,14.063275896744535,240,10,230,21.48004742484552
2020-02-22 23:00:00+01:00,116,5,111,17.832223695878813,120,4,116,16.653205610761642
2020-02-23 00:00:00+01:00,47,1,46,2.664600317822904,67,1,66,8.7820789764259
2020-02-23 01:00:00+01:00,33,0,33,0.14141575834347447,44,1,43,2.806526197564455
2020-02-23 02:00:00+01:00,32,0,32,0.12831157668520077,39,1,38,1.033561008980209
2020-02-23 03:00:00+01:00,50,1,49,6.888281919943848,67,1,66,8.7820789764259
2020-02-23 04:00:00+01:00,66,1,65,9.023232667771104,81,2,79,13.57081910214519
2020-02-23 05:00:00+01:00,83,2,81,14.646378896367615,86,2,84,12.26433019639111
2020-02-23 06:00:00+01:00,123,3,120,15.194143124406915,158,4,154,15.520682112145103
2020-02-23 07:00:00+01:00,203,5,198,14.15515549868705,207,5,202,15.748956490487041
2020-02-23 08:00:00+01:00,273,7,266,21.28577278040721,270,7,263,17.22476411837893
2020-02-23 09:00:00+01:00,271,7,264,18.609144291774015,320,7,313,16.959865599813572
2020-02-23 10:00:00+01:00,231,6,225,23.040251819935676,257,6,251,15.41589678734927
2020-02-23 11:00:00+01:00,195,5,190,17.033571067166147,275,8,267,15.101857250184825
2020-02-23 12:00:00+01:00,185,5,180,12.907917224661341,268,8,260,18.728976419565118
2020-02-23 13:00:00+01:00,207,5,202,15.748956490487041,244,5,239,21.645479919989064
2020-02-23 14:00:00+01:00,186,4,182,14.883580611736797,245,5,240,18.743839545838085
2020-02-23 15:00:00+01:00,217,5,212,17.475217936101426,278,6,272,18.588750350595824
2020-02-23 16:00:00+01:00,223,6,217,14.162371988477169,273,8,265,21.28577278040721
2020-02-23 17:00:00+01:00,247,7,240,19.35438042774601,334,9,325,16.121444874138597
2020-02-23 18:00:00+01:00,233,6,227,19.131071941994424,257,6,251,15.41589678734927
2020-02-23 19:00:00+01:00,195,5,190,17.033571067166147,275,8,267,15.101857250184825
2020-02-23 20:00:00+01:00,170,4,166,17.360183949342197,201,4,197,13.923110814237354
2020-02-23 21:00:00+01:00,158,4,154,15.520682112145103,229,5,224,17.77127130389445
2020-02-23 22:00:00+01:00,124,3,121,16.092127235524575,158,4,154,15.520682112145103
2020-02-23 23:00:00+01:00,67,1,66,8.7820789764259,86,2,84,12.26433019639111
2020-02-24 00:00:00+01:00,84,5,79,7.6306798135980785,91,8,83,8.844154374326946
2020-02-24 01:00:00+01:00,58,3,55,11.561797090249616,57,4,53,11.247345675463038
2020-02-24 02:00:00+01:00,59,4,55,11.512224289105106,60,4,56,12.98342242386016
2020-02-24 03:00:00+01:00,89,6,83,10.527801976587284,86,7,79,9.565861223121674
2020-02-24 04:00:00+01:00,153,9,144,18.67945251137068,143,9,134,15.49985590484046
2020-02-24 05:00:00+01:00,273,19,254,23.139691796211615,266,23,243,15.200054248100818
2020-02-24 06:00:00+01:00,336,23,313,15.374523455613796,329,21,308,20.177718732958198
2020-02-24 07:00:00+01:00,512,34,478,16.667622950500245,503,41,462,20.681117537709245
2020-02-24 08:00:00+01:00,537,41,496,17.84682050697329,523,43,480,15.86377141768892
2020-02-24 09:00:00+01:00,361,24,337,18.385612781936853,367,27,340,16.178745311566107
2020-02-24 10:00:00+01:00,286,19,267,20.747694740560487,297,22,275,17.48190242862812
2020-02-24 11:00:00+01:00,340,25,315,14.37984208663957,346,28,318,17.93974987663749
2020-02-24 12:00:00+01:00,305,22,283,21.145143787586594,294,21,273,17.632695676481745
2020-02-24 13:00:00+01:00,285,18,267,19.95607218889837,297,22,275,17.48190242862812
2020-02-24 14:00:00+01:00,283,21,262,18.945435241048195,292,20,272,17.87884891495493
2020-02-24 15:00:00+01:00,312,20,292,17.101813661047903,335,27,308,21.63506552863301
2020-02-24 16:00:00+01:00,361,24,337,18.385612781936853,367,27,340,16.178745311566107
2020-02-24 17:00:00+01:00,487,32,455,20.801132823441247,515,42,473,18.515381952439686
2020-02-24 18:00:00+01:00,520,38,482,16.742850474175178,546,37,509,22.692406056572345
2020-02-24 19:00:00+01:00,376,24,352,20.486350839145686,394,30,364,20.620478231973475
2020-02-24 20:00:00+01:00,375,26,349,21.145699806578275,397,27,370,17.649629378165546
2020-02-24 21:00:00+01:00,283,21,262,18.945435241048195,292,20,272,17.87884891495493
2020-02-24 22:00:00+01:00,199,12,187,19.11274068140836,206,14,192,20.90053052788098
2020-02-24 23:00:00+01:00,143,10,133,15.49985590484046,151,12,139,19.14578123638998
2020-02-25 00:00:00+01:00,89,5,84,10.527801976587284,87,6,81,9.504121716770046
2020-02-25 01:00:00+01:00,57,3,54,11.247345675463038,61,4,57,13.45123014142322
2020-02-25 02:00:00+01:00,58,3,55,11.561797090249616,57,3,54,11.247345675463038
2020-02-25 03:00:00+01:00,88,6,82,8.437594054986977,86,5,81,9.565861223121674
2020-02-25 04:00:00+01:00,143,8,135,15.49985590484046,157,11,146,19.700921436065542
2020-02-25 05:00:00+01:00,262,15,247,13.900090096773878,268,16,252,20.190442141402777
2020-02-25 06:00:00+01:00,314,19,295,19.77016372636934,347,27,320,19.911580344317716
2020-02-25 07:00:00+01:00,476,32,444,20.090041264055532,516,34,482,18.189169879710622
2020-02-25 08:00:00+01:00,525,31,494,20.014875638820815,559,36,523,16.28017139379397
2020-02-25 09:00:00+01:00,339,21,318,18.9351903306688,366,29,337,16.269939741661524
2020-02-25 10:00:00+01:00,294,18,276,17.632695676481745,294,18,276,17.632695676481745
2020-02-25 11:00:00+01:00,319,18,301,23.232042011552885,354,23,331,22.475031570210557
2020-02-25 12:00:00+01:00,286,17,269,20.747694740560487,308,21,287,19.852115147138527
2020-02-25 13:00:00+01:00,264,16,248,17.866837611646663,306,18,288,16.19476586954662
2020-02-25 14:00:00+01:00,264,16,248,17.866837611646663,306,18,288,16.19476586954662
2020-02-25 15:00:00+01:00,291,18,273,14.14711867692869,339,25,314,18.9351903306688
2020-02-25 16:00:00+01:00,331,23,308,19.942495480727644,373,24,349,16.839124812955344
2020-02-25 17:00:00+01:00,493,31,462,15.790488496822915,501,34,467,17.91816636651384
2020-02-25 18:00:00+01:00,522,34,488,17.418929457126325,563,33,530,20.57076110354256
2020-02-25 19:00:00+01:00,375,22,353,21.145699806578275,380,29,351,20.736920018387448
2020-02-25 20:00:00+01:00,364,23,341,14.261868127983336,384,25,359,20.93762948810624
2020-02-25 21:00:00+01:00,289,18,271,18.938144972747136,294,18,276,17.632695676481745
2020-02-25 22:00:00+01:00,186,11,175,20.400698976924794,212,14,198,14.709005856097448
2020-02-25 23:00:00+01:00,139,9,130,19.408576933840735,157,11,146,19.700921436065542
2020-02-26 00:00:00+01:00,88,7,81,14.606173107577572,80,6,74,19.781178022419223
2020-02-26 01:00:00+01:00,58,4,54,10.220927905289535,58,4,54,10.220927905289535
2020-02-26 02:00:00+01:00,59,5,54,11.41076069350512,56,4,52,12.708841385488384
2020-02-26 03:00:00+01:00,87,8,79,17.188718365321975,85,6,79,11.338371679676618
2020-02-26 04:00:00+01:00,146,12,134,18.754590489717035,141,10,131,16.082921323202
2020-02-26 05:00:00+01:00,261,21,240,22.290397298498814,250,17,233,16.748276094261186
2020-02-26 06:00:00+01:00,319,28,291,24.01334617415068,298,20,278,21.055661887973457
2020-02-26 07:00:00+01:00,493,45,448,19.413114642597456,476,33,443,21.264665184026093
2020-02-26 08:00:00+01:00,519,41,478,17.770207620206634,523,35,488,19.232400876414125
2020-02-26 09:00:00+01:00,353,33,320,16.072474715915927,328,26,302,18.98715264551659
2020-02-26 10:00:00+01:00,296,26,270,17.230558324905093,269,19,250,18.12289110818214
2020-02-26 11:00:00+01:00,351,32,319,21.009303371553763,333,22,311,20.360845500171493
2020-02-26 12:00:00+01:00,296,28,268,17.230558324905093,269,19,250,18.12289110818214
2020-02-26 13:00:00+01:00,293,27,266,20.77933514509894,281,22,259,16.495274317847883
2020-02-26 14:00:00+01:00,294,26,268,24.118136039782872,271,19,252,21.366756148139427
2020-02-26 15:00:00+01:00,324,28,296,25.318103431421573,291,22,269,15.818920682290248
2020-02-26 16:00:00+01:00,356,33,323,15.115185640587857,323,28,295,20.660649403872643
2020-02-26 17:00:00+01:00,493,39,454,19.413114642597456,476,33,443,21.264665184026093
2020-02-26 18:00:00+01:00,519,41,478,17.770207620206634,523,35,488,19.232400876414125
2020-02-26 19:00:00+01:00,382,36,346,20.636704160930535,356,24,332,15.115185640587857
2020-02-26 20:00:00+01:00,377,36,341,22.934146173926393,345,26,319,20.188429732979824
2020-02-26 21:00:00+01:00,293,24,269,20.77933514509894,281,22,259,16.495274317847883
2020-02-26 22:00:00+01:00,206,18,188,26.316276075539704,185,14,171,13.724989686195345
2020-02-26 23:00:00+01:00,144,11,133,16.028123717603865,129,10,119,12.321757402623772
2020-02-27 00:00:00+01:00,85,4,81,9.516934044829473,89,7,82,10.527801976587284
2020-02-27 01:00:00+01:00,51,3,48,13.024781207847502,57,6,51,11.247345675463038
2020-02-27 02:00:00+01:00,58,3,55,11.561797090249616,53,5,48,12.671576687621188
2020-02-27 03:00:00+01:00,74,4,70,9.886934519670994,88,9,79,8.437594054986977
2020-02-27 04:00:00+01:00,125,7,118,11.899638158178501,140,15,125,15.157104538016958
2020-02-27 05:00:00+01:00,263,13,250,18.06193495748254,251,22,229,17.440368481170164
2020-02-27 06:00:00+01:00,324,20,304,18.672846971084997,304,27,277,24.382586098170826
2020-02-27 07:00:00+01:00,438,26,412,18.033066079167238,468,47,421,19.201560947119127
2020-02-27 08:00:00+01:00,524,28,496,18.41315419537223,529,45,484,16.649089834553955
2020-02-27 09:00:00+01:00,348,18,330,18.741511759901247,354,37,317,22.475031570210557
2020-02-27 10:00:00+01:00,272,17,255,21.117195423222,281,25,256,18.053311879599764
2020-02-27 11:00:00+01:00,301,18,283,20.607812327110423,338,31,307,21.621773010719025
2020-02-27 12:00:00+01:00,284,18,266,16.935782048371557,278,25,253,19.287262138921047
2020-02-27 13:00:00+01:00,274,15,259,20.52791870989968,281,25,256,18.053311879599764
2020-02-27 14:00:00+01:00,250,15,235,19.251014174910523,273,25,248,23.139691796211615
2020-02-27 15:00:00+01:00,310,19,291,15.258998808795859,301,30,271,20.607812327110423
2020-02-27 16:00:00+01:00,331,18,313,19.942495480727644,350,32,318,19.39294883514927
2020-02-27 17:00:00+01:00,458,25,433,23.935839893982745,465,40,425,21.293065375383044
2020-02-27 18:00:00+01:00,448,24,424,19.19628206057244,498,50,448,14.222982449555595
2020-02-27 19:00:00+01:00,331,19,312,19.942495480727644,379,35,344,19.424797748224545
2020-02-27 20:00:00+01:00,380,22,358,20.736920018387448,377,38,339,20.61326270709296
2020-02-27 21:00:00+01:00,292,17,275,17.87884891495493,274,24,250,20.52791870989968
2020-02-27 22:00:00+01:00,192,10,182,17.31696395349906,204,22,182,20.27930898180519
2020-02-27 23:00:00+01:00,148,8,140,21.655119289441767,140,14,126,15.157104538016958
2020-02-28 00:00:00+01:00,88,6,82,8.437594054986977,80,5,75,12.9514806028411
2020-02-28 01:00:00+01:00,58,4,54,11.561797090249616,53,3,50,12.671576687621188
2020-02-28 02:00:00+01:00,58,3,55,11.561797090249616,53,3,50,12.671576687621188
2020-02-28 03:00:00+01:00,88,5,83,8.437594054986977,80,5,75,12.9514806028411
2020-02-28 04:00:00+01:00,147,10,137,16.306492316544293,148,11,137,21.655119289441767
2020-02-28 05:00:00+01:00,255,17,238,13.80583098758932,262,20,242,13.900090096773878
2020-02-28 06:00:00+01:00,311,20,291,18.777054340822975,301,21,280,20.607812327110423
2020-02-28 07:00:00+01:00,483,32,451,16.739079897917865,489,35,454,20.73788413871882
2020-02-28 08:00:00+01:00,528,38,490,15.389090213676,520,32,488,16.742850474175178
2020-02-28 09:00:00+01:00,353,22,331,19.24169978578992,346,27,319,17.93974987663749
2020-02-28 10:00:00+01:00,292,21,271,17.87884891495493,274,16,258,20.52791870989968
2020-02-28 11:00:00+01:00,356,27,329,20.05958990150746,336,26,310,15.374523455613796
2020-02-28 12:00:00+01:00,290,18,272,19.079826100657762,274,16,258,20.52791870989968
2020-02-28 13:00:00+01:00,296,22,274,18.406113827007673,275,17,258,20.236154766209
2020-02-28 14:00:00+01:00,286,21,265,20.747694740560487,289,20,269,18.938144972747136
2020-02-28 15:00:00+01:00,309,19,290,20.22531439412751,308,19,289,19.852115147138527
2020-02-28 16:00:00+01:00,337,23,314,20.189680789887703,339,21,318,18.9351903306688
2020-02-28 17:00:00+01:00,487,37,450,20.801132823441247,478,35,443,18.951044700892695
2020-02-28 18:00:00+01:00,531,38,493,16.61168707204345,520,32,488,16.742850474175178
2020-02-28 19:00:00+01:00,382,24,358,19.156893019800307,351,24,327,17.103376818692087
2020-02-28 20:00:00+01:00,376,26,350,20.486350839145686,374,26,348,18.684901759797462
2020-02-28 21:00:00+01:00,293,20,273,17.329297501722674,275,17,258,20.236154766209
2020-02-28 22:00:00+01:00,200,15,185,21.668114478408352,197,12,185,19.118279085736297
2020-02-28 23:00:00+01:00,140,9,131,15.157104538016958,147,10,137,16.306492316544293
2020-02-29 00:00:00+01:00,38,2,36,5.960450042509954,39,2,37,6.913338666308079
2020-02-29 01:00:00+01:00,24,1,23,0.16633697306049489,26,1,25,0.13434729751860394
2020-02-29 02:00:00+01:00,25,1,24,0.10677168789919293,26,1,25,0.13434729751860394
2020-02-29 03:00:00+01:00,38,2,36,5.960450042509954,39,2,37,6.913338666308079
2020-02-29 04:00:00+01:00,48,3,45,9.964553643509852,52,2,50,14.472017643602554
2020-02-29 05:00:00+01:00,62,4,58,14.019247608895405,65,4,61,10.13470849860639
2020-02-29 06:00:00+01:00,101,6,95,14.022694861996197,105,6,99,16.343560716114418
2020-02-29 07:00:00+01:00,147,9,138,16.306492316544293,159,10,149,19.89258263570152
2020-02-29 08:00:00+01:00,206,11,195,20.90053052788098,208,12,196,18.807092053665322
2020-02-29 09:00:00+01:00,213,14,199,20.238518600536185,223,14,209,18.802339292525456
2020-02-29 10:00:00+01:00,187,12,175,15.611538170802525,198,12,186,20.173795644408123
2020-02-29 11:00:00+01:00,152,10,142,18.686880121910534,155,8,147,18.708796369633056
2020-02-29 12:00:00+01:00,145,8,137,19.922746131926434,158,8,150,19.40470350916573
2020-02-29 13:00:00+01:00,167,9,158,19.047083059371815,172,10,162,18.863206387348974
2020-02-29 14:00:00+01:00,154,8,146,19.868163821621103,155,8,147,18.708796369633056
2020-02-29 15:00:00+01:00,169,9,160,20.526675282456768,185,10,175,20.88033942284811
2020-02-29 16:00:00+01:00,172,10,162,18.863206387348974,186,9,177,20.400698976924794
2020-02-29 17:00:00+01:00,199,12,187,19.11274068140836,209,10,199,16.60419034744366
2020-02-29 18:00:00+01:00,190,11,179,20.182913119811044,197,10,187,19.118279085736297
2020-02-29 19:00:00+01:00,146,9,137,19.4340926707284,157,8,149,19.700921436065542
2020-02-29 20:00:00+01:00,142,8,134,19.57947604189084,146,8,138,19.4340926707284
2020-02-29 21:00:00+01:00,124,7,117,14.467255533674502,129,7,122,12.81298343964759
2020-02-29 22:00:00+01:00,100,6,94,12.129363492765288,105,7,98,16.343560716114418
2020-02-29 23:00:00+01:00,49,3,46,12.126419816698254,52,2,50,14.472017643602554
2020-03-01 00:00:00+01:00,48,1,47,2.118885624025071,62,1,61,9.933021674487964
2020-03-01 01:00:00+01:00,31,0,31,0.09592672504460022,39,1,38,1.033561008980209
2020-03-01 02:00:00+01:00,33,0,33,0.14141575834347447,44,1,43,2.806526197564455
2020-03-01 03:00:00+01:00,49,1,48,6.860624429398525,67,1,66,8.7820789764259
2020-03-01 04:00:00+01:00,66,1,65,9.023232667771104,81,2,79,13.57081910214519
2020-03-01 05:00:00+01:00,83,2,81,14.646378896367615,86,2,84,12.26433019639111
2020-03-01 06:00:00+01:00,123,3,120,15.194143124406915,158,4,154,15.520682112145103
2020-03-01 07:00:00+01:00,203,5,198,14.15515549868705,207,5,202,15.748956490487041
2020-03-01 08:00:00+01:00,273,7,266,21.28577278040721,270,7,263,17.22476411837893
2020-03-01 09:00:00+01:00,271,7,264,18.609144291774015,320,7,313,16.959865599813572
2020-03-01 10:00:00+01:00,231,6,225,23.040251819935676,257,6,251,15.41589678734927
2020-03-01 11:00:00+01:00,195,5,190,17.033571067166147,275,8,267,15.101857250184825
2020-03-01 12:00:00+01:00,185,5,180,12.907917224661341,268,8,260,18.728976419565118
2020-03-01 13:00:00+01:00,207,5,202,15.748956490487041,244,5,239,21.645479919989064
2020-03-01 14:00:00+01:00,186,4,182,14.883580611736797,245,5,240,18.743839545838085
2020-03-01 15:00:00+01:00,217,5,212,17.475217936101426,278,6,272,18.588750350595824
2020-03-01 16:00:00+01:00,223,6,217,14.162371988477169,273,8,265,21.28577278040721
2020-03-01 17:00:00+01:00,247,7,240,19.35438042774601,334,9,325,16.121444874138597
2020-03-01 18:00:00+01:00,233,6,227,19.131071941994424,257,6,251,15.41589678734927
2020-03-01 19:00:00+01:00,195,5,190,17.033571067166147,275,8,267,15.101857250184825
2020-03-01 20:00:00+01:00,170,4,166,17.360183949342197,201,4,197,13.923110814237354
2020-03-01 21:00:00+01:00,158,4,154,15.520682112145103,229,5,224,17.77127130389445
2020-03-01 22:00:00+01:00,124,3,121,16.092127235524575,158,4,154,15.520682112145103
2020-03-01 23:00:00+01:00,67,1,66,8.7820789764259,86,2,84,12.26433019639111
2020-03-02 00:00:00+01:00,84,5,79,7.6306798135980785,91,8,83,8.844154374326946
2020-03-02 01:00:00+01:00,58,3,55,11.561797090249616,57,4,53,11.247345675463038
2020-03-02 02:00:00+01:00,59,4,55,11.512224289105106,60,4,56,12.98342242386016
2020-03-02 03:00:00+01:00,89,6,83,10.527801976587284,86,7,79,9.565861223121674
2020-03-02 04:00:00+01:00,153,9,144,18.67945251137068,143,9,134,15.49985590484046
2020-03-02 05:00:00+01:00,273,19,254,23.139691796211615,266,23,243,15.200054248100818
2020-03-02 06:00:00+01:00,336,23,313,15.374523455613796,329,21,308,20.177718732958198
2020-03-02 07:00:00+01:00,512,34,478,16.667622950500245,503,41,462,20.681117537709245
2020-03-02 08:00:00+01:00,537,41,496,17.84682050697329,523,43,480,15.86377141768892
2020-03-02 09:00:00+01:00,361,24,337,18.385612781936853,367,27,340,16.178745311566107
2020-03-02 10:00:00+01:00,286,19,267,20.747694740560487,297,22,275,17.48190242862812
2020-03-02 11:00:00+01:00,340,25,315,14.37984208663957,346,28,318,17.93974987663749
2020-03-02 12:00:00+01:00,305,22,283,21.145143787586594,294,21,273,17.632695676481745
2020-03-02 13:00:00+01:00,285,18,267,19.95607218889837,297,22,275,17.48190242862812
2020-03-02 14:00:00+01:00,283,21,262,18.945435241048195,292,20,272,17.87884891495493
2020-03-02 15:00:00+01:00,312,20,292,17.101813661047903,335,27,308,21.63506552863301
2020-03-02 16:00:00+01:00,361,24,337,18.385612781936853,367,27,340,16.178745311566107
2020-03-02 17:00:00+01:00,487,32,455,20.801132823441247,515,42,473,18.515381952439686
2020-03-02 18:00:00+01:00,520,38,482,16.742850474175178,546,37,509,22.692406056572345
2020-03-02 19:00:00+01:00,376,24,352,20.486350839145686,394,30,364,20.620478231973475
2020-03-02 20:00:00+01:00,375,26,349,21.145699806578275,397,27,370,17.649629378165546
2020-03-02 21:00:00+01:00,283,21,262,18.945435241048195,292,20,272,17.87884891495493
2020-03-02 22:00:00+01:00,199,12,187,19.11274068140836,206,14,192,20.90053052788098
2020-03-02 23:00:00+01:00,143,10,133,15.49985590484046,151,12,139,19.14578123638998
2020-03-03 00:00:00+01:00,89,5,84,10.527801976587284,87,6,81,9.504121716770046
2020-03-03 01:00:00+01:00,57,3,54,11.247345675463038,61,4,57,13.45123014142322
2020-03-03 02:00:00+01:00,58,3,55,11.561797090249616,57,3,54,11.247345675463038
2020-03-03 03:00:00+01:00,88,6,82,8.437594054986977,86,5,81,9.565861223121674
2020-03-03 04:00:00+01:00,143,8,135,15.49985590484046,157,11,146,19.700921436065542
2020-03-03 05:00:00+01:00,262,15,247,13.900090096773878,268,16,252,20.190442141402777
2020-03-03 06:00:00+01:00,314,19,295,19.77016372636934,347,27,320,19.911580344317716
2020-03-03 07:00:00+01:00,476,32,444,20.090041264055532,516,34,482,18.189169879710622
2020-03-03 08:00:00+01:00,525,31,494,20.014875638820815,559,36,523,16.28017139379397
2020-03-03 09:00:00+01:00,339,21,318,18.9351903306688,366,29,337,16.269939741661524
2020-03-03 10:00:00+01:00,294,18,276,17.632695676481745,294,18,276,17.632695676481745
2020-03-03 11:00:00+01:00,319,18,301,23.232042011552885,354,23,331,22.475031570210557
2020-03-03 12:00:00+01:00,286,17,269,20.747694740560487,308,21,287,19.852115147138527
2020-03-03 13:00:00+01:00,264,16,248,17.866837611646663,306,18,288,16.19476586954662
2020-03-03 14:00:00+01:00,264,16,248,17.866837611646663,306,18,288,16.19476586954662
2020-03-03 15:00:00+01:00,291,18,273,14.14711867692869,339,25,314,18.9351903306688
2020-03-03 16:00:00+01:00,331,23,308,19.942495480727644,373,24,349,16.839124812955344
2020-03-03 17:00:00+01:00,493,31,462,15.790488496822915,501,34,467,17.91816636651384
2020-03-03 18:00:00+01:00,522,34,488,17.418929457126325,563,33,530,20.57076110354256
2020-03-03 19:00:00+01:00,375,22,353,21.145699806578275,380,29,351,20.736920018387448
2020-03-03 20:00:00+01:00,364,23,341,14.261868127983336,384,25,359,20.93762948810624
2020-03-03 21:00:00+01:00,289,18,271,18.938144972747136,294,18,276,17.632695676481745
2020-03-03 22:00:00+01:00,186,11,175,20.400698976924794,212,14,198,14.709005856097448
2020-03-03 23:00:00+01:00,139,9,130,19.408576933840735,157,11,146,19.700921436065542
2020-03-04 00:00:00+01:00,88,7,81,14.606173107577572,80,6,74,19.781178022419223
2020-03-04 01:00:00+01:00,58,4,54,10.220927905289535,58,4,54,10.220927905289535
2020-03-04 02:00:00+01:00,59,5,54,11.41076069350512,56,4,52,12.708841385488384
2020-03-04 03:00:00+01:00,87,8,79,17.188718365321975,85,6,79,11.338371679676618
2020-03-04 04:00:00+01:00,146,12,134,18.754590489717035,141,10,131,16.082921323202
2020-03-04 05:00:00+01:00,261,21,240,22.290397298498814,250,17,233,16.748276094261186
2020-03-04 06:00:00+01:00,319,28,291,24.01334617415068,298,20,278,21.055661887973457
2020-03-04 07:00:00+01:00,493,45,448,19.413114642597456,476,33,443,21.264665184026093
2020-03-04 08:00:00+01:00,519,41,478,17.770207620206634,523,35,488,19.232400876414125
2020-03-04 09:00:00+01:00,353,33,320,16.072474715915927,328,26,302,18.98715264551659
2020-03-04 10:00:00+01:00,296,26,270,17.230558324905093,269,19,250,18.12289110818214
2020-03-04 11:00:00+01:00,351,32,319,21.009303371553763,333,22,311,20.360845500171493
2020-03-04 12:00:00+01:00,296,28,268,17.230558324905093,269,19,250,18.12289110818214
2020-03-04 13:00:00+01:00,293,27,266,20.77933514509894,281,22,259,16.495274317847883
2020-03-04 14:00:00+01:00,294,26,268,24.118136039782872,271,19,252,21.366756148139427
2020-03-04 15:00:00+01:00,324,28,296,25.318103431421573,291,22,269,15.818920682290248
2020-03-04 16:00:00+01:00,356,33,323,15.115185640587857,323,28,295,20.660649403872643
2020-03-04 17:00:00+01:00,493,39,454,19.413114642597456,476,33,443,21.264665184026093
2020-03-04 18:00:00+01:00,519,41,478,17.770207620206634,523,35,488,19.232400876414125
2020-03-04 19:00:00+01:00,382,36,346,20.636704160930535,356,24,332,15.115185640587857
2020-03-04 20:00:00+01:00,377,36,341,22.934146173926393,345,26,319,20.188429732979824
2020-03-04 21:00:00+01:00,293,24,269,20.77933514509894,281,22,259,16.495274317847883
2020-03-04 22:00:00+01:00,206,18,188,26.316276075539704,185,14,171,13.724989686195345
2020-03-04 23:00:00+01:00,144,11,133,16.028123717603865,129,10,119,12.321757402623772
2020-03-05 00:00:00+01:00,85,4,81,9.516934044829473,89,7,82,10.527801976587284
2020-03-05 01:00:00+01:00,51,3,48,13.024781207847502,57,6,51,11.247345675463038
2020-03-05 02:00:00+01:00,58,3,55,11.561797090249616,53,5,48,12.671576687621188
2020-03-05 03:00:00+01:00,74,4,70,9.886934519670994,88,9,79,8.437594054986977
2020-03-05 04:00:00+01:00,125,7,118,11.899638158178501,140,15,125,15.157104538016958
2020-03-05 05:00:00+01:00,263,13,250,18.06193495748254,251,22,229,17.440368481170164
2020-03-05 06:00:00+01:00,324,20,304,18.672846971084997,304,27,277,24.382586098170826
2020-03-05 07:00:00+01:00,438,26,412,18.033066079167238,468,47,421,19.201560947119127
2020-03-05 08:00:00+01:00,524,28,496,18.41315419537223,529,45,484,16.649089834553955
2020-03-05 09:00:00+01:00,348,18,330,18.741511759901247,354,37,317,22.475031570210557
2020-03-05 10:00:00+01:00,272,17,255,21.117195423222,281,25,256,18.053311879599764
2020-03-05 11:00:00+01:00,301,18,283,20.607812327110423,338,31,307,21.621773010719025
2020-03-05 12:00:00+01:00,284,18,266,16.935782048371557,278,25,253,19.287262138921047
2020-03-05 13:00:00+01:00,274,15,259,20.52791870989968,281,25,256,18.053311879599764
2020-03-05 14:00:00+01:00,250,15,235,19.251014174910523,273,25,248,23.139691796211615
2020-03-05 15:00:00+01:00,310,19,291,15.258998808795859,301,30,271,20.607812327110423
2020-03-05 16:00:00+01:00,331,18,313,19.942495480727644,350,32,318,19.39294883514927
2020-03-05 17:00:00+01:00,458,25,433,23.935839893982745,465,40,425,21.293065375383044
2020-03-05 18:00:00+01:00,448,24,424,19.19628206057244,498,50,448,14.222982449555595
2020-03-05 19:00:00+01:00,331,19,312,19.942495480727644,379,35,344,19.424797748224545
2020-03-05 20:00:00+01:00,380,22,358,20.736920018387448,377,38,339,20.61326270709296
2020-03-05 21:00:00+01:00,292,17,275,17.87884891495493,274,24,250,20.52791870989968
2020-03-05 22:00:00+01:00,192,10,182,17.31696395349906,204,22,182,20.27930898180519
2020-03-05 23:00:00+01:00,148,8,140,21.655119289441767,140,14,126,15.157104538016958
2020-03-06 00:00:00+01:00,88,6,82,8.437594054986977,80,5,75,12.9514806028411
2020-03-06 01:00:00+01:00,58,4,54,11.561797090249616,53,3,50,12.671576687621188
2020-03-06 02:00:00+01:00,58,3,55,11.561797090249616,53,3,50,12.671576687621188
2020-03-06 03:00:00+01:00,88,5,83,8.437594054986977,80,5,75,12.9514806028411
2020-03-06 04:00:00+01:00,147,10,137,16.306492316544293,148,11,137,21.655119289441767
2020-03-06 05:00:00+01:00,255,17,238,13.80583098758932,262,20,242,13.900090096773878
2020-03-06 06:00:00+01:00,311,20,291,18.777054340822975,301,21,280,20.607812327110423
2020-03-06 07:00:00+01:00,483,32,451,16.739079897917865,489,35,454,20.73788413871882
2020-03-06 08:00:00+01:00,528,38,490,15.389090213676,520,32,488,16.742850474175178
2020-03-06 09:00:00+01:00,353,22,331,19.24169978578992,346,27,319,17.93974987663749
2020-03-06 10:00:00+01:00,292,21,271,17.87884891495493,274,16,258,20.52791870989968
2020-03-06 11:00:00+01:00,356,27,329,20.05958990150746,336,26,310,15.374523455613796
2020-03-06 12:00:00+01:00,290,18,272,19.079826100657762,274,16,258,20.52791870989968
2020-03-06 13:00:00+01:00,296,22,274,18.406113827007673,275,17,258,20.236154766209
2020-03-06 14:00:00+01:00,286,21,265,20.747694740560487,289,20,269,18.938144972747136
2020-03-06 15:00:00+01:00,309,19,290,20.22531439412751,308,19,289,19.852115147138527
2020-03-06 16:00:00+01:00,337,23,314,20.189680789887703,339,21,318,18.9351903306688
2020-03-06 17:00:00+01:00,487,37,450,20.801132823441247,478,35,443,18.951044700892695
2020-03-06 18:00:00+01:00,531,38,493,16.61168707204345,520,32,488,16.742850474175178
2020-03-06 19:00:00+01:00,382,24,358,19.156893019800307,351,24,327,17.103376818692087
2020-03-06 20:00:00+01:00,376,26,350,20.486350839145686,374,26,348,18.684901759797462
2020-03-06 21:00:00+01:00,293,20,273,17.329297501722674,275,17,258,20.236154766209
2020-03-06 22:00:00+01:00,200,15,185,21.668114478408352,197,12,185,19.118279085736297
2020-03-06 23:00:00+01:00,140,9,131,15.157104538016958,147,10,137,16.306492316544293
2020-03-07 00:00:00+01:00,38,2,36,5.960450042509954,39,2,37,6.913338666308079
2020-03-07 01:00:00+01:00,24,1,23,0.16633697306049489,26,1,25,0.13434729751860394
2020-03-07 02:00:00+01:00,25,1,24,0.10677168789919293,26,1,25,0.13434729751860394
2020-03-07 03:00:00+01:00,38,2,36,5.960450042509954,39,2,37,6.913338666308079
2020-03-07 04:00:00+01:00,48,3,45,9.964553643509852,52,2,50,14.472017643602554
2020-03-07 05:00:00+01:00,62,4,58,14.019247608895405,65,4,61,10.13470849860639
2020-03-07 06:00:00+01:00,101,6,95,14.022694861996197,105,6,99,16.343560716114418
2020-03-07 07:00:00+01:00,147,9,138,16.306492316544293,159,10,149,19.89258263570152
2020-03-07 08:00:00+01:00,206,11,195,20.90053052788098,208,12,196,18.807092053665322
2020-03-07 09:00:00+01:00,213,14,199,20.238518600536185,223,14,209,18.802339292525456
2020-03-07 10:00:00+01:00,187,12,175,15.611538170802525,198,12,186,20.173795644408123
2020-03-07 11:00:00+01:00,152,10,142,18.686880121910534,155,8,147,18.708796369633056
2020-03-07 12:00:00+01:00,145,8,137,19.922746131926434,158,8,150,19.40470350916573
2020-03-07 13:00:00+01:00,167,9,158,19.047083059371815,172,10,162,18.863206387348974
2020-03-07 14:00:00+01:00,154,8,146,19.868163821621103,155,8,147,18.708796369633056
2020-03-07 15:00:00+01:00,169,9,160,20.526675282456768,185,10,175,20.88033942284811
2020-03-07 16:00:00+01:00,172,10,162,18.863206387348974,186,9,177,20.400698976924794
2020-03-07 17:00:00+01:00,199,12,187,19.11274068140836,209,10,199,16.60419034744366
2020-03-07 18:00:00+01:00,190,11,179,20.182913119811044,197,10,187,19.118279085736297
2020-03-07 19:00:00+01:00,146,9,137,19.4340926707284,157,8,149,19.700921436065542
2020-03-07 20:00:00+01:00,142,8,134,19.57947604189084,146,8,138,19.4340926707284
2020-03-07 21:00:00+01:00,124,7,117,14.467255533674502,129,7,122,12.81298343964759
2020-03-07 22:00:00+01:00,100,6,94,12.129363492765288,105,7,98,16.343560716114418
2020-03-07 23:00:00+01:00,49,3,46,12.126419816698254,52,2,50,14.472017643602554
2020-03-08 00:00:00+01:00,21,0,21,0.0727095127790566,25,0,25,0.10677168789919293
2020-03-08 01:00:00+01:00,14,0,14,0.0,18,0,18,0.014449312499738909
2020-03-08 02:00:00+01:00,13,0,13,0.0,18,0,18,0.014449312499738909
2020-03-08 03:00:00+01:00,20,0,20,0.04910283862897408,25,0,25,0.10677168789919293
2020-03-08 04:00:00+01:00,29,1,28,0.5419439371488394,36,1,35,2.727177547566476
2020-03-08 05:00:00+01:00,36,1,35,2.727177547566476,48,1,47,9.964553643509852
2020-03-08 06:00:00+01:00,57,2,55,11.247345675463038,74,3,71,9.886934519670994
2020-03-08 07:00:00+01:00,87,3,84,9.504121716770046,119,3,116,9.275729661817119
2020-03-08 08:00:00+01:00,110,4,106,20.964248322238312,128,4,124,16.268122259148125
2020-03-08 09:00:00+01:00,118,4,114,16.65435568776215,166,6,160,16.094287115128708
2020-03-08 10:00:00+01:00,106,4,102,19.560878716092326,149,5,144,17.937448228249327
2020-03-08 11:00:00+01:00,82,3,79,8.6962433625344,98,3,95,9.366341704429512
2020-03-08 12:00:00+01:00,86,3,83,9.565861223121674,119,3,116,9.275729661817119
2020-03-08 13:00:00+01:00,89,3,86,10.527801976587284,98,4,94,9.366341704429512
2020-03-08 14:00:00+01:00,86,3,83,9.565861223121674,119,3,116,9.275729661817119
2020-03-08 15:00:00+01:00,96,4,92,10.792244903732447,127,4,123,18.022773693841014
2020-03-08 16:00:00+01:00,97,4,93,12.91170780960746,118,4,114,16.65435568776215
2020-03-08 17:00:00+01:00,117,4,113,13.539944397802945,135,5,130,20.27811899595658
2020-03-08 18:00:00+01:00,109,4,105,18.214376818550008,139,5,134,19.408576933840735
2020-03-08 19:00:00+01:00,89,3,86,10.527801976587284,90,3,87,10.477669283936715
2020-03-08 20:00:00+01:00,74,3,71,9.886934519670994,107,4,103,12.742346635562697
2020-03-08 21:00:00+01:00,73,2,71,10.015349835153332,86,3,83,9.565861223121674
2020-03-08 22:00:00+01:00,59,2,57,11.512224289105106,74,3,71,9.886934519670994
2020-03-08 23:00:00+01:00,29,1,28,0.5419439371488394,36,1,35,2.727177547566476
2020-03-09 00:00:00+01:00,39,3,36,6.782457974710225,37,4,33,2.066086063070793
2020-03-09 01:00:00+01:00,26,2,24,1.5382661455122164,26,2,24,1.5382661455122164
2020-03-09 02:00:00+01:00,24,2,22,1.5004308879154395,26,2,24,1.5382661455122164
2020-03-09 03:00:00+01:00,37,3,34,2.066086063070793,39,4,35,6.782457974710225
2020-03-09 04:00:00+01:00,60,5,55,10.583722413773145,62,6,56,14.48690450543278
2020-03-09 05:00:00+01:00,108,10,98,14.813734676069407,112,11,101,14.898852003445265
2020-03-09 06:00:00+01:00,136,13,123,16.594078125250377,142,16,126,21.623487252479663
2020-03-09 07:00:00+01:00,226,22,204,20.308697708911414,214,23,191,18.560318290748608
2020-03-09 08:00:00+01:00,239,24,215,13.74553452780325,235,29,206,20.674840106170866
2020-03-09 09:00:00+01:00,154,16,138,23.457384968254527,151,18,133,19.408157188048275
2020-03-09 10:00:00+01:00,128,11,117,19.601953989978306,128,12,116,19.601953989978306
2020-03-09 11:00:00+01:00,152,13,139,20.188330220444417,154,15,139,23.457384968254527
2020-03-09 12:00:00+01:00,123,13,110,19.074654696202938,128,14,114,19.601953989978306
2020-03-09 13:00:00+01:00,127,11,116,19.116953333289125,125,13,112,23.026828253397017
2020-03-09 14:00:00+01:00,127,11,116,19.116953333289125,125,13,112,23.026828253397017
2020-03-09 15:00:00+01:00,139,12,127,18.732486269107348,137,15,122,18.928795118329443
2020-03-09 16:00:00+01:00,145,14,131,18.85528596371164,157,17,140,23.857880119976507
2020-03-09 17:00:00+01:00,216,21,195,21.273439412003903,220,27,193,16.758079648934128
2020-03-09 18:00:00+01:00,228,21,207,15.818609956751573,225,22,203,17.07968654570721
2020-03-09 19:00:00+01:00,168,15,153,20.304807772345505,167,18,149,21.39117903937357
2020-03-09 20:00:00+01:00,166,16,150,18.57114730689396,170,20,150,19.775542485132945
2020-03-09 21:00:00+01:00,122,13,109,20.245567873519157,131,15,116,14.183230975852695
2020-03-09 22:00:00+01:00,89,8,81,17.562315027840828,89,8,81,17.562315027840828
2020-03-09 23:00:00+01:00,63,5,58,14.929801273937542,62,6,56,14.48690450543278
2020-03-10 00:00:00+01:00,33,2,31,5.985660510090718,39,3,36,6.782457974710225
2020-03-10 01:00:00+01:00,22,1,21,0.1277873501672996,26,2,24,1.5382661455122164
2020-03-10 02:00:00+01:00,25,2,23,1.1875344360364632,27,2,25,1.9016023008994223
2020-03-10 03:00:00+01:00,38,3,35,11.101073107969722,40,4,36,5.275608835029151
2020-03-10 04:00:00+01:00,62,5,57,14.48690450543278,62,5,57,14.48690450543278
2020-03-10 05:00:00+01:00,101,8,93,11.280950715811313,121,12,109,20.317620945183666
2020-03-10 06:00:00+01:00,138,11,127,20.21600799483387,138,14,124,20.21600799483387
2020-03-10 07:00:00+01:00,192,17,175,21.295822766447603,225,21,204,17.07968654570721
2020-03-10 08:00:00+01:00,218,18,200,22.57742359713229,242,27,215,20.990360069331732
2020-03-10 09:00:00+01:00,142,13,129,21.623487252479663,164,16,148,22.827361263214527
2020-03-10 10:00:00+01:00,129,10,119,17.995114557081255,131,11,120,14.183230975852695
2020-03-10 11:00:00+01:00,142,11,131,21.623487252479663,164,16,148,22.827361263214527
2020-03-10 12:00:00+01:00,129,10,119,17.995114557081255,131,11,120,14.183230975852695
2020-03-10 13:00:00+01:00,119,9,110,22.46945513312648,129,12,117,17.995114557081255
2020-03-10 14:00:00+01:00,119,9,110,22.46945513312648,129,12,117,17.995114557081255
2020-03-10 15:00:00+01:00,130,10,120,15.65660051079879,144,12,132,22.91915418498221
2020-03-10 16:00:00+01:00,139,13,126,18.732486269107348,150,15,135,17.939622434692456
2020-03-10 17:00:00+01:00,209,17,192,22.16757043059366,224,19,205,16.30248157536985
2020-03-10 18:00:00+01:00,213,17,196,20.488166305452438,246,24,222,17.57126233227549
2020-03-10 19:00:00+01:00,153,14,139,14.915022999208679,172,15,157,19.644113972447897
2020-03-10 20:00:00+01:00,155,15,140,19.469409355748308,165,18,147,20.56038540292619
2020-03-10 21:00:00+01:00,119,11,108,22.46945513312648,129,12,117,17.995114557081255
2020-03-10 22:00:00+01:00,83,6,77,18.699193296190067,90,9,81,13.960700117154147
2020-03-10 23:00:00+01:00,58,4,54,10.505136369992313,67,7,60,12.5039951599288
2020-03-11 00:00:00+01:00,38,4,34,7.590795833711637,34,3,31,11.019687492562438
2020-03-11 01:00:00+01:00,25,3,22,4.851536786659508,25,2,23,4.851536786659508
2020-03-11 02:00:00+01:00,25,2,23,4.851536786659508,25,2,23,4.851536786659508
2020-03-11 03:00:00+01:00,38,4,34,7.590795833711637,34,3,31,11.019687492562438
2020-03-11 04:00:00+01:00,63,7,56,13.630126271531418,62,6,56,12.779859753427614
2020-03-11 05:00:00+01:00,114,13,101,17.516346710171707,112,12,100,16.537505199847164
2020-03-11 06:00:00+01:00,140,19,121,17.88117043007633,141,14,127,16.082921323202
2020-03-11 07:00:00+01:00,214,24,190,24.48806340301503,203,19,184,21.5050173548228
2020-03-11 08:00:00+01:00,226,28,198,20.105295377891462,220,27,193,18.729640796362187
2020-03-11 09:00:00+01:00,153,19,134,18.89706115395996,139,16,123,21.474746575274906
2020-03-11 10:00:00+01:00,126,17,109,16.250667590352332,123,13,110,15.262138605096247
2020-03-11 11:00:00+01:00,153,18,135,18.89706115395996,139,16,123,21.474746575274906
2020-03-11 12:00:00+01:00,126,17,109,16.250667590352332,123,13,110,15.262138605096247
2020-03-11 13:00:00+01:00,127,15,112,19.95892802947898,120,14,106,10.291257377501918
2020-03-11 14:00:00+01:00,127,16,111,19.95892802947898,120,14,106,10.291257377501918
2020-03-11 15:00:00+01:00,140,18,122,17.88117043007633,141,14,127,16.082921323202
2020-03-11 16:00:00+01:00,151,17,134,19.198981193831877,149,16,133,18.476483571588744
2020-03-11 17:00:00+01:00,217,26,191,20.47500927792046,213,24,189,16.70464389525102
2020-03-11 18:00:00+01:00,232,26,206,24.606618615768106,205,22,183,18.29833304368066
2020-03-11 19:00:00+01:00,167,22,145,16.493575022686013,154,14,140,25.102227050596255
2020-03-11 20:00:00+01:00,167,21,146,16.493575022686013,154,14,140,25.102227050596255
2020-03-11 21:00:00+01:00,129,16,113,12.321757402623772,125,13,112,14.698947587184879
2020-03-11 22:00:00+01:00,89,11,78,16.127888447212325,79,9,70,16.621554061874914
2020-03-11 23:00:00+01:00,63,8,55,13.630126271531418,62,6,56,12.779859753427614
2020-03-12 00:00:00+01:00,35,2,33,7.122002820118646,36,5,31,3.0873599992209124
2020-03-12 01:00:00+01:00,23,1,22,0.4122417358964417,25,3,22,1.1875344360364632
2020-03-12 02:00:00+01:00,25,2,23,1.1875344360364632,25,3,22,1.1875344360364632
2020-03-12 03:00:00+01:00,37,3,34,2.066086063070793,38,5,33,11.101073107969722
2020-03-12 04:00:00+01:00,59,5,54,10.572210467564378,58,7,51,10.505136369992313
2020-03-12 05:00:00+01:00,106,9,97,12.94750706735717,114,18,96,18.09348958441383
2020-03-12 06:00:00+01:00,124,11,113,17.53992981591413,129,19,110,17.995114557081255
2020-03-12 07:00:00+01:00,195,14,181,23.83440770251287,216,27,189,21.273439412003903
2020-03-12 08:00:00+01:00,212,19,193,18.597605283865732,231,33,198,16.702836426900134
2020-03-12 09:00:00+01:00,140,10,130,15.331768592489755,140,20,120,15.331768592489755
2020-03-12 10:00:00+01:00,109,9,100,14.645038576883659,117,15,102,21.891304075969387
2020-03-12 11:00:00+01:00,150,12,138,17.939622434692456,153,18,135,14.915022999208679
2020-03-12 12:00:00+01:00,115,8,107,27.52702584121565,121,19,102,20.317620945183666
2020-03-12 13:00:00+01:00,122,9,113,20.245567873519157,128,19,109,19.601953989978306
2020-03-12 14:00:00+01:00,114,8,106,18.09348958441383,121,19,102,20.317620945183666
2020-03-12 15:00:00+01:00,134,10,124,14.701306049248211,135,21,114,21.280002906629502
2020-03-12 16:00:00+01:00,149,11,138,20.003285796587473,153,18,135,14.915022999208679
2020-03-12 17:00:00+01:00,196,15,181,20.04912381427717,216,27,189,21.273439412003903
2020-03-12 18:00:00+01:00,212,19,193,18.597605283865732,231,33,198,16.702836426900134
2020-03-12 19:00:00+01:00,152,11,141,20.188330220444417,162,21,141,19.08849102929865
2020-03-12 20:00:00+01:00,165,13,152,20.56038540292619,160,24,136,19.89239402952506
2020-03-12 21:00:00+01:00,127,10,117,19.116953333289125,117,15,102,21.891304075969387
2020-03-12 22:00:00+01:00,87,7,80,17.896548892855574,85,10,75,19.289671453475872
2020-03-12 23:00:00+01:00,56,4,52,10.152150256689218,64,8,56,14.414592943793718
2020-03-13 00:00:00+01:00,38,3,35,11.101073107969722,38,4,34,11.101073107969722
2020-03-13 01:00:00+01:00,25,2,23,1.1875344360364632,25,2,23,1.1875344360364632
2020-03-13 02:00:00+01:00,25,2,23,1.1875344360364632,25,2,23,1.1875344360364632
2020-03-13 03:00:00+01:00,37,3,34,2.066086063070793,38,4,34,11.101073107969722
2020-03-13 04:00:00+01:00,63,6,57,14.929801273937542,58,5,53,10.505136369992313
2020-03-13 05:00:00+01:00,113,12,101,20.093188266697116,113,11,102,20.093188266697116
2020-03-13 06:00:00+01:00,140,13,127,15.331768592489755,129,13,116,17.995114557081255
2020-03-13 07:00:00+01:00,210,19,191,16.3212742992447,212,18,194,18.597605283865732
2020-03-13 08:00:00+01:00,228,23,205,15.818609956751573,211,19,192,18.759232281731908
2020-03-13 09:00:00+01:00,147,14,133,20.208056467665056,153,13,140,14.915022999208679
2020-03-13 10:00:00+01:00,124,11,113,17.53992981591413,117,12,105,21.891304075969387
2020-03-13 11:00:00+01:00,153,15,138,14.915022999208679,148,13,135,18.058884943386857
2020-03-13 12:00:00+01:00,129,13,116,17.995114557081255,123,10,113,19.074654696202938
2020-03-13 13:00:00+01:00,124,12,112,17.53992981591413,117,12,105,21.891304075969387
2020-03-13 14:00:00+01:00,128,12,116,19.601953989978306,123,10,113,19.074654696202938
2020-03-13 15:00:00+01:00,136,14,122,16.594078125250377,138,14,124,20.21600799483387
2020-03-13 16:00:00+01:00,145,14,131,18.85528596371164,154,15,139,23.457384968254527
2020-03-13 17:00:00+01:00,207,22,185,21.877297854955202,202,19,183,22.500350864850866
2020-03-13 18:00:00+01:00,218,21,197,22.57742359713229,227,25,202,19.269071808142694
2020-03-13 19:00:00+01:00,158,15,143,21.67102174389251,159,15,144,17.78748005044877
2020-03-13 20:00:00+01:00,160,14,146,19.89239402952506,159,13,146,17.78748005044877
2020-03-13 21:00:00+01:00,123,11,112,19.074654696202938,123,12,111,19.074654696202938
2020-03-13 22:00:00+01:00,86,8,78,21.204994436842384,85,7,78,19.289671453475872
2020-03-13 23:00:00+01:00,61,6,55,12.362973378192347,58,5,53,10.505136369992313
2020-03-14 00:00:00+01:00,37,2,35,3.5125252112896685,39,2,37,6.913338666308079
2020-03-14 01:00:00+01:00,24,1,23,0.16633697306049489,26,1,25,0.13434729751860394
2020-03-14 02:00:00+01:00,25,1,24,0.10677168789919293,26,1,25,0.13434729751860394
2020-03-14 03:00:00+01:00,38,2,36,5.960450042509954,39,2,37,6.913338666308079
2020-03-14 04:00:00+01:00,48,3,45,9.964553643509852,52,2,50,14.472017643602554
2020-03-14 05:00:00+01:00,62,4,58,14.019247608895405,65,4,61,10.13470849860639
2020-03-14 06:00:00+01:00,101,6,95,14.022694861996197,105,6,99,16.343560716114418
2020-03-14 07:00:00+01:00,147,9,138,16.306492316544293,159,10,149,19.89258263570152
2020-03-14 08:00:00+01:00,206,11,195,20.90053052788098,208,12,196,18.807092053665322
2020-03-14 09:00:00+01:00,213,14,199,20.238518600536185,223,14,209,18.802339292525456
2020-03-14 10:00:00+01:00,187,12,175,15.611538170802525,198,12,186,20.173795644408123
2020-03-14 11:00:00+01:00,152,10,142,18.686880121910534,155,8,147,18.708796369633056
2020-03-14 12:00:00+01:00,145,8,137,19.922746131926434,158,8,150,19.40470350916573
2020-03-14 13:00:00+01:00,167,9,158,19.047083059371815,172,10,162,18.863206387348974
2020-03-14 14:00:00+01:00,154,8,146,19.868163821621103,155,8,147,18.708796369633056
2020-03-14 15:00:00+01:00,169,9,160,20.526675282456768,185,10,175,20.88033942284811
2020-03-14 16:00:00+01:00,172,10,162,18.863206387348974,186,9,177,20.400698976924794
2020-03-14 17:00:00+01:00,199,12,187,19.11274068140836,209,10,199,16.60419034744366
2020-03-14 18:00:00+01:00,190,11,179,20.182913119811044,197,10,187,19.118279085736297
2020-03-14 19:00:00+01:00,146,9,137,19.4340926707284,157,8,149,19.700921436065542
2020-03-14 20:00:00+01:00,142,8,134,19.57947604189084,146,8,138,19.4340926707284
2020-03-14 21:00:00+01:00,124,7,117,14.467255533674502,129,7,122,12.81298343964759
2020-03-14 22:00:00+01:00,100,6,94,12.129363492765288,105,7,98,16.343560716114418
2020-03-14 23:00:00+01:00,49,3,46,12.126419816698254,52,2,50,14.472017643602554
2020-03-15 00:00:00+01:00,21,0,21,0.0727095127790566,25,0,25,0.10677168789919293
2020-03-15 01:00:00+01:00,14,0,14,0.0,18,0,18,0.014449312499738909
2020-03-15 02:00:00+01:00,13,0,13,0.0,18,0,18,0.014449312499738909
2020-03-15 03:00:00+01:00,20,0,20,0.04910283862897408,25,0,25,0.10677168789919293
2020-03-15 04:00:00+01:00,29,1,28,0.5419439371488394,36,1,35,2.727177547566476
2020-03-15 05:00:00+01:00,36,1,35,2.727177547566476,48,1,47,9.964553643509852
2020-03-15 06:00:00+01:00,57,2,55,11.247345675463038,74,3,71,9.886934519670994
2020-03-15 07:00:00+01:00,87,3,84,9.504121716770046,119,3,116,9.275729661817119
2020-03-15 08:00:00+01:00,110,4,106,20.964248322238312,128,4,124,16.268122259148125
2020-03-15 09:00:00+01:00,118,4,114,16.65435568776215,166,6,160,16.094287115128708
2020-03-15 10:00:00+01:00,106,4,102,19.560878716092326,149,5,144,17.937448228249327
2020-03-15 11:00:00+01:00,82,3,79,8.6962433625344,98,3,95,9.366341704429512
2020-03-15 12:00:00+01:00,86,3,83,9.565861223121674,119,3,116,9.275729661817119
2020-03-15 13:00:00+01:00,89,3,86,10.527801976587284,98,4,94,9.366341704429512
2020-03-15 14:00:00+01:00,86,3,83,9.565861223121674,119,3,116,9.275729661817119
2020-03-15 15:00:00+01:00,96,4,92,10.792244903732447,127,4,123,18.022773693841014
2020-03-15 16:00:00+01:00,97,4,93,12.91170780960746,118,4,114,16.65435568776215
2020-03-15 17:00:00+01:00,117,4,113,13.539944397802945,135,5,130,20.27811899595658
2020-03-15 18:00:00+01:00,109,4,105,18.214376818550008,139,5,134,19.408576933840735
2020-03-15 19:00:00+01:00,89,3,86,10.527801976587284,90,3,87,10.477669283936715
2020-03-15 20:00:00+01:00,74,3,71,9.886934519670994,107,4,103,12.742346635562697
2020-03-15 21:00:00+01:00,73,2,71,10.015349835153332,86,3,83,9.565861223121674
2020-03-15 22:00:00+01:00,59,2,57,11.512224289105106,74,3,71,9.886934519670994
2020-03-15 23:00:00+01:00,29,1,28,0.5419439371488394,36,1,35,2.727177547566476
2020-03-16 00:00:00+01:00,39,3,36,6.782457974710225,37,4,33,2.066086063070793
2020-03-16 01:00:00+01:00,26,2,24,1.5382661455122164,26,2,24,1.5382661455122164
2020-03-16 02:00:00+01:00,24,2,22,1.5004308879154395,26,2,24,1.5382661455122164
2020-03-16 03:00:00+01:00,37,3,34,2.066086063070793,39,4,35,6.782457974710225
2020-03-16 04:00:00+01:00,60,5,55,10.583722413773145,62,6,56,14.48690450543278
2020-03-16 05:00:00+01:00,108,10,98,14.813734676069407,112,11,101,14.898852003445265
2020-03-16 06:00:00+01:00,136,13,123,16.594078125250377,142,16,126,21.623487252479663
2020-03-16 07:00:00+01:00,226,22,204,20.308697708911414,214,23,191,18.560318290748608
2020-03-16 08:00:00+01:00,239,24,215,13.74553452780325,235,29,206,20.674840106170866
2020-03-16 09:00:00+01:00,154,16,138,23.457384968254527,151,18,133,19.408157188048275
2020-03-16 10:00:00+01:00,128,11,117,19.601953989978306,128,12,116,19.601953989978306
2020-03-16 11:00:00+01:00,152,13,139,20.188330220444417,154,15,139,23.457384968254527
2020-03-16 12:00:00+01:00,123,13,110,19.074654696202938,128,14,114,19.601953989978306
2020-03-16 13:00:00+01:00,127,11,116,19.116953333289125,125,13,112,23.026828253397017
2020-03-16 14:00:00+01:00,127,11,116,19.116953333289125,125,13,112,23.026828253397017
2020-03-16 15:00:00+01:00,139,12,127,18.732486269107348,137,15,122,18.928795118329443
2020-03-16 16:00:00+01:00,145,14,131,18.85528596371164,157,17,140,23.857880119976507
2020-03-16 17:00:00+01:00,216,21,195,21.273439412003903,220,27,193,16.758079648934128
2020-03-16 18:00:00+01:00,228,21,207,15.818609956751573,225,22,203,17.07968654570721
2020-03-16 19:00:00+01:00,168,15,153,20.304807772345505,167,18,149,21.39117903937357
2020-03-16 20:00:00+01:00,166,16,150,18.57114730689396,170,20,150,19.775542485132945
2020-03-16 21:00:00+01:00,122,13,109,20.245567873519157,131,15,116,14.183230975852695
2020-03-16 22:00:00+01:00,89,8,81,17.562315027840828,89,8,81,17.562315027840828
2020-03-16 23:00:00+01:00,63,5,58,14.929801273937542,62,6,56,14.48690450543278
2020-03-17 00:00:00+01:00,33,2,31,5.985660510090718,39,3,36,6.782457974710225
2020-03-17 01:00:00+01:00,22,1,21,0.1277873501672996,26,2,24,1.5382661455122164
2020-03-17 02:00:00+01:00,25,2,23,1.1875344360364632,27,2,25,1.9016023008994223
2020-03-17 03:00:00+01:00,38,3,35,11.101073107969722,40,4,36,5.275608835029151
2020-03-17 04:00:00+01:00,62,5,57,14.48690450543278,62,5,57,14.48690450543278
2020-03-17 05:00:00+01:00,101,8,93,11.280950715811313,121,12,109,20.317620945183666
2020-03-17 06:00:00+01:00,138,11,127,20.21600799483387,138,14,124,20.21600799483387
2020-03-17 07:00:00+01:00,192,17,175,21.295822766447603,225,21,204,17.07968654570721
2020-03-17 08:00:00+01:00,218,18,200,22.57742359713229,242,27,215,20.990360069331732
2020-03-17 09:00:00+01:00,142,13,129,21.623487252479663,164,16,148,22.827361263214527
2020-03-17 10:00:00+01:00,129,10,119,17.995114557081255,131,11,120,14.183230975852695
2020-03-17 11:00:00+01:00,142,11,131,21.623487252479663,164,16,148,22.827361263214527
2020-03-17 12:00:00+01:00,129,10,119,17.995114557081255,131,11,120,14.183230975852695
2020-03-17 13:00:00+01:00,119,9,110,22.46945513312648,129,12,117,17.995114557081255
2020-03-17 14:00:00+01:00,119,9,110,22.46945513312648,129,12,117,17.995114557081255
2020-03-17 15:00:00+01:00,130,10,120,15.65660051079879,144,12,132,22.91915418498221
2020-03-17 16:00:00+01:00,139,13,126,18.732486269107348,150,15,135,17.939622434692456
2020-03-17 17:00:00+01:00,209,17,192,22.16757043059366,224,19,205,16.30248157536985
2020-03-17 18:00:00+01:00,213,17,196,20.488166305452438,246,24,222,17.57126233227549
2020-03-17 19:00:00+01:00,153,14,139,14.915022999208679,172,15,157,19.644113972447897
2020-03-17 20:00:00+01:00,155,15,140,19.469409355748308,165,18,147,20.56038540292619
2020-03-17 21:00:00+01:00,119,11,108,22.46945513312648,129,12,117,17.995114557081255
2020-03-17 22:00:00+01:00,83,6,77,18.699193296190067,90,9,81,13.960700117154147
2020-03-17 23:00:00+01:00,58,4,54,10.505136369992313,67,7,60,12.5039951599288
2020-03-18 00:00:00+01:00,38,4,34,7.590795833711637,34,3,31,11.019687492562438
2020-03-18 01:00:00+01:00,25,3,22,4.851536786659508,25,2,23,4.851536786659508
2020-03-18 02:00:00+01:00,25,2,23,4.851536786659508,25,2,23,4.851536786659508
2020-03-18 03:00:00+01:00,38,4,34,7.590795833711637,34,3,31,11.019687492562438
2020-03-18 04:00:00+01:00,63,7,56,13.630126271531418,62,6,56,12.779859753427614
2020-03-18 05:00:00+01:00,114,13,101,17.516346710171707,112,12,100,16.537505199847164
2020-03-18 06:00:00+01:00,140,19,121,17.88117043007633,141,14,127,16.082921323202
2020-03-18 07:00:00+01:00,214,24,190,24.48806340301503,203,19,184,21.5050173548228
2020-03-18 08:00:00+01:00,226,28,198,20.105295377891462,220,27,193,18.729640796362187
2020-03-18 09:00:00+01:00,153,19,134,18.89706115395996,139,16,123,21.474746575274906
2020-03-18 10:00:00+01:00,126,17,109,16.250667590352332,123,13,110,15.262138605096247
2020-03-18 11:00:00+01:00,153,18,135,18.89706115395996,139,16,123,21.474746575274906
2020-03-18 12:00:00+01:00,126,17,109,16.250667590352332,123,13,110,15.262138605096247
2020-03-18 13:00:00+01:00,127,15,112,19.95892802947898,120,14,106,10.291257377501918
2020-03-18 14:00:00+01:00,127,16,111,19.95892802947898,120,14,106,10.291257377501918
2020-03-18 15:00:00+01:00,140,18,122,17.88117043007633,141,14,127,16.082921323202
2020-03-18 16:00:00+01:00,151,17,134,19.198981193831877,149,16,133,18.476483571588744
2020-03-18 17:00:00+01:00,217,26,191,20.47500927792046,213,24,189,16.70464389525102
2020-03-18 18:00:00+01:00,232,26,206,24.606618615768106,205,22,183,18.29833304368066
2020-03-18 19:00:00+01:00,167,22,145,16.493575022686013,154,14,140,25.102227050596255
2020-03-18 20:00:00+01:00,167,21,146,16.493575022686013,154,14,140,25.102227050596255
2020-03-18 21:00:00+01:00,129,16,113,12.321757402623772,125,13,112,14.698947587184879
2020-03-18 22:00:00+01:00,89,11,78,16.127888447212325,79,9,70,16.621554061874914
2020-03-18 23:00:00+01:00,63,8,55,13.630126271531418,62,6,56,12.779859753427614
2020-03-19 00:00:00+01:00,35,2,33,7.122002820118646,36,5,31,3.0873599992209124
2020-03-19 01:00:00+01:00,23,1,22,0.4122417358964417,25,3,22,1.1875344360364632
2020-03-19 02:00:00+01:00,25,2,23,1.1875344360364632,25,3,22,1.1875344360364632
2020-03-19 03:00:00+01:00,37,3,34,2.066086063070793,38,5,33,11.101073107969722
2020-03-19 04:00:00+01:00,59,5,54,10.572210467564378,58,7,51,10.505136369992313
2020-03-19 05:00:00+01:00,106,9,97,12.94750706735717,114,18,96,18.09348958441383
2020-03-19 06:00:00+01:00,124,11,113,17.53992981591413,129,19,110,17.995114557081255
2020-03-19 07:00:00+01:00,195,14,181,23.83440770251287,216,27,189,21.273439412003903
2020-03-19 08:00:00+01:00,212,19,193,18.597605283865732,231,33,198,16.702836426900134
2020-03-19 09:00:00+01:00,140,10,130,15.331768592489755,140,20,120,15.331768592489755
2020-03-19 10:00:00+01:00,109,9,100,14.645038576883659,117,15,102,21.891304075969387
2020-03-19 11:00:00+01:00,150,12,138,17.939622434692456,153,18,135,14.915022999208679
2020-03-19 12:00:00+01:00,115,8,107,27.52702584121565,121,19,102,20.317620945183666
2020-03-19 13:00:00+01:00,122,9,113,20.245567873519157,128,19,109,19.601953989978306
2020-03-19 14:00:00+01:00,114,8,106,18.09348958441383,121,19,102,20.317620945183666
2020-03-19 15:00:00+01:00,134,10,124,14.701306049248211,135,21,114,21.280002906629502
2020-03-19 16:00:00+01:00,149,11,138,20.003285796587473,153,18,135,14.915022999208679
2020-03-19 17:00:00+01:00,196,15,181,20.04912381427717,216,27,189,21.273439412003903
2020-03-19 18:00:00+01:00,212,19,193,18.597605283865732,231,33,198,16.702836426900134
2020-03-19 19:00:00+01:00,152,11,141,20.188330220444417,162,21,141,19.08849102929865
2020-03-19 20:00:00+01:00,165,13,152,20.56038540292619,160,24,136,19.89239402952506
2020-03-19 21:00:00+01:00,127,10,117,19.116953333289125,117,15,102,21.891304075969387
2020-03-19 22:00:00+01:00,87,7,80,17.896548892855574,85,10,75,19.289671453475872
2020-03-19 23:00:00+01:00,56,4,52,10.152150256689218,64,8,56,14.414592943793718
2020-03-20 00:00:00+01:00,38,3,35,11.101073107969722,38,4,34,11.101073107969722
2020-03-20 01:00:00+01:00,25,2,23,1.1875344360364632,25,2,23,1.1875344360364632
2020-03-20 02:00:00+01:00,25,2,23,1.1875344360364632,25,2,23,1.1875344360364632
2020-03-20 03:00:00+01:00,37,3,34,2.066086063070793,38,4,34,11.101073107969722
2020-03-20 04:00:00+01:00,63,6,57,14.929801273937542,58,5,53,10.505136369992313
2020-03-20 05:00:00+01:00,113,12,101,20.093188266697116,113,11,102,20.093188266697116
2020-03-20 06:00:00+01:00,140,13,127,15.331768592489755,129,13,116,17.995114557081255
2020-03-20 07:00:00+01:00,210,19,191,16.3212742992447,212,18,194,18.597605283865732
2020-03-20 08:00:00+01:00,228,23,205,15.818609956751573,211,19,192,18.759232281731908
2020-03-20 09:00:00+01:00,147,14,133,20.208056467665056,153,13,140,14.915022999208679
2020-03-20 10:00:00+01:00,124,11,113,17.53992981591413,117,12,105,21.891304075969387
2020-03-20 11:00:00+01:00,153,15,138,14.915022999208679,148,13,135,18.058884943386857
2020-03-20 12:00:00+01:00,129,13,116,17.995114557081255,123,10,113,19.074654696202938
2020-03-20 13:00:00+01:00,124,12,112,17.53992981591413,117,12,105,21.891304075969387
2020-03-20 14:00:00+01:00,128,12,116,19.601953989978306,123,10,113,19.074654696202938
2020-03-20 15:00:00+01:00,136,14,122,16.594078125250377,138,14,124,20.21600799483387
2020-03-20 16:00:00+01:00,145,14,131,18.85528596371164,154,15,139,23.457384968254527
2020-03-20 17:00:00+01:00,207,22,185,21.877297854955202,202,19,183,22.500350864850866
2020-03-20 18:00:00+01:00,218,21,197,22.57742359713229,227,25,202,19.269071808142694
2020-03-20 19:00:00+01:00,158,15,143,21.67102174389251,159,15,144,17.78748005044877
2020-03-20 20:00:00+01:00,160,14,146,19.89239402952506,159,13,146,17.78748005044877
2020-03-20 21:00:00+01:00,123,11,112,19.074654696202938,123,12,111,19.074654696202938
2020-03-20 22:00:00+01:00,86,8,78,21.204994436842384,85,7,78,19.289671453475872
2020-03-20 23:00:00+01:00,61,6,55,12.362973378192347,58,5,53,10.505136369992313
2020-03-21 00:00:00+01:00,37,2,35,3.5125252112896685,39,2,37,6.913338666308079
2020-03-21 01:00:00+01:00,24,1,23,0.16633697306049489,26,1,25,0.13434729751860394
2020-03-21 02:00:00+01:00,25,1,24,0.10677168789919293,26,1,25,0.13434729751860394
2020-03-21 03:00:00+01:00,38,2,36,5.960450042509954,39,2,37,6.913338666308079
2020-03-21 04:00:00+01:00,48,3,45,9.964553643509852,52,2,50,14.472017643602554
2020-03-21 05:00:00+01:00,62,4,58,14.019247608895405,65,4,61,10.13470849860639
2020-03-21 06:00:00+01:00,101,6,95,14.022694861996197,105,6,99,16.343560716114418
2020-03-21 07:00:00+01:00,147,9,138,16.306492316544293,159,10,149,19.89258263570152
2020-03-21 08:00:00+01:00,206,11,195,20.90053052788098,208,12,196,18.807092053665322
2020-03-21 09:00:00+01:00,213,14,199,20.238518600536185,223,14,209,18.802339292525456
2020-03-21 10:00:00+01:00,187,12,175,15.611538170802525,198,12,186,20.173795644408123
2020-03-21 11:00:00+01:00,152,10,142,18.686880121910534,155,8,147,18.708796369633056
2020-03-21 12:00:00+01:00,145,8,137,19.922746131926434,158,8,150,19.40470350916573
2020-03-21 13:00:00+01:00,167,9,158,19.047083059371815,172,10,162,18.863206387348974
2020-03-21 14:00:00+01:00,154,8,146,19.868163821621103,155,8,147,18.708796369633056
2020-03-21 15:00:00+01:00,169,9,160,20.526675282456768,185,10,175,20.88033942284811
2020-03-21 16:00:00+01:00,172,10,162,18.863206387348974,186,9,177,20.400698976924794
2020-03-21 17:00:00+01:00,199,12,187,19.11274068140836,209,10,199,16.60419034744366
2020-03-21 18:00:00+01:00,190,11,179,20.182913119811044,197,10,187,19.118279085736297
2020-03-21 19:00:00+01:00,146,9,137,19.4340926707284,157,8,149,19.700921436065542
2020-03-21 20:00:00+01:00,142,8,134,19.57947604189084,146,8,138,19.4340926707284
2020-03-21 21:00:00+01:00,124,7,117,14.467255533674502,129,7,122,12.81298343964759
2020-03-21 22:00:00+01:00,100,6,94,12.129363492765288,105,7,98,16.343560716114418
2020-03-21 23:00:00+01:00,49,3,46,12.126419816698254,52,2,50,14.472017643602554
2020-03-22 00:00:00+01:00,21,0,21,0.0727095127790566,25,0,25,0.10677168789919293
2020-03-22 01:00:00+01:00,14,0,14,0.0,18,0,18,0.014449312499738909
2020-03-22 02:00:00+01:00,13,0,13,0.0,18,0,18,0.014449312499738909
2020-03-22 03:00:00+01:00,20,0,20,0.04910283862897408,25,0,25,0.10677168789919293
2020-03-22 04:00:00+01:00,29,1,28,0.5419439371488394,36,1,35,2.727177547566476
2020-03-22 05:00:00+01:00,36,1,35,2.727177547566476,48,1,47,9.964553643509852
2020-03-22 06:00:00+01:00,57,2,55,11.247345675463038,74,3,71,9.886934519670994
2020-03-22 07:00:00+01:00,87,3,84,9.504121716770046,119,3,116,9.275729661817119
2020-03-22 08:00:00+01:00,110,4,106,20.964248322238312,128,4,124,16.268122259148125
2020-03-22 09:00:00+01:00,118,4,114,16.65435568776215,166,6,160,16.094287115128708
2020-03-22 10:00:00+01:00,106,4,102,19.560878716092326,149,5,144,17.937448228249327
2020-03-22 11:00:00+01:00,82,3,79,8.6962433625344,98,3,95,9.366341704429512
2020-03-22 12:00:00+01:00,86,3,83,9.565861223121674,119,3,116,9.275729661817119
2020-03-22 13:00:00+01:00,89,3,86,10.527801976587284,98,4,94,9.366341704429512
2020-03-22 14:00:00+01:00,86,3,83,9.565861223121674,119,3,116,9.275729661817119
2020-03-22 15:00:00+01:00,96,4,92,10.792244903732447,127,4,123,18.022773693841014
2020-03-22 16:00:00+01:00,97,4,93,12.91170780960746,118,4,114,16.65435568776215
2020-03-22 17:00:00+01:00,117,4,113,13.539944397802945,135,5,130,20.27811899595658
2020-03-22 18:00:00+01:00,109,4,105,18.214376818550008,139,5,134,19.408576933840735
2020-03-22 19:00:00+01:00,89,3,86,10.527801976587284,90,3,87,10.477669283936715
2020-03-22 20:00:00+01:00,74,3,71,9.886934519670994,107,4,103,12.742346635562697
2020-03-22 21:00:00+01:00,73,2,71,10.015349835153332,86,3,83,9.565861223121674
2020-03-22 22:00:00+01:00,59,2,57,11.512224289105106,74,3,71,9.886934519670994
2020-03-22 23:00:00+01:00,29,1,28,0.5419439371488394,36,1,35,2.727177547566476
2020-03-23 00:00:00+01:00,39,3,36,6.782457974710225,37,4,33,2.066086063070793
2020-03-23 01:00:00+01:00,26,2,24,1.5382661455122164,26,2,24,1.5382661455122164
2020-03-23 02:00:00+01:00,24,2,22,1.5004308879154395,26,2,24,1.5382661455122164
2020-03-23 03:00:00+01:00,37,3,34,2.066086063070793,39,4,35,6.782457974710225
2020-03-23 04:00:00+01:00,60,5,55,10.583722413773145,62,6,56,14.48690450543278
2020-03-23 05:00:00+01:00,108,10,98,14.813734676069407,112,11,101,14.898852003445265
2020-03-23 06:00:00+01:00,136,13,123,16.594078125250377,142,16,126,21.623487252479663
2020-03-23 07:00:00+01:00,226,22,204,20.308697708911414,214,23,191,18.560318290748608
2020-03-23 08:00:00+01:00,239,24,215,13.74553452780325,235,29,206,20.674840106170866
2020-03-23 09:00:00+01:00,154,16,138,23.457384968254527,151,18,133,19.408157188048275
2020-03-23 10:00:00+01:00,128,11,117,19.601953989978306,128,12,116,19.601953989978306
2020-03-23 11:00:00+01:00,152,13,139,20.188330220444417,154,15,139,23.457384968254527
2020-03-23 12:00:00+01:00,123,13,110,19.074654696202938,128,14,114,19.601953989978306
2020-03-23 13:00:00+01:00,127,11,116,19.116953333289125,125,13,112,23.026828253397017
2020-03-23 14:00:00+01:00,127,11,116,19.116953333289125,125,13,112,23.026828253397017
2020-03-23 15:00:00+01:00,139,12,127,18.732486269107348,137,15,122,18.928795118329443
2020-03-23 16:00:00+01:00,145,14,131,18.85528596371164,157,17,140,23.857880119976507
2020-03-23 17:00:00+01:00,216,21,195,21.273439412003903,220,27,193,16.758079648934128
2020-03-23 18:00:00+01:00,228,21,207,15.818609956751573,225,22,203,17.07968654570721
2020-03-23 19:00:00+01:00,168,15,153,20.304807772345505,167,18,149,21.39117903937357
2020-03-23 20:00:00+01:00,166,16,150,18.57114730689396,170,20,150,19.775542485132945
2020-03-23 21:00:00+01:00,122,13,109,20.245567873519157,131,15,116,14.183230975852695
2020-03-23 22:00:00+01:00,89,8,81,17.562315027840828,89,8,81,17.562315027840828
2020-03-23 23:00:00+01:00,63,5,58,14.929801273937542,62,6,56,14.48690450543278
2020-03-24 00:00:00+01:00,33,2,31,5.985660510090718,39,3,36,6.782457974710225
2020-03-24 01:00:00+01:00,22,1,21,0.1277873501672996,26,2,24,1.5382661455122164
2020-03-24 02:00:00+01:00,25,2,23,1.1875344360364632,27,2,25,1.9016023008994223
2020-03-24 03:00:00+01:00,38,3,35,11.101073107969722,40,4,36,5.275608835029151
2020-03-24 04:00:00+01:00,62,5,57,14.48690450543278,62,5,57,14.48690450543278
2020-03-24 05:00:00+01:00,101,8,93,11.280950715811313,121,12,109,20.317620945183666
2020-03-24 06:00:00+01:00,138,11,127,20.21600799483387,138,14,124,20.21600799483387
2020-03-24 07:00:00+01:00,192,17,175,21.295822766447603,225,21,204,17.07968654570721
2020-03-24 08:00:00+01:00,218,18,200,22.57742359713229,242,27,215,20.990360069331732
2020-03-24 09:00:00+01:00,142,13,129,21.623487252479663,164,16,148,22.827361263214527
2020-03-24 10:00:00+01:00,129,10,119,17.995114557081255,131,11,120,14.183230975852695
2020-03-24 11:00:00+01:00,142,11,131,21.623487252479663,164,16,148,22.827361263214527
2020-03-24 12:00:00+01:00,129,10,119,17.995114557081255,131,11,120,14.183230975852695
2020-03-24 13:00:00+01:00,119,9,110,22.46945513312648,129,12,117,17.995114557081255
2020-03-24 14:00:00+01:00,119,9,110,22.46945513312648,129,12,117,17.995114557081255
2020-03-24 15:00:00+01:00,130,10,120,15.65660051079879,144,12,132,22.91915418498221
2020-03-24 16:00:00+01:00,139,13,126,18.732486269107348,150,15,135,17.939622434692456
2020-03-24 17:00:00+01:00,209,17,192,22.16757043059366,224,19,205,16.30248157536985
2020-03-24 18:00:00+01:00,213,17,196,20.488166305452438,246,24,222,17.57126233227549
2020-03-24 19:00:00+01:00,153,14,139,14.915022999208679,172,15,157,19.644113972447897
2020-03-24 20:00:00+01:00,155,15,140,19.469409355748308,165,18,147,20.56038540292619
2020-03-24 21:00:00+01:00,119,11,108,22.46945513312648,129,12,117,17.995114557081255
2020-03-24 22:00:00+01:00,83,6,77,18.699193296190067,90,9,81,13.960700117154147
2020-03-24 23:00:00+01:00,58,4,54,10.505136369992313,67,7,60,12.5039951599288
2020-03-25 00:00:00+01:00,38,4,34,7.590795833711637,34,3,31,11.019687492562438
2020-03-25 01:00:00+01:00,25,3,22,4.851536786659508,25,2,23,4.851536786659508
2020-03-25 02:00:00+01:00,25,2,23,4.851536786659508,25,2,23,4.851536786659508
2020-03-25 03:00:00+01:00,38,4,34,7.590795833711637,34,3,31,11.019687492562438
2020-03-25 04:00:00+01:00,63,7,56,13.630126271531418,62,6,56,12.779859753427614
2020-03-25 05:00:00+01:00,114,13,101,17.516346710171707,112,12,100,16.537505199847164
2020-03-25 06:00:00+01:00,140,19,121,17.88117043007633,141,14,127,16.082921323202
2020-03-25 07:00:00+01:00,214,24,190,24.48806340301503,203,19,184,21.5050173548228
2020-03-25 08:00:00+01:00,226,28,198,20.105295377891462,220,27,193,18.729640796362187
2020-03-25 09:00:00+01:00,153,19,134,18.89706115395996,139,16,123,21.474746575274906
2020-03-25 10:00:00+01:00,126,17,109,16.250667590352332,123,13,110,15.262138605096247
2020-03-25 11:00:00+01:00,153,18,135,18.89706115395996,139,16,123,21.474746575274906
2020-03-25 12:00:00+01:00,126,17,109,16.250667590352332,123,13,110,15.262138605096247
2020-03-25 13:00:00+01:00,127,15,112,19.95892802947898,120,14,106,10.291257377501918
2020-03-25 14:00:00+01:00,127,16,111,19.95892802947898,120,14,106,10.291257377501918
2020-03-25 15:00:00+01:00,140,18,122,17.88117043007633,141,14,127,16.082921323202
2020-03-25 16:00:00+01:00,151,17,134,19.198981193831877,149,16,133,18.476483571588744
2020-03-25 17:00:00+01:00,217,26,191,20.47500927792046,213,24,189,16.70464389525102
2020-03-25 18:00:00+01:00,232,26,206,24.606618615768106,205,22,183,18.29833304368066
2020-03-25 19:00:00+01:00,167,22,145,16.493575022686013,154,14,140,25.102227050596255
2020-03-25 20:00:00+01:00,167,21,146,16.493575022686013,154,14,140,25.102227050596255
2020-03-25 21:00:00+01:00,129,16,113,12.321757402623772,125,13,112,14.698947587184879
2020-03-25 22:00:00+01:00,89,11,78,16.127888447212325,79,9,70,16.621554061874914
2020-03-25 23:00:00+01:00,63,8,55,13.630126271531418,62,6,56,12.779859753427614
2020-03-26 00:00:00+01:00,35,2,33,7.122002820118646,36,5,31,3.0873599992209124
2020-03-26 01:00:00+01:00,23,1,22,0.4122417358964417,25,3,22,1.1875344360364632
2020-03-26 02:00:00+01:00,25,2,23,1.1875344360364632,25,3,22,1.1875344360364632
2020-03-26 03:00:00+01:00,37,3,34,2.066086063070793,38,5,33,11.101073107969722
2020-03-26 04:00:00+01:00,59,5,54,10.572210467564378,58,7,51,10.505136369992313
2020-03-26 05:00:00+01:00,106,9,97,12.94750706735717,114,18,96,18.09348958441383
2020-03-26 06:00:00+01:00,124,11,113,17.53992981591413,129,19,110,17.995114557081255
2020-03-26 07:00:00+01:00,195,14,181,23.83440770251287,216,27,189,21.273439412003903
2020-03-26 08:00:00+01:00,212,19,193,18.597605283865732,231,33,198,16.702836426900134
2020-03-26 09:00:00+01:00,140,10,130,15.331768592489755,140,20,120,15.331768592489755
2020-03-26 10:00:00+01:00,109,9,100,14.645038576883659,117,15,102,21.891304075969387
2020-03-26 11:00:00+01:00,150,12,138,17.939622434692456,153,18,135,14.915022999208679
2020-03-26 12:00:00+01:00,115,8,107,27.52702584121565,121,19,102,20.317620945183666
2020-03-26 13:00:00+01:00,122,9,113,20.245567873519157,128,19,109,19.601953989978306
2020-03-26 14:00:00+01:00,114,8,106,18.09348958441383,121,19,102,20.317620945183666
2020-03-26 15:00:00+01:00,134,10,124,14.701306049248211,135,21,114,21.280002906629502
2020-03-26 16:00:00+01:00,149,11,138,20.003285796587473,153,18,135,14.915022999208679
2020-03-26 17:00:00+01:00,196,15,181,20.04912381427717,216,27,189,21.273439412003903
2020-03-26 18:00:00+01:00,212,19,193,18.597605283865732,231,33,198,16.702836426900134
2020-03-26 19:00:00+01:00,152,11,141,20.188330220444417,162,21,141,19.08849102929865
2020-03-26 20:00:00+01:00,165,13,152,20.56038540292619,160,24,136,19.89239402952506
2020-03-26 21:00:00+01:00,127,10,117,19.116953333289125,117,15,102,21.891304075969387
2020-03-26 22:00:00+01:00,87,7,80,17.896548892855574,85,10,75,19.289671453475872
2020-03-26 23:00:00+01:00,56,4,52,10.152150256689218,64,8,56,14.414592943793718
2020-03-27 00:00:00+01:00,38,3,35,11.101073107969722,38,4,34,11.101073107969722
2020-03-27 01:00:00+01:00,25,2,23,1.1875344360364632,25,2,23,1.1875344360364632
2020-03-27 02:00:00+01:00,25,2,23,1.1875344360364632,25,2,23,1.1875344360364632
2020-03-27 03:00:00+01:00,37,3,34,2.066086063070793,38,4,34,11.101073107969722
2020-03-27 04:00:00+01:00,63,6,57,14.929801273937542,58,5,53,10.505136369992313
2020-03-27 05:00:00+01:00,113,12,101,20.093188266697116,113,11,102,20.093188266697116
2020-03-27 06:00:00+01:00,140,13,127,15.331768592489755,129,13,116,17.995114557081255
2020-03-27 07:00:00+01:00,210,19,191,16.3212742992447,212,18,194,18.597605283865732
2020-03-27 08:00:00+01:00,228,23,205,15.818609956751573,211,19,192,18.759232281731908
2020-03-27 09:00:00+01:00,147,14,133,20.208056467665056,153,13,140,14.915022999208679
2020-03-27 10:00:00+01:00,124,11,113,17.53992981591413,117,12,105,21.891304075969387
2020-03-27 11:00:00+01:00,153,15,138,14.915022999208679,148,13,135,18.058884943386857
2020-03-27 12:00:00+01:00,129,13,116,17.995114557081255,123,10,113,19.074654696202938
2020-03-27 13:00:00+01:00,124,12,112,17.53992981591413,117,12,105,21.891304075969387
2020-03-27 14:00:00+01:00,128,12,116,19.601953989978306,123,10,113,19.074654696202938
2020-03-27 15:00:00+01:00,136,14,122,16.594078125250377,138,14,124,20.21600799483387
2020-03-27 16:00:00+01:00,145,14,131,18.85528596371164,154,15,139,23.457384968254527
2020-03-27 17:00:00+01:00,207,22,185,21.877297854955202,202,19,183,22.500350864850866
2020-03-27 18:00:00+01:00,218,21,197,22.57742359713229,227,25,202,19.269071808142694
2020-03-27 19:00:00+01:00,158,15,143,21.67102174389251,159,15,144,17.78748005044877
2020-03-27 20:00:00+01:00,160,14,146,19.89239402952506,159,13,146,17.78748005044877
2020-03-27 21:00:00+01:00,123,11,112,19.074654696202938,123,12,111,19.074654696202938
2020-03-27 22:00:00+01:00,86,8,78,21.204994436842384,85,7,78,19.289671453475872
2020-03-27 23:00:00+01:00,61,6,55,12.362973378192347,58,5,53,10.505136369992313
2020-03-28 00:00:00+01:00,37,2,35,3.5125252112896685,39,2,37,6.913338666308079
2020-03-28 01:00:00+01:00,24,1,23,0.16633697306049489,26,1,25,0.13434729751860394
2020-03-28 02:00:00+01:00,25,1,24,0.10677168789919293,26,1,25,0.13434729751860394
2020-03-28 03:00:00+01:00,38,2,36,5.960450042509954,39,2,37,6.913338666308079
2020-03-28 04:00:00+01:00,48,3,45,9.964553643509852,52,2,50,14.472017643602554
2020-03-28 05:00:00+01:00,62,4,58,14.019247608895405,65,4,61,10.13470849860639
2020-03-28 06:00:00+01:00,101,6,95,14.022694861996197,105,6,99,16.343560716114418
2020-03-28 07:00:00+01:00,147,9,138,16.306492316544293,159,10,149,19.89258263570152
2020-03-28 08:00:00+01:00,206,11,195,20.90053052788098,208,12,196,18.807092053665322
2020-03-28 09:00:00+01:00,213,14,199,20.238518600536185,223,14,209,18.802339292525456
2020-03-28 10:00:00+01:00,187,12,175,15.611538170802525,198,12,186,20.173795644408123
2020-03-28 11:00:00+01:00,152,10,142,18.686880121910534,155,8,147,18.708796369633056
2020-03-28 12:00:00+01:00,145,8,137,19.922746131926434,158,8,150,19.40470350916573
2020-03-28 13:00:00+01:00,167,9,158,19.047083059371815,172,10,162,18.863206387348974
2020-03-28 14:00:00+01:00,154,8,146,19.868163821621103,155,8,147,18.708796369633056
2020-03-28 15:00:00+01:00,169,9,160,20.526675282456768,185,10,175,20.88033942284811
2020-03-28 16:00:00+01:00,172,10,162,18.863206387348974,186,9,177,20.400698976924794
2020-03-28 17:00:00+01:00,199,12,187,19.11274068140836,209,10,199,16.60419034744366
2020-03-28 18:00:00+01:00,190,11,179,20.182913119811044,197,10,187,19.118279085736297
2020-03-28 19:00:00+01:00,146,9,137,19.4340926707284,157,8,149,19.700921436065542
2020-03-28 20:00:00+01:00,142,8,134,19.57947604189084,146,8,138,19.4340926707284
2020-03-28 21:00:00+01:00,124,7,117,14.467255533674502,129,7,122,12.81298343964759
2020-03-28 22:00:00+01:00,100,6,94,12.129363492765288,105,7,98,16.343560716114418
2020-03-28 23:00:00+01:00,49,3,46,12.126419816698254,52,2,50,14.472017643602554
2020-03-29 00:00:00+01:00,21,0,21,0.0727095127790566,25,0,25,0.10677168789919293
2020-03-29 01:00:00+01:00,14,0,14,0.0,18,0,18,0.014449312499738909
2020-03-29 03:00:00+02:00,13,0,13,0.0,18,0,18,0.014449312499738909
2020-03-29 03:00:00+02:00,20,0,20,0.04910283862897408,25,0,25,0.10677168789919293
2020-03-29 04:00:00+02:00,29,1,28,0.5419439371488394,36,1,35,2.727177547566476
2020-03-29 05:00:00+02:00,36,1,35,2.727177547566476,48,1,47,9.964553643509852
2020-03-29 06:00:00+02:00,57,2,55,11.247345675463038,74,3,71,9.886934519670994
2020-03-29 07:00:00+02:00,87,3,84,9.504121716770046,119,3,116,9.275729661817119
2020-03-29 08:00:00+02:00,110,4,106,20.964248322238312,128,4,124,16.268122259148125
2020-03-29 09:00:00+02:00,118,4,114,16.65435568776215,166,6,160,16.094287115128708
2020-03-29 10:00:00+02:00,106,4,102,19.560878716092326,149,5,144,17.937448228249327
2020-03-29 11:00:00+02:00,82,3,79,8.6962433625344,98,3,95,9.366341704429512
2020-03-29 12:00:00+02:00,86,3,83,9.565861223121674,119,3,116,9.275729661817119
2020-03-29 13:00:00+02:00,89,3,86,10.527801976587284,98,4,94,9.366341704429512
2020-03-29 14:00:00+02:00,86,3,83,9.565861223121674,119,3,116,9.275729661817119
2020-03-29 15:00:00+02:00,96,4,92,10.792244903732447,127,4,123,18.022773693841014
2020-03-29 16:00:00+02:00,97,4,93,12.91170780960746,118,4,114,16.65435568776215
2020-03-29 17:00:00+02:00,117,4,113,13.539944397802945,135,5,130,20.27811899595658
2020-03-29 18:00:00+02:00,109,4,105,18.214376818550008,139,5,134,19.408576933840735
2020-03-29 19:00:00+02:00,89,3,86,10.527801976587284,90,3,87,10.477669283936715
2020-03-29 20:00:00+02:00,74,3,71,9.886934519670994,107,4,103,12.742346635562697
2020-03-29 21:00:00+02:00,73,2,71,10.015349835153332,86,3,83,9.565861223121674
2020-03-29 22:00:00+02:00,59,2,57,11.512224289105106,74,3,71,9.886934519670994
2020-03-29 23:00:00+02:00,29,1,28,0.5419439371488394,36,1,35,2.727177547566476
2020-03-30 00:00:00+02:00,39,3,36,6.782457974710225,37,4,33,2.066086063070793
2020-03-30 01:00:00+02:00,26,2,24,1.5382661455122164,26,2,24,1.5382661455122164
2020-03-30 02:00:00+02:00,24,2,22,1.5004308879154395,26,2,24,1.5382661455122164
2020-03-30 03:00:00+02:00,37,3,34,2.066086063070793,39,4,35,6.782457974710225
2020-03-30 04:00:00+02:00,60,5,55,10.583722413773145,62,6,56,14.48690450543278
2020-03-30 05:00:00+02:00,108,10,98,14.813734676069407,112,11,101,14.898852003445265
2020-03-30 06:00:00+02:00,136,13,123,16.594078125250377,142,16,126,21.623487252479663
2020-03-30 07:00:00+02:00,226,22,204,20.308697708911414,214,23,191,18.560318290748608
2020-03-30 08:00:00+02:00,239,24,215,13.74553452780325,235,29,206,20.674840106170866
2020-03-30 09:00:00+02:00,154,16,138,23.457384968254527,151,18,133,19.408157188048275
2020-03-30 10:00:00+02:00,128,11,117,19.601953989978306,128,12,116,19.601953989978306
2020-03-30 11:00:00+02:00,152,13,139,20.188330220444417,154,15,139,23.457384968254527
2020-03-30 12:00:00+02:00,123,13,110,19.074654696202938,128,14,114,19.601953989978306
2020-03-30 13:00:00+02:00,127,11,116,19.116953333289125,125,13,112,23.026828253397017
2020-03-30 14:00:00+02:00,127,11,116,19.116953333289125,125,13,112,23.026828253397017
2020-03-30 15:00:00+02:00,139,12,127,18.732486269107348,137,15,122,18.928795118329443
2020-03-30 16:00:00+02:00,145,14,131,18.85528596371164,157,17,140,23.857880119976507
2020-03-30 17:00:00+02:00,216,21,195,21.273439412003903,220,27,193,16.758079648934128
2020-03-30 18:00:00+02:00,228,21,207,15.818609956751573,225,22,203,17.07968654570721
2020-03-30 19:00:00+02:00,168,15,153,20.304807772345505,167,18,149,21.39117903937357
2020-03-30 20:00:00+02:00,166,16,150,18.57114730689396,170,20,150,19.775542485132945
2020-03-30 21:00:00+02:00,122,13,109,20.245567873519157,131,15,116,14.183230975852695
2020-03-30 22:00:00+02:00,89,8,81,17.562315027840828,89,8,81,17.562315027840828
2020-03-30 23:00:00+02:00,63,5,58,14.929801273937542,62,6,56,14.48690450543278
2020-03-31 00:00:00+02:00,33,2,31,5.985660510090718,39,3,36,6.782457974710225
2020-03-31 01:00:00+02:00,22,1,21,0.1277873501672996,26,2,24,1.5382661455122164
2020-03-31 02:00:00+02:00,25,2,23,1.1875344360364632,27,2,25,1.9016023008994223
2020-03-31 03:00:00+02:00,38,3,35,11.101073107969722,40,4,36,5.275608835029151
2020-03-31 04:00:00+02:00,62,5,57,14.48690450543278,62,5,57,14.48690450543278
2020-03-31 05:00:00+02:00,101,8,93,11.280950715811313,121,12,109,20.317620945183666
2020-03-31 06:00:00+02:00,138,11,127,20.21600799483387,138,14,124,20.21600799483387
2020-03-31 07:00:00+02:00,192,17,175,21.295822766447603,225,21,204,17.07968654570721
2020-03-31 08:00:00+02:00,218,18,200,22.57742359713229,242,27,215,20.990360069331732
2020-03-31 09:00:00+02:00,142,13,129,21.623487252479663,164,16,148,22.827361263214527
2020-03-31 10:00:00+02:00,129,10,119,17.995114557081255,131,11,120,14.183230975852695
2020-03-31 11:00:00+02:00,142,11,131,21.623487252479663,164,16,148,22.827361263214527
2020-03-31 12:00:00+02:00,129,10,119,17.995114557081255,131,11,120,14.183230975852695
2020-03-31 13:00:00+02:00,119,9,110,22.46945513312648,129,12,117,17.995114557081255
2020-03-31 14:00:00+02:00,119,9,110,22.46945513312648,129,12,117,17.995114557081255
2020-03-31 15:00:00+02:00,130,10,120,15.65660051079879,144,12,132,22.91915418498221
2020-03-31 16:00:00+02:00,139,13,126,18.732486269107348,150,15,135,17.939622434692456
2020-03-31 17:00:00+02:00,209,17,192,22.16757043059366,224,19,205,16.30248157536985
2020-03-31 18:00:00+02:00,213,17,196,20.488166305452438,246,24,222,17.57126233227549
2020-03-31 19:00:00+02:00,153,14,139,14.915022999208679,172,15,157,19.644113972447897
2020-03-31 20:00:00+02:00,155,15,140,19.469409355748308,165,18,147,20.56038540292619
2020-03-31 21:00:00+02:00,119,11,108,22.46945513312648,129,12,117,17.995114557081255
2020-03-31 22:00:00+02:00,83,6,77,18.699193296190067,90,9,81,13.960700117154147
2020-03-31 23:00:00+02:00,58,4,54,10.505136369992313,67,7,60,12.5039951599288
2020-04-01 00:00:00+02:00,38,4,34,7.590795833711637,34,3,31,11.019687492562438
2020-04-01 01:00:00+02:00,25,3,22,4.851536786659508,25,2,23,4.851536786659508
2020-04-01 02:00:00+02:00,25,2,23,4.851536786659508,25,2,23,4.851536786659508
2020-04-01 03:00:00+02:00,38,4,34,7.590795833711637,34,3,31,11.019687492562438
2020-04-01 04:00:00+02:00,63,7,56,13.630126271531418,62,6,56,12.779859753427614
2020-04-01 05:00:00+02:00,114,13,101,17.516346710171707,112,12,100,16.537505199847164
2020-04-01 06:00:00+02:00,140,19,121,17.88117043007633,141,14,127,16.082921323202
2020-04-01 07:00:00+02:00,214,24,190,24.48806340301503,203,19,184,21.5050173548228
2020-04-01 08:00:00+02:00,226,28,198,20.105295377891462,220,27,193,18.729640796362187
2020-04-01 09:00:00+02:00,153,19,134,18.89706115395996,139,16,123,21.474746575274906
2020-04-01 10:00:00+02:00,126,17,109,16.250667590352332,123,13,110,15.262138605096247
2020-04-01 11:00:00+02:00,153,18,135,18.89706115395996,139,16,123,21.474746575274906
2020-04-01 12:00:00+02:00,126,17,109,16.250667590352332,123,13,110,15.262138605096247
2020-04-01 13:00:00+02:00,127,15,112,19.95892802947898,120,14,106,10.291257377501918
2020-04-01 14:00:00+02:00,127,16,111,19.95892802947898,120,14,106,10.291257377501918
2020-04-01 15:00:00+02:00,140,18,122,17.88117043007633,141,14,127,16.082921323202
2020-04-01 16:00:00+02:00,151,17,134,19.198981193831877,149,16,133,18.476483571588744
2020-04-01 17:00:00+02:00,217,26,191,20.47500927792046,213,24,189,16.70464389525102
2020-04-01 18:00:00+02:00,232,26,206,24.606618615768106,205,22,183,18.29833304368066
2020-04-01 19:00:00+02:00,167,22,145,16.493575022686013,154,14,140,25.102227050596255
2020-04-01 20:00:00+02:00,167,21,146,16.493575022686013,154,14,140,25.102227050596255
2020-04-01 21:00:00+02:00,129,16,113,12.321757402623772,125,13,112,14.698947587184879
2020-04-01 22:00:00+02:00,89,11,78,16.127888447212325,79,9,70,16.621554061874914
2020-04-01 23:00:00+02:00,63,8,55,13.630126271531418,62,6,56,12.779859753427614
2020-04-02 00:00:00+02:00,35,2,33,7.122002820118646,36,5,31,3.0873599992209124
2020-04-02 01:00:00+02:00,23,1,22,0.4122417358964417,25,3,22,1.1875344360364632
2020-04-02 02:00:00+02:00,25,2,23,1.1875344360364632,25,3,22,1.1875344360364632
2020-04-02 03:00:00+02:00,37,3,34,2.066086063070793,38,5,33,11.101073107969722
2020-04-02 04:00:00+02:00,59,5,54,10.572210467564378,58,7,51,10.505136369992313
2020-04-02 05:00:00+02:00,106,9,97,12.94750706735717,114,18,96,18.09348958441383
2020-04-02 06:00:00+02:00,124,11,113,17.53992981591413,129,19,110,17.995114557081255
2020-04-02 07:00:00+02:00,195,14,181,23.83440770251287,216,27,189,21.273439412003903
2020-04-02 08:00:00+02:00,212,19,193,18.597605283865732,231,33,198,16.702836426900134
2020-04-02 09:00:00+02:00,140,10,130,15.331768592489755,140,20,120,15.331768592489755
2020-04-02 10:00:00+02:00,109,9,100,14.645038576883659,117,15,102,21.891304075969387
2020-04-02 11:00:00+02:00,150,12,138,17.939622434692456,153,18,135,14.915022999208679
2020-04-02 12:00:00+02:00,115,8,107,27.52702584121565,121,19,102,20.317620945183666
2020-04-02 13:00:00+02:00,122,9,113,20.245567873519157,128,19,109,19.601953989978306
2020-04-02 14:00:00+02:00,114,8,106,18.09348958441383,121,19,102,20.317620945183666
2020-04-02 15:00:00+02:00,134,10,124,14.701306049248211,135,21,114,21.280002906629502
2020-04-02 16:00:00+02:00,149,11,138,20.003285796587473,153,18,135,14.915022999208679
2020-04-02 17:00:00+02:00,196,15,181,20.04912381427717,216,27,189,21.273439412003903
2020-04-02 18:00:00+02:00,212,19,193,18.597605283865732,231,33,198,16.702836426900134
2020-04-02 19:00:00+02:00,152,11,141,20.188330220444417,162,21,141,19.08849102929865
2020-04-02 20:00:00+02:00,165,13,152,20.56038540292619,160,24,136,19.89239402952506
2020-04-02 21:00:00+02:00,127,10,117,19.116953333289125,117,15,102,21.891304075969387
2020-04-02 22:00:00+02:00,87,7,80,17.896548892855574,85,10,75,19.289671453475872
2020-04-02 23:00:00+02:00,56,4,52,10.152150256689218,64,8,56,14.414592943793718
2020-04-03 00:00:00+02:00,38,3,35,11.101073107969722,38,4,34,11.101073107969722
2020-04-03 01:00:00+02:00,25,2,23,1.1875344360364632,25,2,23,1.1875344360364632
2020-04-03 02:00:00+02:00,25,2,23,1.1875344360364632,25,2,23,1.1875344360364632
2020-04-03 03:00:00+02:00,37,3,34,2.066086063070793,38,4,34,11.101073107969722
2020-04-03 04:00:00+02:00,63,6,57,14.929801273937542,58,5,53,10.505136369992313
2020-04-03 05:00:00+02:00,113,12,101,20.093188266697116,113,11,102,20.093188266697116
2020-04-03 06:00:00+02:00,140,13,127,15.331768592489755,129,13,116,17.995114557081255
2020-04-03 07:00:00+02:00,210,19,191,16.3212742992447,212,18,194,18.597605283865732
2020-04-03 08:00:00+02:00,228,23,205,15.818609956751573,211,19,192,18.759232281731908
2020-04-03 09:00:00+02:00,147,14,133,20.208056467665056,153,13,140,14.915022999208679
2020-04-03 10:00:00+02:00,124,11,113,17.53992981591413,117,12,105,21.891304075969387
2020-04-03 11:00:00+02:00,153,15,138,14.915022999208679,148,13,135,18.058884943386857
2020-04-03 12:00:00+02:00,129,13,116,17.995114557081255,123,10,113,19.074654696202938
2020-04-03 13:00:00+02:00,124,12,112,17.53992981591413,117,12,105,21.891304075969387
2020-04-03 14:00:00+02:00,128,12,116,19.601953989978306,123,10,113,19.074654696202938
2020-04-03 15:00:00+02:00,136,14,122,16.594078125250377,138,14,124,20.21600799483387
2020-04-03 16:00:00+02:00,145,14,131,18.85528596371164,154,15,139,23.457384968254527
2020-04-03 17:00:00+02:00,207,22,185,21.877297854955202,202,19,183,22.500350864850866
2020-04-03 18:00:00+02:00,218,21,197,22.57742359713229,227,25,202,19.269071808142694
2020-04-03 19:00:00+02:00,158,15,143,21.67102174389251,159,15,144,17.78748005044877
2020-04-03 20:00:00+02:00,160,14,146,19.89239402952506,159,13,146,17.78748005044877
2020-04-03 21:00:00+02:00,123,11,112,19.074654696202938,123,12,111,19.074654696202938
2020-04-03 22:00:00+02:00,86,8,78,21.204994436842384,85,7,78,19.289671453475872
2020-04-03 23:00:00+02:00,61,6,55,12.362973378192347,58,5,53,10.505136369992313
2020-04-04 00:00:00+02:00,37,2,35,3.5125252112896685,39,2,37,6.913338666308079
2020-04-04 01:00:00+02:00,24,1,23,0.16633697306049489,26,1,25,0.13434729751860394
2020-04-04 02:00:00+02:00,25,1,24,0.10677168789919293,26,1,25,0.13434729751860394
2020-04-04 03:00:00+02:00,38,2,36,5.960450042509954,39,2,37,6.913338666308079
2020-04-04 04:00:00+02:00,48,3,45,9.964553643509852,52,2,50,14.472017643602554
2020-04-04 05:00:00+02:00,62,4,58,14.019247608895405,65,4,61,10.13470849860639
2020-04-04 06:00:00+02:00,101,6,95,14.022694861996197,105,6,99,16.343560716114418
2020-04-04 07:00:00+02:00,147,9,138,16.306492316544293,159,10,149,19.89258263570152
2020-04-04 08:00:00+02:00,206,11,195,20.90053052788098,208,12,196,18.807092053665322
2020-04-04 09:00:00+02:00,213,14,199,20.238518600536185,223,14,209,18.802339292525456
2020-04-04 10:00:00+02:00,187,12,175,15.611538170802525,198,12,186,20.173795644408123
2020-04-04 11:00:00+02:00,152,10,142,18.686880121910534,155,8,147,18.708796369633056
2020-04-04 12:00:00+02:00,145,8,137,19.922746131926434,158,8,150,19.40470350916573
2020-04-04 13:00:00+02:00,167,9,158,19.047083059371815,172,10,162,18.863206387348974
2020-04-04 14:00:00+02:00,154,8,146,19.868163821621103,155,8,147,18.708796369633056
2020-04-04 15:00:00+02:00,169,9,160,20.526675282456768,185,10,175,20.88033942284811
2020-04-04 16:00:00+02:00,172,10,162,18.863206387348974,186,9,177,20.400698976924794
2020-04-04 17:00:00+02:00,199,12,187,19.11274068140836,209,10,199,16.60419034744366
2020-04-04 18:00:00+02:00,190,11,179,20.182913119811044,197,10,187,19.118279085736297
2020-04-04 19:00:00+02:00,146,9,137,19.4340926707284,157,8,149,19.700921436065542
2020-04-04 20:00:00+02:00,142,8,134,19.57947604189084,146,8,138,19.4340926707284
2020-04-04 21:00:00+02:00,124,7,117,14.467255533674502,129,7,122,12.81298343964759
2020-04-04 22:00:00+02:00,100,6,94,12.129363492765288,105,7,98,16.343560716114418
2020-04-04 23:00:00+02:00,49,3,46,12.126419816698254,52,2,50,14.472017643602554
2020-04-05 00:00:00+02:00,21,0,21,0.0727095127790566,25,0,25,0.10677168789919293
2020-04-05 01:00:00+02:00,14,0,14,0.0,18,0,18,0.014449312499738909
2020-04-05 02:00:00+02:00,13,0,13,0.0,18,0,18,0.014449312499738909
2020-04-05 03:00:00+02:00,20,0,20,0.04910283862897408,25,0,25,0.10677168789919293
2020-04-05 04:00:00+02:00,29,1,28,0.5419439371488394,36,1,35,2.727177547566476
2020-04-05 05:00:00+02:00,36,1,35,2.727177547566476,48,1,47,9.964553643509852
2020-04-05 06:00:00+02:00,57,2,55,11.247345675463038,74,3,71,9.886934519670994
2020-04-05 07:00:00+02:00,87,3,84,9.504121716770046,119,3,116,9.275729661817119
2020-04-05 08:00:00+02:00,110,4,106,20.964248322238312,128,4,124,16.268122259148125
2020-04-05 09:00:00+02:00,118,4,114,16.65435568776215,166,6,160,16.094287115128708
2020-04-05 10:00:00+02:00,106,4,102,19.560878716092326,149,5,144,17.937448228249327
2020-04-05 11:00:00+02:00,82,3,79,8.6962433625344,98,3,95,9.366341704429512
2020-04-05 12:00:00+02:00,86,3,83,9.565861223121674,119,3,116,9.275729661817119
2020-04-05 13:00:00+02:00,89,3,86,10.527801976587284,98,4,94,9.366341704429512
2020-04-05 14:00:00+02:00,86,3,83,9.565861223121674,119,3,116,9.275729661817119
2020-04-05 15:00:00+02:00,96,4,92,10.792244903732447,127,4,123,18.022773693841014
2020-04-05 16:00:00+02:00,97,4,93,12.91170780960746,118,4,114,16.65435568776215
2020-04-05 17:00:00+02:00,117,4,113,13.539944397802945,135,5,130,20.27811899595658
2020-04-05 18:00:00+02:00,109,4,105,18.214376818550008,139,5,134,19.408576933840735
2020-04-05 19:00:00+02:00,89,3,86,10.527801976587284,90,3,87,10.477669283936715
2020-04-05 20:00:00+02:00,74,3,71,9.886934519670994,107,4,103,12.742346635562697
2020-04-05 21:00:00+02:00,73,2,71,10.015349835153332,86,3,83,9.565861223121674
2020-04-05 22:00:00+02:00,59,2,57,11.512224289105106,74,3,71,9.886934519670994
2020-04-05 23:00:00+02:00,29,1,28,0.5419439371488394,36,1,35,2.727177547566476
2020-04-06 00:00:00+02:00,39,3,36,6.782457974710225,37,4,33,2.066086063070793
2020-04-06 01:00:00+02:00,26,2,24,1.5382661455122164,26,2,24,1.5382661455122164
2020-04-06 02:00:00+02:00,24,2,22,1.5004308879154395,26,2,24,1.5382661455122164
2020-04-06 03:00:00+02:00,37,3,34,2.066086063070793,39,4,35,6.782457974710225
2020-04-06 04:00:00+02:00,60,5,55,10.583722413773145,62,6,56,14.48690450543278
2020-04-06 05:00:00+02:00,108,10,98,14.813734676069407,112,11,101,14.898852003445265
2020-04-06 06:00:00+02:00,136,13,123,16.594078125250377,142,16,126,21.623487252479663
2020-04-06 07:00:00+02:00,226,22,204,20.308697708911414,214,23,191,18.560318290748608
2020-04-06 08:00:00+02:00,239,24,215,13.74553452780325,235,29,206,20.674840106170866
2020-04-06 09:00:00+02:00,154,16,138,23.457384968254527,151,18,133,19.408157188048275
2020-04-06 10:00:00+02:00,128,11,117,19.601953989978306,128,12,116,19.601953989978306
2020-04-06 11:00:00+02:00,152,13,139,20.188330220444417,154,15,139,23.457384968254527
2020-04-06 12:00:00+02:00,123,13,110,19.074654696202938,128,14,114,19.601953989978306
2020-04-06 13:00:00+02:00,127,11,116,19.116953333289125,125,13,112,23.026828253397017
2020-04-06 14:00:00+02:00,127,11,116,19.116953333289125,125,13,112,23.026828253397017
2020-04-06 15:00:00+02:00,139,12,127,18.732486269107348,137,15,122,18.928795118329443
2020-04-06 16:00:00+02:00,145,14,131,18.85528596371164,157,17,140,23.857880119976507
2020-04-06 17:00:00+02:00,216,21,195,21.273439412003903,220,27,193,16.758079648934128
2020-04-06 18:00:00+02:00,228,21,207,15.818609956751573,225,22,203,17.07968654570721
2020-04-06 19:00:00+02:00,168,15,153,20.304807772345505,167,18,149,21.39117903937357
2020-04-06 20:00:00+02:00,166,16,150,18.57114730689396,170,20,150,19.775542485132945
2020-04-06 21:00:00+02:00,122,13,109,20.245567873519157,131,15,116,14.183230975852695
2020-04-06 22:00:00+02:00,89,8,81,17.562315027840828,89,8,81,17.562315027840828
2020-04-06 23:00:00+02:00,63,5,58,14.929801273937542,62,6,56,14.48690450543278
2020-04-07 00:00:00+02:00,33,2,31,5.985660510090718,39,3,36,6.782457974710225
2020-04-07 01:00:00+02:00,22,1,21,0.1277873501672996,26,2,24,1.5382661455122164
2020-04-07 02:00:00+02:00,25,2,23,1.1875344360364632,27,2,25,1.9016023008994223
2020-04-07 03:00:00+02:00,38,3,35,11.101073107969722,40,4,36,5.275608835029151
2020-04-07 04:00:00+02:00,62,5,57,14.48690450543278,62,5,57,14.48690450543278
2020-04-07 05:00:00+02:00,101,8,93,11.280950715811313,121,12,109,20.317620945183666
2020-04-07 06:00:00+02:00,138,11,127,20.21600799483387,138,14,124,20.21600799483387
2020-04-07 07:00:00+02:00,192,17,175,21.295822766447603,225,21,204,17.07968654570721
2020-04-07 08:00:00+02:00,218,18,200,22.57742359713229,242,27,215,20.990360069331732
2020-04-07 09:00:00+02:00,142,13,129,21.623487252479663,164,16,148,22.827361263214527
2020-04-07 10:00:00+02:00,129,10,119,17.995114557081255,131,11,120,14.183230975852695
2020-04-07 11:00:00+02:00,142,11,131,21.623487252479663,164,16,148,22.827361263214527
2020-04-07 12:00:00+02:00,129,10,119,17.995114557081255,131,11,120,14.183230975852695
2020-04-07 13:00:00+02:00,119,9,110,22.46945513312648,129,12,117,17.995114557081255
2020-04-07 14:00:00+02:00,119,9,110,22.46945513312648,129,12,117,17.995114557081255
2020-04-07 15:00:00+02:00,130,10,120,15.65660051079879,144,12,132,22.91915418498221
2020-04-07 16:00:00+02:00,139,13,126,18.732486269107348,150,15,135,17.939622434692456
2020-04-07 17:00:00+02:00,209,17,192,22.16757043059366,224,19,205,16.30248157536985
2020-04-07 18:00:00+02:00,213,17,196,20.488166305452438,246,24,222,17.57126233227549
2020-04-07 19:00:00+02:00,153,14,139,14.915022999208679,172,15,157,19.644113972447897
2020-04-07 20:00:00+02:00,155,15,140,19.469409355748308,165,18,147,20.56038540292619
2020-04-07 21:00:00+02:00,119,11,108,22.46945513312648,129,12,117,17.995114557081255
2020-04-07 22:00:00+02:00,83,6,77,18.699193296190067,90,9,81,13.960700117154147
2020-04-07 23:00:00+02:00,58,4,54,10.505136369992313,67,7,60,12.5039951599288
2020-04-08 00:00:00+02:00,38,4,34,7.590795833711637,34,3,31,11.019687492562438
2020-04-08 01:00:00+02:00,25,3,22,4.851536786659508,25,2,23,4.851536786659508
2020-04-08 02:00:00+02:00,25,2,23,4.851536786659508,25,2,23,4.851536786659508
2020-04-08 03:00:00+02:00,38,4,34,7.590795833711637,34,3,31,11.019687492562438
2020-04-08 04:00:00+02:00,63,7,56,13.630126271531418,62,6,56,12.779859753427614
2020-04-08 05:00:00+02:00,114,13,101,17.516346710171707,112,12,100,16.537505199847164
2020-04-08 06:00:00+02:00,140,19,121,17.88117043007633,141,14,127,16.082921323202
2020-04-08 07:00:00+02:00,214,24,190,24.48806340301503,203,19,184,21.5050173548228
2020-04-08 08:00:00+02:00,226,28,198,20.105295377891462,220,27,193,18.729640796362187
2020-04-08 09:00:00+02:00,153,19,134,18.89706115395996,139,16,123,21.474746575274906
2020-04-08 10:00:00+02:00,126,17,109,16.250667590352332,123,13,110,15.262138605096247
2020-04-08 11:00:00+02:00,153,18,135,18.89706115395996,139,16,123,21.474746575274906
2020-04-08 12:00:00+02:00,126,17,109,16.250667590352332,123,13,110,15.262138605096247
2020-04-08 13:00:00+02:00,127,15,112,19.95892802947898,120,14,106,10.291257377501918
2020-04-08 14:00:00+02:00,127,16,111,19.95892802947898,120,14,106,10.291257377501918
2020-04-08 15:00:00+02:00,140,18,122,17.88117043007633,141,14,127,16.082921323202
2020-04-08 16:00:00+02:00,151,17,134,19.198981193831877,149,16,133,18.476483571588744
2020-04-08 17:00:00+02:00,217,26,191,20.47500927792046,213,24,189,16.70464389525102
2020-04-08 18:00:00+02:00,232,26,206,24.606618615768106,205,22,183,18.29833304368066
2020-04-08 19:00:00+02:00,167,22,145,16.493575022686013,154,14,140,25.102227050596255
2020-04-08 20:00:00+02:00,167,21,146,16.493575022686013,154,14,140,25.102227050596255
2020-04-08 21:00:00+02:00,129,16,113,12.321757402623772,125,13,112,14.698947587184879
2020-04-08 22:00:00+02:00,89,11,78,16.127888447212325,79,9,70,16.621554061874914
2020-04-08 23:00:00+02:00,63,8,55,13.630126271531418,62,6,56,12.779859753427614
2020-04-09 00:00:00+02:00,35,2,33,7.122002820118646,36,5,31,3.0873599992209124
2020-04-09 01:00:00+02:00,23,1,22,0.4122417358964417,25,3,22,1.1875344360364632
2020-04-09 02:00:00+02:00,25,2,23,1.1875344360364632,25,3,22,1.1875344360364632
2020-04-09 03:00:00+02:00,37,3,34,2.066086063070793,38,5,33,11.101073107969722
2020-04-09 04:00:00+02:00,59,5,54,10.572210467564378,58,7,51,10.505136369992313
2020-04-09 05:00:00+02:00,106,9,97,12.94750706735717,114,18,96,18.09348958441383
2020-04-09 06:00:00+02:00,124,11,113,17.53992981591413,129,19,110,17.995114557081255
2020-04-09 07:00:00+02:00,195,14,181,23.83440770251287,216,27,189,21.273439412003903
2020-04-09 08:00:00+02:00,212,19,193,18.597605283865732,231,33,198,16.702836426900134
2020-04-09 09:00:00+02:00,140,10,130,15.331768592489755,140,20,120,15.331768592489755
2020-04-09 10:00:00+02:00,109,9,100,14.645038576883659,117,15,102,21.891304075969387
2020-04-09 11:00:00+02:00,150,12,138,17.939622434692456,153,18,135,14.915022999208679
2020-04-09 12:00:00+02:00,115,8,107,27.52702584121565,121,19,102,20.317620945183666
2020-04-09 13:00:00+02:00,122,9,113,20.245567873519157,128,19,109,19.601953989978306
2020-04-09 14:00:00+02:00,114,8,106,18.09348958441383,121,19,102,20.317620945183666
2020-04-09 15:00:00+02:00,134,10,124,14.701306049248211,135,21,114,21.280002906629502
2020-04-09 16:00:00+02:00,149,11,138,20.003285796587473,153,18,135,14.915022999208679
2020-04-09 17:00:00+02:00,196,15,181,20.04912381427717,216,27,189,21.273439412003903
2020-04-09 18:00:00+02:00,212,19,193,18.597605283865732,231,33,198,16.702836426900134
2020-04-09 19:00:00+02:00,152,11,141,20.188330220444417,162,21,141,19.08849102929865
2020-04-09 20:00:00+02:00,165,13,152,20.56038540292619,160,24,136,19.89239402952506
2020-04-09 21:00:00+02:00,127,10,117,19.116953333289125,117,15,102,21.891304075969387
2020-04-09 22:00:00+02:00,87,7,80,17.896548892855574,85,10,75,19.289671453475872
2020-04-09 23:00:00+02:00,56,4,52,10.152150256689218,64,8,56,14.414592943793718
2020-04-10 00:00:00+02:00,38,3,35,11.101073107969722,38,4,34,11.101073107969722
2020-04-10 01:00:00+02:00,25,2,23,1.1875344360364632,25,2,23,1.1875344360364632
2020-04-10 02:00:00+02:00,25,2,23,1.1875344360364632,25,2,23,1.1875344360364632
2020-04-10 03:00:00+02:00,37,3,34,2.066086063070793,38,4,34,11.101073107969722
2020-04-10 04:00:00+02:00,63,6,57,14.929801273937542,58,5,53,10.505136369992313
2020-04-10 05:00:00+02:00,113,12,101,20.093188266697116,113,11,102,20.093188266697116
2020-04-10 06:00:00+02:00,140,13,127,15.331768592489755,129,13,116,17.995114557081255
2020-04-10 07:00:00+02:00,210,19,191,16.3212742992447,212,18,194,18.597605283865732
2020-04-10 08:00:00+02:00,228,23,205,15.818609956751573,211,19,192,18.759232281731908
2020-04-10 09:00:00+02:00,147,14,133,20.208056467665056,153,13,140,14.915022999208679
2020-04-10 10:00:00+02:00,124,11,113,17.53992981591413,117,12,105,21.891304075969387
2020-04-10 11:00:00+02:00,153,15,138,14.915022999208679,148,13,135,18.058884943386857
2020-04-10 12:00:00+02:00,129,13,116,17.995114557081255,123,10,113,19.074654696202938
2020-04-10 13:00:00+02:00,124,12,112,17.53992981591413,117,12,105,21.891304075969387
2020-04-10 14:00:00+02:00,128,12,116,19.601953989978306,123,10,113,19.074654696202938
2020-04-10 15:00:00+02:00,136,14,122,16.594078125250377,138,14,124,20.21600799483387
2020-04-10 16:00:00+02:00,145,14,131,18.85528596371164,154,15,139,23.457384968254527
2020-04-10 17:00:00+02:00,207,22,185,21.877297854955202,202,19,183,22.500350864850866
2020-04-10 18:00:00+02:00,218,21,197,22.57742359713229,227,25,202,19.269071808142694
2020-04-10 19:00:00+02:00,158,15,143,21.67102174389251,159,15,144,17.78748005044877
2020-04-10 20:00:00+02:00,160,14,146,19.89239402952506,159,13,146,17.78748005044877
2020-04-10 21:00:00+02:00,123,11,112,19.074654696202938,123,12,111,19.074654696202938
2020-04-10 22:00:00+02:00,86,8,78,21.204994436842384,85,7,78,19.289671453475872
2020-04-10 23:00:00+02:00,61,6,55,12.362973378192347,58,5,53,10.505136369992313
2020-04-11 00:00:00+02:00,37,2,35,3.5125252112896685,39,2,37,6.913338666308079
2020-04-11 01:00:00+02:00,24,1,23,0.16633697306049489,26,1,25,0.13434729751860394
2020-04-11 02:00:00+02:00,25,1,24,0.10677168789919293,26,1,25,0.13434729751860394
2020-04-11 03:00:00+02:00,38,2,36,5.960450042509954,39,2,37,6.913338666308079
2020-04-11 04:00:00+02:00,48,3,45,9.964553643509852,52,2,50,14.472017643602554
2020-04-11 05:00:00+02:00,62,4,58,14.019247608895405,65,4,61,10.13470849860639
2020-04-11 06:00:00+02:00,101,6,95,14.022694861996197,105,6,99,16.343560716114418
2020-04-11 07:00:00+02:00,147,9,138,16.306492316544293,159,10,149,19.89258263570152
2020-04-11 08:00:00+02:00,206,11,195,20.90053052788098,208,12,196,18.807092053665322
2020-04-11 09:00:00+02:00,213,14,199,20.238518600536185,223,14,209,18.802339292525456
2020-04-11 10:00:00+02:00,187,12,175,15.611538170802525,198,12,186,20.173795644408123
2020-04-11 11:00:00+02:00,152,10,142,18.686880121910534,155,8,147,18.708796369633056
2020-04-11 12:00:00+02:00,145,8,137,19.922746131926434,158,8,150,19.40470350916573
2020-04-11 13:00:00+02:00,167,9,158,19.047083059371815,172,10,162,18.863206387348974
2020-04-11 14:00:00+02:00,154,8,146,19.868163821621103,155,8,147,18.708796369633056
2020-04-11 15:00:00+02:00,169,9,160,20.526675282456768,185,10,175,20.88033942284811
2020-04-11 16:00:00+02:00,172,10,162,18.863206387348974,186,9,177,20.400698976924794
2020-04-11 17:00:00+02:00,199,12,187,19.11274068140836,209,10,199,16.60419034744366
2020-04-11 18:00:00+02:00,190,11,179,20.182913119811044,197,10,187,19.118279085736297
2020-04-11 19:00:00+02:00,146,9,137,19.4340926707284,157,8,149,19.700921436065542
2020-04-11 20:00:00+02:00,142,8,134,19.57947604189084,146,8,138,19.4340926707284
2020-04-11 21:00:00+02:00,124,7,117,14.467255533674502,129,7,122,12.81298343964759
2020-04-11 22:00:00+02:00,100,6,94,12.129363492765288,105,7,98,16.343560716114418
2020-04-11 23:00:00+02:00,49,3,46,12.126419816698254,52,2,50,14.472017643602554
2020-04-12 00:00:00+02:00,21,0,21,0.0727095127790566,25,0,25,0.10677168789919293
2020-04-12 01:00:00+02:00,14,0,14,0.0,18,0,18,0.014449312499738909
2020-04-12 02:00:00+02:00,13,0,13,0.0,18,0,18,0.014449312499738909
2020-04-12 03:00:00+02:00,20,0,20,0.04910283862897408,25,0,25,0.10677168789919293
2020-04-12 04:00:00+02:00,29,1,28,0.5419439371488394,36,1,35,2.727177547566476
2020-04-12 05:00:00+02:00,36,1,35,2.727177547566476,48,1,47,9.964553643509852
2020-04-12 06:00:00+02:00,57,2,55,11.247345675463038,74,3,71,9.886934519670994
2020-04-12 07:00:00+02:00,87,3,84,9.504121716770046,119,3,116,9.275729661817119
2020-04-12 08:00:00+02:00,110,4,106,20.964248322238312,128,4,124,16.268122259148125
2020-04-12 09:00:00+02:00,118,4,114,16.65435568776215,166,6,160,16.094287115128708
2020-04-12 10:00:00+02:00,106,4,102,19.560878716092326,149,5,144,17.937448228249327
2020-04-12 11:00:00+02:00,82,3,79,8.6962433625344,98,3,95,9.366341704429512
2020-04-12 12:00:00+02:00,86,3,83,9.565861223121674,119,3,116,9.275729661817119
2020-04-12 13:00:00+02:00,89,3,86,10.527801976587284,98,4,94,9.366341704429512
2020-04-12 14:00:00+02:00,86,3,83,9.565861223121674,119,3,116,9.275729661817119
2020-04-12 15:00:00+02:00,96,4,92,10.792244903732447,127,4,123,18.022773693841014
2020-04-12 16:00:00+02:00,97,4,93,12.91170780960746,118,4,114,16.65435568776215
2020-04-12 17:00:00+02:00,117,4,113,13.539944397802945,135,5,130,20.27811899595658
2020-04-12 18:00:00+02:00,109,4,105,18.214376818550008,139,5,134,19.408576933840735
2020-04-12 19:00:00+02:00,89,3,86,10.527801976587284,90,3,87,10.477669283936715
2020-04-12 20:00:00+02:00,74,3,71,9.886934519670994,107,4,103,12.742346635562697
2020-04-12 21:00:00+02:00,73,2,71,10.015349835153332,86,3,83,9.565861223121674
2020-04-12 22:00:00+02:00,59,2,57,11.512224289105106,74,3,71,9.886934519670994
2020-04-12 23:00:00+02:00,29,1,28,0.5419439371488394,36,1,35,2.727177547566476
2020-04-13 00:00:00+02:00,39,3,36,6.782457974710225,37,4,33,2.066086063070793
2020-04-13 01:00:00+02:00,26,2,24,1.5382661455122164,26,2,24,1.5382661455122164
2020-04-13 02:00:00+02:00,24,2,22,1.5004308879154395,26,2,24,1.5382661455122164
2020-04-13 03:00:00+02:00,37,3,34,2.066086063070793,39,4,35,6.782457974710225
2020-04-13 04:00:00+02:00,60,5,55,10.583722413773145,62,6,56,14.48690450543278
2020-04-13 05:00:00+02:00,108,10,98,14.813734676069407,112,11,101,14.898852003445265
2020-04-13 06:00:00+02:00,136,13,123,16.594078125250377,142,16,126,21.623487252479663
2020-04-13 07:00:00+02:00,226,22,204,20.308697708911414,214,23,191,18.560318290748608
2020-04-13 08:00:00+02:00,239,24,215,13.74553452780325,235,29,206,20.674840106170866
2020-04-13 09:00:00+02:00,154,16,138,23.457384968254527,151,18,133,19.408157188048275
2020-04-13 10:00:00+02:00,128,11,117,19.601953989978306,128,12,116,19.601953989978306
2020-04-13 11:00:00+02:00,152,13,139,20.188330220444417,154,15,139,23.457384968254527
2020-04-13 12:00:00+02:00,123,13,110,19.074654696202938,128,14,114,19.601953989978306
2020-04-13 13:00:00+02:00,127,11,116,19.116953333289125,125,13,112,23.026828253397017
2020-04-13 14:00:00+02:00,127,11,116,19.116953333289125,125,13,112,23.026828253397017
2020-04-13 15:00:00+02:00,139,12,127,18.732486269107348,137,15,122,18.928795118329443
2020-04-13 16:00:00+02:00,145,14,131,18.85528596371164,157,17,140,23.857880119976507
2020-04-13 17:00:00+02:00,216,21,195,21.273439412003903,220,27,193,16.758079648934128
2020-04-13 18:00:00+02:00,228,21,207,15.818609956751573,225,22,203,17.07968654570721
2020-04-13 19:00:00+02:00,168,15,153,20.304807772345505,167,18,149,21.39117903937357
2020-04-13 20:00:00+02:00,166,16,150,18.57114730689396,170,20,150,19.775542485132945
2020-04-13 21:00:00+02:00,122,13,109,20.245567873519157,131,15,116,14.183230975852695
2020-04-13 22:00:00+02:00,89,8,81,17.562315027840828,89,8,81,17.562315027840828
2020-04-13 23:00:00+02:00,63,5,58,14.929801273937542,62,6,56,14.48690450543278
2020-04-14 00:00:00+02:00,33,2,31,5.985660510090718,39,3,36,6.782457974710225
2020-04-14 01:00:00+02:00,22,1,21,0.1277873501672996,26,2,24,1.5382661455122164
2020-04-14 02:00:00+02:00,25,2,23,1.1875344360364632,27,2,25,1.9016023008994223
2020-04-14 03:00:00+02:00,38,3,35,11.101073107969722,40,4,36,5.275608835029151
2020-04-14 04:00:00+02:00,62,5,57,14.48690450543278,62,5,57,14.48690450543278
2020-04-14 05:00:00+02:00,101,8,93,11.280950715811313,121,12,109,20.317620945183666
2020-04-14 06:00:00+02:00,138,11,127,20.21600799483387,138,14,124,20.21600799483387
2020-04-14 07:00:00+02:00,192,17,175,21.295822766447603,225,21,204,17.07968654570721
2020-04-14 08:00:00+02:00,218,18,200,22.57742359713229,242,27,215,20.990360069331732
2020-04-14 09:00:00+02:00,142,13,129,21.623487252479663,164,16,148,22.827361263214527
2020-04-14 10:00:00+02:00,129,10,119,17.995114557081255,131,11,120,14.183230975852695
2020-04-14 11:00:00+02:00,142,11,131,21.623487252479663,164,16,148,22.827361263214527
2020-04-14 12:00:00+02:00,129,10,119,17.995114557081255,131,11,120,14.183230975852695
2020-04-14 13:00:00+02:00,119,9,110,22.46945513312648,129,12,117,17.995114557081255
2020-04-14 14:00:00+02:00,119,9,110,22.46945513312648,129,12,117,17.995114557081255
2020-04-14 15:00:00+02:00,130,10,120,15.65660051079879,144,12,132,22.91915418498221
2020-04-14 16:00:00+02:00,139,13,126,18.732486269107348,150,15,135,17.939622434692456
2020-04-14 17:00:00+02:00,209,17,192,22.16757043059366,224,19,205,16.30248157536985
2020-04-14 18:00:00+02:00,213,17,196,20.488166305452438,246,24,222,17.57126233227549
2020-04-14 19:00:00+02:00,153,14,139,14.915022999208679,172,15,157,19.644113972447897
2020-04-14 20:00:00+02:00,155,15,140,19.469409355748308,165,18,147,20.56038540292619
2020-04-14 21:00:00+02:00,119,11,108,22.46945513312648,129,12,117,17.995114557081255
2020-04-14 22:00:00+02:00,83,6,77,18.699193296190067,90,9,81,13.960700117154147
2020-04-14 23:00:00+02:00,58,4,54,10.505136369992313,67,7,60,12.5039951599288
2020-04-15 00:00:00+02:00,38,4,34,7.590795833711637,34,3,31,11.019687492562438
2020-04-15 01:00:00+02:00,25,3,22,4.851536786659508,25,2,23,4.851536786659508
2020-04-15 02:00:00+02:00,25,2,23,4.851536786659508,25,2,23,4.851536786659508
2020-04-15 03:00:00+02:00,38,4,34,7.590795833711637,34,3,31,11.019687492562438
2020-04-15 04:00:00+02:00,63,7,56,13.630126271531418,62,6,56,12.779859753427614
2020-04-15 05:00:00+02:00,114,13,101,17.516346710171707,112,12,100,16.537505199847164
2020-04-15 06:00:00+02:00,140,19,121,17.88117043007633,141,14,127,16.082921323202
2020-04-15 07:00:00+02:00,214,24,190,24.48806340301503,203,19,184,21.5050173548228
2020-04-15 08:00:00+02:00,226,28,198,20.105295377891462,220,27,193,18.729640796362187
2020-04-15 09:00:00+02:00,153,19,134,18.89706115395996,139,16,123,21.474746575274906
2020-04-15 10:00:00+02:00,126,17,109,16.250667590352332,123,13,110,15.262138605096247
2020-04-15 11:00:00+02:00,153,18,135,18.89706115395996,139,16,123,21.474746575274906
2020-04-15 12:00:00+02:00,126,17,109,16.250667590352332,123,13,110,15.262138605096247
2020-04-15 13:00:00+02:00,127,15,112,19.95892802947898,120,14,106,10.291257377501918
2020-04-15 14:00:00+02:00,127,16,111,19.95892802947898,120,14,106,10.291257377501918
2020-04-15 15:00:00+02:00,140,18,122,17.88117043007633,141,14,127,16.082921323202
2020-04-15 16:00:00+02:00,151,17,134,19.198981193831877,149,16,133,18.476483571588744
2020-04-15 17:00:00+02:00,217,26,191,20.47500927792046,213,24,189,16.70464389525102
2020-04-15 18:00:00+02:00,232,26,206,24.606618615768106,205,22,183,18.29833304368066
2020-04-15 19:00:00+02:00,167,22,145,16.493575022686013,154,14,140,25.102227050596255
2020-04-15 20:00:00+02:00,167,21,146,16.493575022686013,154,14,140,25.102227050596255
2020-04-15 21:00:00+02:00,129,16,113,12.321757402623772,125,13,112,14.698947587184879
2020-04-15 22:00:00+02:00,89,11,78,16.127888447212325,79,9,70,16.621554061874914
2020-04-15 23:00:00+02:00,63,8,55,13.630126271531418,62,6,56,12.779859753427614
2020-04-16 00:00:00+02:00,77,5,72,16.632320143368542,79,9,70,16.382916607013883
2020-04-16 01:00:00+02:00,51,3,48,7.252205043556333,50,5,45,13.688855833793909
2020-04-16 02:00:00+02:00,49,3,46,13.911731041947528,50,5,45,13.688855833793909
2020-04-16 03:00:00+02:00,74,4,70,19.513800836509724,80,9,71,18.237765354324676
2020-04-16 04:00:00+02:00,128,7,121,19.601953989978306,129,12,117,17.995114557081255
2020-04-16 05:00:00+02:00,228,13,215,15.818609956751573,222,22,200,18.77573498601868
2020-04-16 06:00:00+02:00,251,17,234,19.570183352800104,283,34,249,21.015453076893927
2020-04-16 07:00:00+02:00,430,27,403,19.32256414396262,431,43,388,17.591114272986506
2020-04-16 08:00:00+02:00,472,34,438,21.284214830242632,484,60,424,17.863314460235074
2020-04-16 09:00:00+02:00,325,20,305,19.331050121665143,322,40,282,22.976009334024873
2020-04-16 10:00:00+02:00,245,15,230,18.942213831390788,257,31,226,24.369710124951805
2020-04-16 11:00:00+02:00,319,19,300,20.382766877627866,322,40,282,22.976009334024873
2020-04-16 12:00:00+02:00,245,15,230,18.942213831390788,257,31,226,24.369710124951805
2020-04-16 13:00:00+02:00,266,16,250,24.416240816629376,255,27,228,21.41944964647189
2020-04-16 14:00:00+02:00,266,16,250,24.416240816629376,255,27,228,21.41944964647189
2020-04-16 15:00:00+02:00,293,18,275,19.851789935750844,292,33,259,18.509650933155072
2020-04-16 16:00:00+02:00,280,19,261,25.91177046818179,310,38,272,16.921651532922695
2020-04-16 17:00:00+02:00,433,27,406,15.756615810687446,425,47,378,20.977086023346995
2020-04-16 18:00:00+02:00,459,30,429,21.314720332142485,470,48,422,21.98902238846196
2020-04-16 19:00:00+02:00,330,21,309,16.43301680059058,328,35,293,17.860857228116767
2020-04-16 20:00:00+02:00,318,19,299,21.634505447676812,326,37,289,15.279514269305528
2020-04-16 21:00:00+02:00,245,15,230,18.942213831390788,257,31,226,24.369710124951805
2020-04-16 22:00:00+02:00,186,11,175,22.772295906033783,172,17,155,19.644113972447897
2020-04-16 23:00:00+02:00,128,9,119,19.601953989978306,129,12,117,17.995114557081255
2020-04-17 00:00:00+02:00,78,5,73,16.41986115786707,78,6,72,16.41986115786707
2020-04-17 01:00:00+02:00,52,4,48,6.894026658963235,50,3,47,13.688855833793909
2020-04-17 02:00:00+02:00,53,4,49,8.976459755768028,53,4,49,8.976459755768028
2020-04-17 03:00:00+02:00,79,6,73,16.382916607013883,78,6,72,16.41986115786707
2020-04-17 04:00:00+02:00,130,10,120,15.65660051079879,129,8,121,17.995114557081255
2020-04-17 05:00:00+02:00,234,17,217,19.754580108435302,224,17,207,16.30248157536985
2020-04-17 06:00:00+02:00,286,20,266,20.398524223626136,296,25,271,20.454116986907042
2020-04-17 07:00:00+02:00,449,35,414,18.601165629732545,428,34,394,17.985011931135546
2020-04-17 08:00:00+02:00,464,34,430,21.884111394069308,451,31,420,20.489203978314702
2020-04-17 09:00:00+02:00,318,24,294,21.634505447676812,301,24,277,16.897732473063776
2020-04-17 10:00:00+02:00,257,19,238,24.369710124951805,264,18,246,20.665980174270672
2020-04-17 11:00:00+02:00,311,23,288,16.325599187415413,310,23,287,16.921651532922695
2020-04-17 12:00:00+02:00,260,19,241,21.14564444182058,254,22,232,21.33413531955627
2020-04-17 13:00:00+02:00,260,22,238,21.14564444182058,254,22,232,21.33413531955627
2020-04-17 14:00:00+02:00,260,22,238,21.14564444182058,254,22,232,21.33413531955627
2020-04-17 15:00:00+02:00,286,25,261,20.398524223626136,296,25,271,20.454116986907042
2020-04-17 16:00:00+02:00,317,25,292,23.692514426518255,301,24,277,16.897732473063776
2020-04-17 17:00:00+02:00,437,32,405,22.67431624563715,460,33,427,18.198266997149677
2020-04-17 18:00:00+02:00,461,37,424,24.16987876504356,441,35,406,21.65218956350676
2020-04-17 19:00:00+02:00,335,25,310,21.419812345615075,322,27,295,22.976009334024873
2020-04-17 20:00:00+02:00,352,29,323,20.33829699034963,331,26,305,18.08059708638437
2020-04-17 21:00:00+02:00,257,19,238,24.369710124951805,264,18,246,20.665980174270672
2020-04-17 22:00:00+02:00,181,13,168,20.051163259817507,178,12,166,19.804789777436813
2020-04-17 23:00:00+02:00,129,9,120,17.995114557081255,129,8,121,17.995114557081255
2020-04-18 00:00:00+02:00,78,3,75,10.154730086809042,83,3,80,9.333357558089729
2020-04-18 01:00:00+02:00,54,2,52,11.483713237443984,54,2,52,11.483713237443984
2020-04-18 02:00:00+02:00,51,2,49,13.024781207847502,55,2,53,10.027044718132117
2020-04-18 03:00:00+02:00,76,3,73,13.279950485691732,83,4,79,9.333357558089729
2020-04-18 04:00:00+02:00,108,5,103,15.795702759121413,109,5,104,18.214376818550008
2020-04-18 05:00:00+02:00,132,6,126,15.82621260035259,139,5,134,19.408576933840735
2020-04-18 06:00:00+02:00,216,11,205,17.62117954457743,217,10,207,18.791759657796693
2020-04-18 07:00:00+02:00,324,14,310,18.672846971084997,334,14,320,17.139636433234756
2020-04-18 08:00:00+02:00,421,18,403,23.577567366465193,437,18,419,20.40675859398746
2020-04-18 09:00:00+02:00,450,21,429,15.953303206406003,471,24,447,21.514046870792356
2020-04-18 10:00:00+02:00,396,18,378,19.03159851440849,416,17,399,20.665581485173448
2020-04-18 11:00:00+02:00,324,17,307,18.672846971084997,334,14,320,17.139636433234756
2020-04-18 12:00:00+02:00,316,14,302,17.068110656006358,332,17,315,20.862138293674573
2020-04-18 13:00:00+02:00,344,16,328,19.49330876116528,355,16,339,19.867707600873487
2020-04-18 14:00:00+02:00,318,16,302,22.522150292755875,332,17,315,20.862138293674573
2020-04-18 15:00:00+02:00,371,18,353,18.297011572558848,387,17,370,20.68470776467254
2020-04-18 16:00:00+02:00,376,19,357,20.486350839145686,390,18,372,22.823808870670177
2020-04-18 17:00:00+02:00,411,20,391,17.61880175865933,441,22,419,18.66415998446817
2020-04-18 18:00:00+02:00,386,19,367,22.495942580430874,412,18,394,17.611789385078108
2020-04-18 19:00:00+02:00,314,17,297,19.77016372636934,335,16,319,21.63506552863301
2020-04-18 20:00:00+02:00,291,14,277,14.14711867692869,304,15,289,24.382586098170826
2020-04-18 21:00:00+02:00,256,13,243,19.922633354103812,277,14,263,19.768862676933345
2020-04-18 22:00:00+02:00,208,9,199,18.807092053665322,220,11,209,20.77869221062603
2020-04-18 23:00:00+02:00,101,4,97,14.022694861996197,111,5,106,16.60196152330297
2020-04-19 00:00:00+02:00,45,1,44,8.150223537761923,58,1,57,11.561797090249616
2020-04-19 01:00:00+02:00,28,0,28,0.9732919408254891,39,1,38,6.913338666308079
2020-04-19 02:00:00+02:00,28,0,28,0.9732919408254891,39,1,38,6.913338666308079
2020-04-19 03:00:00+02:00,42,1,41,10.321824814537676,58,1,57,11.561797090249616
2020-04-19 04:00:00+02:00,56,1,55,11.681432660358455,59,1,58,11.512224289105106
2020-04-19 05:00:00+02:00,77,2,75,11.693765322784895,97,3,94,12.91170780960746
2020-04-19 06:00:00+02:00,117,3,114,13.539944397802945,140,4,136,15.157104538016958
2020-04-19 07:00:00+02:00,187,6,181,15.611538170802525,240,8,232,19.372323114313716
2020-04-19 08:00:00+02:00,225,6,219,16.518156382279376,252,7,245,19.00138202247206
2020-04-19 09:00:00+02:00,245,8,237,17.30944248589229,340,11,329,14.37984208663957
2020-04-19 10:00:00+02:00,211,7,204,15.949558582123627,237,7,230,17.058494417352218
2020-04-19 11:00:00+02:00,170,5,165,18.89757152881458,213,7,206,20.238518600536185
2020-04-19 12:00:00+02:00,179,6,173,21.74229179161351,200,5,195,21.668114478408352
2020-04-19 13:00:00+02:00,191,5,186,21.61132830766016,272,9,263,21.117195423222
2020-04-19 14:00:00+02:00,175,5,170,18.893708159250245,228,7,221,19.28787791304013
2020-04-19 15:00:00+02:00,207,7,200,18.76558942906742,275,8,267,20.236154766209
2020-04-19 16:00:00+02:00,207,7,200,18.76558942906742,275,8,267,20.236154766209
2020-04-19 17:00:00+02:00,237,8,229,17.058494417352218,251,7,244,17.440368481170164
2020-04-19 18:00:00+02:00,227,7,220,13.349035543905368,271,9,262,22.542411999396236
2020-04-19 19:00:00+02:00,175,5,170,18.893708159250245,228,7,221,19.28787791304013
2020-04-19 20:00:00+02:00,162,5,157,18.435104799511247,195,5,190,16.39636374930337
2020-04-19 21:00:00+02:00,142,4,138,19.57947604189084,208,6,202,18.807092053665322
2020-04-19 22:00:00+02:00,119,4,115,9.275729661817119,133,4,129,15.567856067550506
2020-04-19 23:00:00+02:00,60,1,59,12.98342242386016,76,2,74,13.279950485691732
2020-04-20 00:00:00+02:00,83,6,77,18.699193296190067,79,7,72,16.382916607013883
2020-04-20 01:00:00+02:00,53,4,49,8.976459755768028,54,4,50,10.37826089518735
2020-04-20 02:00:00+02:00,54,4,50,10.37826089518735,54,5,49,10.37826089518735
2020-04-20 03:00:00+02:00,81,7,74,16.076626545182606,82,6,76,16.39179981762634
2020-04-20 04:00:00+02:00,136,11,125,16.594078125250377,135,12,123,21.280002906629502
2020-04-20 05:00:00+02:00,234,18,216,19.754580108435302,238,20,218,16.13336525085207
2020-04-20 06:00:00+02:00,292,23,269,18.509650933155072,290,27,263,18.088844908617002
2020-04-20 07:00:00+02:00,452,37,415,20.424814624877964,466,39,427,20.265872741633896
2020-04-20 08:00:00+02:00,467,34,433,22.874976747697783,477,36,441,19.637502490728593
2020-04-20 09:00:00+02:00,333,26,307,26.7685298712925,321,30,291,23.480156167605287
2020-04-20 10:00:00+02:00,277,23,254,24.920160895876304,276,25,251,21.646913060128323
2020-04-20 11:00:00+02:00,316,24,292,20.52457281115525,320,25,295,21.04137400974582
2020-04-20 12:00:00+02:00,277,23,254,24.920160895876304,276,25,251,21.646913060128323
2020-04-20 13:00:00+02:00,263,20,243,18.706444640225143,274,27,247,20.56786912693606
2020-04-20 14:00:00+02:00,270,23,247,23.920073269237992,272,21,251,23.2664106640069
2020-04-20 15:00:00+02:00,295,25,270,20.557446011766526,292,22,270,18.509650933155072
2020-04-20 16:00:00+02:00,308,25,283,20.24805474367896,330,27,303,16.43301680059058
2020-04-20 17:00:00+02:00,444,34,410,14.679521920211366,475,46,429,26.73035993542065
2020-04-20 18:00:00+02:00,487,37,450,15.627714583030805,490,44,446,20.189989846505636
2020-04-20 19:00:00+02:00,358,28,330,18.044939279580262,347,32,315,19.399384547744187
2020-04-20 20:00:00+02:00,351,28,323,16.04918751558848,347,30,317,19.399384547744187
2020-04-20 21:00:00+02:00,270,21,249,23.920073269237992,272,21,251,23.2664106640069
2020-04-20 22:00:00+02:00,187,16,171,20.5323189366488,185,14,171,20.160625004949942
2020-04-20 23:00:00+02:00,130,9,121,15.65660051079879,134,10,124,14.701306049248211
2020-04-21 00:00:00+02:00,74,5,69,19.513800836509724,86,6,80,21.204994436842384
2020-04-21 01:00:00+02:00,54,4,50,10.37826089518735,56,5,51,10.152150256689218
2020-04-21 02:00:00+02:00,52,3,49,6.894026658963235,54,4,50,10.37826089518735
2020-04-21 03:00:00+02:00,76,5,71,16.686685835236233,81,7,74,16.076626545182606
2020-04-21 04:00:00+02:00,131,9,122,14.183230975852695,137,9,128,18.928795118329443
2020-04-21 05:00:00+02:00,214,15,199,18.560318290748608,257,20,237,24.369710124951805
2020-04-21 06:00:00+02:00,281,18,263,17.665733770068634,307,27,280,19.62844127124222
2020-04-21 07:00:00+02:00,411,31,380,21.89950881174465,456,41,415,14.42236972784694
2020-04-21 08:00:00+02:00,484,33,451,17.863314460235074,511,37,474,22.27774281923901
2020-04-21 09:00:00+02:00,321,21,300,23.480156167605287,343,30,313,18.604951737824955
2020-04-21 10:00:00+02:00,255,16,239,21.41944964647189,281,19,262,17.665733770068634
2020-04-21 11:00:00+02:00,303,24,279,15.98015338859148,323,23,300,19.17862862818099
2020-04-21 12:00:00+02:00,259,20,239,22.988395045636892,267,19,248,13.385499595100717
2020-04-21 13:00:00+02:00,264,18,246,20.665980174270672,273,19,254,23.61851837889036
2020-04-21 14:00:00+02:00,255,17,238,21.41944964647189,281,19,262,17.665733770068634
2020-04-21 15:00:00+02:00,278,22,256,17.988889489265482,299,23,276,15.06368464327721
2020-04-21 16:00:00+02:00,287,20,267,21.927304089805975,330,24,306,16.43301680059058
2020-04-21 17:00:00+02:00,414,28,386,21.211929621647883,452,35,417,20.424814624877964
2020-04-21 18:00:00+02:00,467,32,435,22.874976747697783,482,33,449,19.903175971447034
2020-04-21 19:00:00+02:00,347,25,322,19.399384547744187,363,29,334,20.037936765942277
2020-04-21 20:00:00+02:00,322,25,297,22.976009334024873,371,32,339,20.767700865402965
2020-04-21 21:00:00+02:00,244,17,227,17.108671526861457,275,22,253,24.67224255888931
2020-04-21 22:00:00+02:00,177,14,163,20.028957588616944,199,15,184,21.764655927821806
2020-04-21 23:00:00+02:00,128,8,120,19.601953989978306,137,9,128,18.928795118329443
2020-04-22 00:00:00+02:00,78,7,71,17.466416869234695,81,6,75,20.92938881342839
2020-04-22 01:00:00+02:00,52,5,47,7.864023267233767,50,4,46,9.782450713793494
2020-04-22 02:00:00+02:00,52,4,48,7.864023267233767,50,4,46,9.782450713793494
2020-04-22 03:00:00+02:00,79,7,72,16.621554061874914,77,7,70,18.339246781129614
2020-04-22 04:00:00+02:00,134,12,122,19.23518886649871,119,9,110,15.009648975035175
2020-04-22 05:00:00+02:00,242,23,219,18.29710618225889,241,23,218,22.882071172466965
2020-04-22 06:00:00+02:00,290,28,262,19.21625371183417,278,28,250,21.643694281450568
2020-04-22 07:00:00+02:00,454,41,413,16.998573580017954,413,37,376,19.953327551024692
2020-04-22 08:00:00+02:00,477,49,428,20.74628437555386,435,33,402,25.413604199879654
2020-04-22 09:00:00+02:00,316,31,285,12.954823545566947,325,32,293,19.158838106551173
2020-04-22 10:00:00+02:00,264,26,238,19.326928751905097,241,19,222,22.882071172466965
2020-04-22 11:00:00+02:00,316,31,285,12.954823545566947,325,32,293,19.158838106551173
2020-04-22 12:00:00+02:00,264,26,238,19.326928751905097,241,19,222,22.882071172466965
2020-04-22 13:00:00+02:00,263,26,237,19.43996347144361,241,19,222,22.882071172466965
2020-04-22 14:00:00+02:00,263,26,237,19.43996347144361,241,19,222,22.882071172466965
2020-04-22 15:00:00+02:00,290,28,262,19.21625371183417,278,28,250,21.643694281450568
2020-04-22 16:00:00+02:00,320,29,291,20.77950754083946,294,23,271,24.118136039782872
2020-04-22 17:00:00+02:00,451,42,409,15.27543247912955,459,45,414,18.82558288556513
2020-04-22 18:00:00+02:00,487,45,442,23.52340014261713,463,36,427,18.132001100567706
2020-04-22 19:00:00+02:00,346,32,314,21.64813738514888,337,27,310,13.20715492745961
2020-04-22 20:00:00+02:00,343,31,312,18.160576366998665,351,30,321,21.009303371553763
2020-04-22 21:00:00+02:00,267,24,243,19.019375644726225,241,19,222,22.882071172466965
2020-04-22 22:00:00+02:00,184,18,166,11.126916077945086,179,17,162,9.836620485396171
2020-04-22 23:00:00+02:00,133,14,119,18.900492058685707,119,9,110,15.009648975035175
2020-04-23 00:00:00+02:00,79,5,74,16.382916607013883,78,8,70,16.41986115786707
2020-04-23 01:00:00+02:00,51,3,48,7.252205043556333,50,5,45,13.688855833793909
2020-04-23 02:00:00+02:00,49,3,46,13.911731041947528,50,5,45,13.688855833793909
2020-04-23 03:00:00+02:00,74,4,70,19.513800836509724,80,9,71,18.237765354324676
2020-04-23 04:00:00+02:00,128,7,121,19.601953989978306,129,12,117,17.995114557081255
2020-04-23 05:00:00+02:00,228,13,215,15.818609956751573,222,22,200,18.77573498601868
2020-04-23 06:00:00+02:00,251,17,234,19.570183352800104,283,34,249,21.015453076893927
2020-04-23 07:00:00+02:00,430,27,403,19.32256414396262,431,43,388,17.591114272986506
2020-04-23 08:00:00+02:00,472,34,438,21.284214830242632,484,60,424,17.863314460235074
2020-04-23 09:00:00+02:00,325,20,305,19.331050121665143,322,40,282,22.976009334024873
2020-04-23 10:00:00+02:00,245,15,230,18.942213831390788,257,31,226,24.369710124951805
2020-04-23 11:00:00+02:00,319,19,300,20.382766877627866,322,40,282,22.976009334024873
2020-04-23 12:00:00+02:00,245,15,230,18.942213831390788,257,31,226,24.369710124951805
2020-04-23 13:00:00+02:00,266,16,250,24.416240816629376,255,27,228,21.41944964647189
2020-04-23 14:00:00+02:00,266,16,250,24.416240816629376,255,27,228,21.41944964647189
2020-04-23 15:00:00+02:00,293,18,275,19.851789935750844,292,33,259,18.509650933155072
2020-04-23 16:00:00+02:00,280,19,261,25.91177046818179,310,38,272,16.921651532922695
2020-04-23 17:00:00+02:00,433,27,406,15.756615810687446,425,47,378,20.977086023346995
2020-04-23 18:00:00+02:00,459,30,429,21.314720332142485,470,48,422,21.98902238846196
2020-04-23 19:00:00+02:00,330,21,309,16.43301680059058,328,35,293,17.860857228116767
2020-04-23 20:00:00+02:00,318,19,299,21.634505447676812,326,37,289,15.279514269305528
2020-04-23 21:00:00+02:00,245,15,230,18.942213831390788,257,31,226,24.369710124951805
2020-04-23 22:00:00+02:00,186,11,175,22.772295906033783,172,17,155,19.644113972447897
2020-04-23 23:00:00+02:00,128,9,119,19.601953989978306,129,12,117,17.995114557081255
2020-04-24 00:00:00+02:00,78,5,73,16.41986115786707,78,6,72,16.41986115786707
2020-04-24 01:00:00+02:00,52,4,48,6.894026658963235,50,3,47,13.688855833793909
2020-04-24 02:00:00+02:00,53,4,49,8.976459755768028,53,4,49,8.976459755768028
2020-04-24 03:00:00+02:00,79,6,73,16.382916607013883,78,6,72,16.41986115786707
2020-04-24 04:00:00+02:00,130,10,120,15.65660051079879,129,8,121,17.995114557081255
2020-04-24 05:00:00+02:00,234,17,217,19.754580108435302,224,17,207,16.30248157536985
2020-04-24 06:00:00+02:00,286,20,266,20.398524223626136,296,25,271,20.454116986907042
2020-04-24 07:00:00+02:00,449,35,414,18.601165629732545,428,34,394,17.985011931135546
2020-04-24 08:00:00+02:00,464,34,430,21.884111394069308,451,31,420,20.489203978314702
2020-04-24 09:00:00+02:00,318,24,294,21.634505447676812,301,24,277,16.897732473063776
2020-04-24 10:00:00+02:00,257,19,238,24.369710124951805,264,18,246,20.665980174270672
2020-04-24 11:00:00+02:00,311,23,288,16.325599187415413,310,23,287,16.921651532922695
2020-04-24 12:00:00+02:00,260,19,241,21.14564444182058,254,22,232,21.33413531955627
2020-04-24 13:00:00+02:00,260,22,238,21.14564444182058,254,22,232,21.33413531955627
2020-04-24 14:00:00+02:00,260,22,238,21.14564444182058,254,22,232,21.33413531955627
2020-04-24 15:00:00+02:00,286,25,261,20.398524223626136,296,25,271,20.454116986907042
2020-04-24 16:00:00+02:00,317,25,292,23.692514426518255,301,24,277,16.897732473063776
2020-04-24 17:00:00+02:00,437,32,405,22.67431624563715,460,33,427,18.198266997149677
2020-04-24 18:00:00+02:00,461,37,424,24.16987876504356,441,35,406,21.65218956350676
2020-04-24 19:00:00+02:00,335,25,310,21.419812345615075,322,27,295,22.976009334024873
2020-04-24 20:00:00+02:00,352,29,323,20.33829699034963,331,26,305,18.08059708638437
2020-04-24 21:00:00+02:00,257,19,238,24.369710124951805,264,18,246,20.665980174270672
2020-04-24 22:00:00+02:00,181,13,168,20.051163259817507,178,12,166,19.804789777436813
2020-04-24 23:00:00+02:00,129,9,120,17.995114557081255,129,8,121,17.995114557081255
2020-04-25 00:00:00+02:00,78,3,75,10.154730086809042,83,3,80,9.333357558089729
2020-04-25 01:00:00+02:00,54,2,52,11.483713237443984,54,2,52,11.483713237443984
2020-04-25 02:00:00+02:00,51,2,49,13.024781207847502,55,2,53,10.027044718132117
2020-04-25 03:00:00+02:00,76,3,73,13.279950485691732,83,4,79,9.333357558089729
2020-04-25 04:00:00+02:00,108,5,103,15.795702759121413,109,5,104,18.214376818550008
2020-04-25 05:00:00+02:00,132,6,126,15.82621260035259,139,5,134,19.408576933840735
2020-04-25 06:00:00+02:00,216,11,205,17.62117954457743,217,10,207,18.791759657796693
2020-04-25 07:00:00+02:00,324,14,310,18.672846971084997,334,14,320,17.139636433234756
2020-04-25 08:00:00+02:00,421,18,403,23.577567366465193,437,18,419,20.40675859398746
2020-04-25 09:00:00+02:00,450,21,429,15.953303206406003,471,24,447,21.514046870792356
2020-04-25 10:00:00+02:00,396,18,378,19.03159851440849,416,17,399,20.665581485173448
2020-04-25 11:00:00+02:00,324,17,307,18.672846971084997,334,14,320,17.139636433234756
2020-04-25 12:00:00+02:00,316,14,302,17.068110656006358,332,17,315,20.862138293674573
2020-04-25 13:00:00+02:00,344,16,328,19.49330876116528,355,16,339,19.867707600873487
2020-04-25 14:00:00+02:00,318,16,302,22.522150292755875,332,17,315,20.862138293674573
2020-04-25 15:00:00+02:00,371,18,353,18.297011572558848,387,17,370,20.68470776467254
2020-04-25 16:00:00+02:00,376,19,357,20.486350839145686,390,18,372,22.823808870670177
2020-04-25 17:00:00+02:00,411,20,391,17.61880175865933,441,22,419,18.66415998446817
2020-04-25 18:00:00+02:00,386,19,367,22.495942580430874,412,18,394,17.611789385078108
2020-04-25 19:00:00+02:00,314,17,297,19.77016372636934,335,16,319,21.63506552863301
2020-04-25 20:00:00+02:00,291,14,277,14.14711867692869,304,15,289,24.382586098170826
2020-04-25 21:00:00+02:00,256,13,243,19.922633354103812,277,14,263,19.768862676933345
2020-04-25 22:00:00+02:00,208,9,199,18.807092053665322,220,11,209,20.77869221062603
2020-04-25 23:00:00+02:00,101,4,97,14.022694861996197,111,5,106,16.60196152330297
2020-04-26 00:00:00+02:00,45,1,44,8.150223537761923,58,1,57,11.561797090249616
2020-04-26 01:00:00+02:00,28,0,28,0.9732919408254891,39,1,38,6.913338666308079
2020-04-26 02:00:00+02:00,28,0,28,0.9732919408254891,39,1,38,6.913338666308079
2020-04-26 03:00:00+02:00,42,1,41,10.321824814537676,58,1,57,11.561797090249616
2020-04-26 04:00:00+02:00,56,1,55,11.681432660358455,59,1,58,11.512224289105106
2020-04-26 05:00:00+02:00,77,2,75,11.693765322784895,97,3,94,12.91170780960746
2020-04-26 06:00:00+02:00,117,3,114,13.539944397802945,140,4,136,15.157104538016958
2020-04-26 07:00:00+02:00,187,6,181,15.611538170802525,240,8,232,19.372323114313716
2020-04-26 08:00:00+02:00,225,6,219,16.518156382279376,252,7,245,19.00138202247206
2020-04-26 09:00:00+02:00,245,8,237,17.30944248589229,340,11,329,14.37984208663957
2020-04-26 10:00:00+02:00,211,7,204,15.949558582123627,237,7,230,17.058494417352218
2020-04-26 11:00:00+02:00,170,5,165,18.89757152881458,213,7,206,20.238518600536185
2020-04-26 12:00:00+02:00,179,6,173,21.74229179161351,200,5,195,21.668114478408352
2020-04-26 13:00:00+02:00,191,5,186,21.61132830766016,272,9,263,21.117195423222
2020-04-26 14:00:00+02:00,175,5,170,18.893708159250245,228,7,221,19.28787791304013
2020-04-26 15:00:00+02:00,207,7,200,18.76558942906742,275,8,267,20.236154766209
2020-04-26 16:00:00+02:00,207,7,200,18.76558942906742,275,8,267,20.236154766209
2020-04-26 17:00:00+02:00,237,8,229,17.058494417352218,251,7,244,17.440368481170164
2020-04-26 18:00:00+02:00,227,7,220,13.349035543905368,271,9,262,22.542411999396236
2020-04-26 19:00:00+02:00,175,5,170,18.893708159250245,228,7,221,19.28787791304013
2020-04-26 20:00:00+02:00,162,5,157,18.435104799511247,195,5,190,16.39636374930337
2020-04-26 21:00:00+02:00,142,4,138,19.57947604189084,208,6,202,18.807092053665322
2020-04-26 22:00:00+02:00,119,4,115,9.275729661817119,133,4,129,15.567856067550506
2020-04-26 23:00:00+02:00,60,1,59,12.98342242386016,76,2,74,13.279950485691732
2020-04-27 00:00:00+02:00,83,6,77,18.699193296190067,79,7,72,16.382916607013883
2020-04-27 01:00:00+02:00,53,4,49,8.976459755768028,54,4,50,10.37826089518735
2020-04-27 02:00:00+02:00,54,4,50,10.37826089518735,54,5,49,10.37826089518735
2020-04-27 03:00:00+02:00,81,7,74,16.076626545182606,82,6,76,16.39179981762634
2020-04-27 04:00:00+02:00,136,11,125,16.594078125250377,135,12,123,21.280002906629502
2020-04-27 05:00:00+02:00,234,18,216,19.754580108435302,238,20,218,16.13336525085207
2020-04-27 06:00:00+02:00,292,23,269,18.509650933155072,290,27,263,18.088844908617002
2020-04-27 07:00:00+02:00,452,37,415,20.424814624877964,466,39,427,20.265872741633896
2020-04-27 08:00:00+02:00,467,34,433,22.874976747697783,477,36,441,19.637502490728593
2020-04-27 09:00:00+02:00,333,26,307,26.7685298712925,321,30,291,23.480156167605287
2020-04-27 10:00:00+02:00,277,23,254,24.920160895876304,276,25,251,21.646913060128323
2020-04-27 11:00:00+02:00,316,24,292,20.52457281115525,320,25,295,21.04137400974582
2020-04-27 12:00:00+02:00,277,23,254,24.920160895876304,276,25,251,21.646913060128323
2020-04-27 13:00:00+02:00,263,20,243,18.706444640225143,274,27,247,20.56786912693606
2020-04-27 14:00:00+02:00,270,23,247,23.920073269237992,272,21,251,23.2664106640069
2020-04-27 15:00:00+02:00,295,25,270,20.557446011766526,292,22,270,18.509650933155072
2020-04-27 16:00:00+02:00,308,25,283,20.24805474367896,330,27,303,16.43301680059058
2020-04-27 17:00:00+02:00,444,34,410,14.679521920211366,475,46,429,26.73035993542065
2020-04-27 18:00:00+02:00,487,37,450,15.627714583030805,490,44,446,20.189989846505636
2020-04-27 19:00:00+02:00,358,28,330,18.044939279580262,347,32,315,19.399384547744187
2020-04-27 20:00:00+02:00,351,28,323,16.04918751558848,347,30,317,19.399384547744187
2020-04-27 21:00:00+02:00,270,21,249,23.920073269237992,272,21,251,23.2664106640069
2020-04-27 22:00:00+02:00,187,16,171,20.5323189366488,185,14,171,20.160625004949942
2020-04-27 23:00:00+02:00,130,9,121,15.65660051079879,134,10,124,14.701306049248211
2020-04-28 00:00:00+02:00,74,5,69,19.513800836509724,86,6,80,21.204994436842384
2020-04-28 01:00:00+02:00,54,4,50,10.37826089518735,56,5,51,10.152150256689218
2020-04-28 02:00:00+02:00,52,3,49,6.894026658963235,54,4,50,10.37826089518735
2020-04-28 03:00:00+02:00,76,5,71,16.686685835236233,81,7,74,16.076626545182606
2020-04-28 04:00:00+02:00,131,9,122,14.183230975852695,137,9,128,18.928795118329443
2020-04-28 05:00:00+02:00,214,15,199,18.560318290748608,257,20,237,24.369710124951805
2020-04-28 06:00:00+02:00,281,18,263,17.665733770068634,307,27,280,19.62844127124222
2020-04-28 07:00:00+02:00,411,31,380,21.89950881174465,456,41,415,14.42236972784694
2020-04-28 08:00:00+02:00,484,33,451,17.863314460235074,511,37,474,22.27774281923901
2020-04-28 09:00:00+02:00,321,21,300,23.480156167605287,343,30,313,18.604951737824955
2020-04-28 10:00:00+02:00,255,16,239,21.41944964647189,281,19,262,17.665733770068634
2020-04-28 11:00:00+02:00,303,24,279,15.98015338859148,323,23,300,19.17862862818099
2020-04-28 12:00:00+02:00,259,20,239,22.988395045636892,267,19,248,13.385499595100717
2020-04-28 13:00:00+02:00,264,18,246,20.665980174270672,273,19,254,23.61851837889036
2020-04-28 14:00:00+02:00,255,17,238,21.41944964647189,281,19,262,17.665733770068634
2020-04-28 15:00:00+02:00,278,22,256,17.988889489265482,299,23,276,15.06368464327721
2020-04-28 16:00:00+02:00,287,20,267,21.927304089805975,330,24,306,16.43301680059058
2020-04-28 17:00:00+02:00,414,28,386,21.211929621647883,452,35,417,20.424814624877964
2020-04-28 18:00:00+02:00,467,32,435,22.874976747697783,482,33,449,19.903175971447034
2020-04-28 19:00:00+02:00,347,25,322,19.399384547744187,363,29,334,20.037936765942277
2020-04-28 20:00:00+02:00,322,25,297,22.976009334024873,371,32,339,20.767700865402965
2020-04-28 21:00:00+02:00,244,17,227,17.108671526861457,275,22,253,24.67224255888931
2020-04-28 22:00:00+02:00,177,14,163,20.028957588616944,199,15,184,21.764655927821806
2020-04-28 23:00:00+02:00,128,8,120,19.601953989978306,137,9,128,18.928795118329443
2020-04-29 00:00:00+02:00,78,7,71,17.466416869234695,81,6,75,20.92938881342839
2020-04-29 01:00:00+02:00,52,5,47,7.864023267233767,50,4,46,9.782450713793494
2020-04-29 02:00:00+02:00,52,4,48,7.864023267233767,50,4,46,9.782450713793494
2020-04-29 03:00:00+02:00,79,7,72,16.621554061874914,77,7,70,18.339246781129614
2020-04-29 04:00:00+02:00,134,12,122,19.23518886649871,119,9,110,15.009648975035175
2020-04-29 05:00:00+02:00,242,23,219,18.29710618225889,241,23,218,22.882071172466965
2020-04-29 06:00:00+02:00,290,28,262,19.21625371183417,278,28,250,21.643694281450568
2020-04-29 07:00:00+02:00,454,41,413,16.998573580017954,413,37,376,19.953327551024692
2020-04-29 08:00:00+02:00,477,49,428,20.74628437555386,435,33,402,25.413604199879654
2020-04-29 09:00:00+02:00,316,31,285,12.954823545566947,325,32,293,19.158838106551173
2020-04-29 10:00:00+02:00,264,26,238,19.326928751905097,241,19,222,22.882071172466965
2020-04-29 11:00:00+02:00,316,31,285,12.954823545566947,325,32,293,19.158838106551173
2020-04-29 12:00:00+02:00,264,26,238,19.326928751905097,241,19,222,22.882071172466965
2020-04-29 13:00:00+02:00,263,26,237,19.43996347144361,241,19,222,22.882071172466965
2020-04-29 14:00:00+02:00,263,26,237,19.43996347144361,241,19,222,22.882071172466965
2020-04-29 15:00:00+02:00,290,28,262,19.21625371183417,278,28,250,21.643694281450568
2020-04-29 16:00:00+02:00,320,29,291,20.77950754083946,294,23,271,24.118136039782872
2020-04-29 17:00:00+02:00,451,42,409,15.27543247912955,459,45,414,18.82558288556513
2020-04-29 18:00:00+02:00,487,45,442,23.52340014261713,463,36,427,18.132001100567706
2020-04-29 19:00:00+02:00,346,32,314,21.64813738514888,337,27,310,13.20715492745961
2020-04-29 20:00:00+02:00,343,31,312,18.160576366998665,351,30,321,21.009303371553763
2020-04-29 21:00:00+02:00,267,24,243,19.019375644726225,241,19,222,22.882071172466965
2020-04-29 22:00:00+02:00,184,18,166,11.126916077945086,179,17,162,9.836620485396171
2020-04-29 23:00:00+02:00,133,14,119,18.900492058685707,119,9,110,15.009648975035175
2020-04-30 00:00:00+02:00,79,5,74,16.382916607013883,78,8,70,16.41986115786707
2020-04-30 01:00:00+02:00,51,3,48,7.252205043556333,50,5,45,13.688855833793909
2020-04-30 02:00:00+02:00,49,3,46,13.911731041947528,50,5,45,13.688855833793909
2020-04-30 03:00:00+02:00,74,4,70,19.513800836509724,80,9,71,18.237765354324676
2020-04-30 04:00:00+02:00,128,7,121,19.601953989978306,129,12,117,17.995114557081255
2020-04-30 05:00:00+02:00,228,13,215,15.818609956751573,222,22,200,18.77573498601868
2020-04-30 06:00:00+02:00,251,17,234,19.570183352800104,283,34,249,21.015453076893927
2020-04-30 07:00:00+02:00,430,27,403,19.32256414396262,431,43,388,17.591114272986506
2020-04-30 08:00:00+02:00,472,34,438,21.284214830242632,484,60,424,17.863314460235074
2020-04-30 09:00:00+02:00,325,20,305,19.331050121665143,322,40,282,22.976009334024873
2020-04-30 10:00:00+02:00,245,15,230,18.942213831390788,257,31,226,24.369710124951805
2020-04-30 11:00:00+02:00,319,19,300,20.382766877627866,322,40,282,22.976009334024873
2020-04-30 12:00:00+02:00,245,15,230,18.942213831390788,257,31,226,24.369710124951805
2020-04-30 13:00:00+02:00,266,16,250,24.416240816629376,255,27,228,21.41944964647189
2020-04-30 14:00:00+02:00,266,16,250,24.416240816629376,255,27,228,21.41944964647189
2020-04-30 15:00:00+02:00,293,18,275,19.851789935750844,292,33,259,18.509650933155072
2020-04-30 16:00:00+02:00,280,19,261,25.91177046818179,310,38,272,16.921651532922695
2020-04-30 17:00:00+02:00,433,27,406,15.756615810687446,425,47,378,20.977086023346995
2020-04-30 18:00:00+02:00,459,30,429,21.314720332142485,470,48,422,21.98902238846196
2020-04-30 19:00:00+02:00,330,21,309,16.43301680059058,328,35,293,17.860857228116767
2020-04-30 20:00:00+02:00,318,19,299,21.634505447676812,326,37,289,15.279514269305528
2020-04-30 21:00:00+02:00,245,15,230,18.942213831390788,257,31,226,24.369710124951805
2020-04-30 22:00:00+02:00,186,11,175,22.772295906033783,172,17,155,19.644113972447897
2020-04-30 23:00:00+02:00,128,9,119,19.601953989978306,129,12,117,17.995114557081255
2020-05-01 00:00:00+02:00,78,5,73,16.41986115786707,78,6,72,16.41986115786707
2020-05-01 01:00:00+02:00,52,4,48,6.894026658963235,50,3,47,13.688855833793909
2020-05-01 02:00:00+02:00,53,4,49,8.976459755768028,53,4,49,8.976459755768028
2020-05-01 03:00:00+02:00,79,6,73,16.382916607013883,78,6,72,16.41986115786707
2020-05-01 04:00:00+02:00,130,10,120,15.65660051079879,129,8,121,17.995114557081255
2020-05-01 05:00:00+02:00,234,17,217,19.754580108435302,224,17,207,16.30248157536985
2020-05-01 06:00:00+02:00,286,20,266,20.398524223626136,296,25,271,20.454116986907042
2020-05-01 07:00:00+02:00,449,35,414,18.601165629732545,428,34,394,17.985011931135546
2020-05-01 08:00:00+02:00,464,34,430,21.884111394069308,451,31,420,20.489203978314702
2020-05-01 09:00:00+02:00,318,24,294,21.634505447676812,301,24,277,16.897732473063776
2020-05-01 10:00:00+02:00,257,19,238,24.369710124951805,264,18,246,20.665980174270672
2020-05-01 11:00:00+02:00,311,23,288,16.325599187415413,310,23,287,16.921651532922695
2020-05-01 12:00:00+02:00,260,19,241,21.14564444182058,254,22,232,21.33413531955627
2020-05-01 13:00:00+02:00,260,22,238,21.14564444182058,254,22,232,21.33413531955627
2020-05-01 14:00:00+02:00,260,22,238,21.14564444182058,254,22,232,21.33413531955627
2020-05-01 15:00:00+02:00,286,25,261,20.398524223626136,296,25,271,20.454116986907042
2020-05-01 16:00:00+02:00,317,25,292,23.692514426518255,301,24,277,16.897732473063776
2020-05-01 17:00:00+02:00,437,32,405,22.67431624563715,460,33,427,18.198266997149677
2020-05-01 18:00:00+02:00,461,37,424,24.16987876504356,441,35,406,21.65218956350676
2020-05-01 19:00:00+02:00,335,25,310,21.419812345615075,322,27,295,22.976009334024873
2020-05-01 20:00:00+02:00,352,29,323,20.33829699034963,331,26,305,18.08059708638437
2020-05-01 21:00:00+02:00,257,19,238,24.369710124951805,264,18,246,20.665980174270672
2020-05-01 22:00:00+02:00,181,13,168,20.051163259817507,178,12,166,19.804789777436813
2020-05-01 23:00:00+02:00,129,9,120,17.995114557081255,129,8,121,17.995114557081255
2020-05-02 00:00:00+02:00,78,3,75,10.154730086809042,83,3,80,9.333357558089729
2020-05-02 01:00:00+02:00,54,2,52,11.483713237443984,54,2,52,11.483713237443984
2020-05-02 02:00:00+02:00,51,2,49,13.024781207847502,55,2,53,10.027044718132117
2020-05-02 03:00:00+02:00,76,3,73,13.279950485691732,83,4,79,9.333357558089729
2020-05-02 04:00:00+02:00,108,5,103,15.795702759121413,109,5,104,18.214376818550008
2020-05-02 05:00:00+02:00,132,6,126,15.82621260035259,139,5,134,19.408576933840735
2020-05-02 06:00:00+02:00,216,11,205,17.62117954457743,217,10,207,18.791759657796693
2020-05-02 07:00:00+02:00,324,14,310,18.672846971084997,334,14,320,17.139636433234756
2020-05-02 08:00:00+02:00,421,18,403,23.577567366465193,437,18,419,20.40675859398746
2020-05-02 09:00:00+02:00,450,21,429,15.953303206406003,471,24,447,21.514046870792356
2020-05-02 10:00:00+02:00,396,18,378,19.03159851440849,416,17,399,20.665581485173448
2020-05-02 11:00:00+02:00,324,17,307,18.672846971084997,334,14,320,17.139636433234756
2020-05-02 12:00:00+02:00,316,14,302,17.068110656006358,332,17,315,20.862138293674573
2020-05-02 13:00:00+02:00,344,16,328,19.49330876116528,355,16,339,19.867707600873487
2020-05-02 14:00:00+02:00,318,16,302,22.522150292755875,332,17,315,20.862138293674573
2020-05-02 15:00:00+02:00,371,18,353,18.297011572558848,387,17,370,20.68470776467254
2020-05-02 16:00:00+02:00,376,19,357,20.486350839145686,390,18,372,22.823808870670177
2020-05-02 17:00:00+02:00,411,20,391,17.61880175865933,441,22,419,18.66415998446817
2020-05-02 18:00:00+02:00,386,19,367,22.495942580430874,412,18,394,17.611789385078108
2020-05-02 19:00:00+02:00,314,17,297,19.77016372636934,335,16,319,21.63506552863301
2020-05-02 20:00:00+02:00,291,14,277,14.14711867692869,304,15,289,24.382586098170826
2020-05-02 21:00:00+02:00,256,13,243,19.922633354103812,277,14,263,19.768862676933345
2020-05-02 22:00:00+02:00,208,9,199,18.807092053665322,220,11,209,20.77869221062603
2020-05-02 23:00:00+02:00,101,4,97,14.022694861996197,111,5,106,16.60196152330297
2020-05-03 00:00:00+02:00,45,1,44,8.150223537761923,58,1,57,11.561797090249616
2020-05-03 01:00:00+02:00,28,0,28,0.9732919408254891,39,1,38,6.913338666308079
2020-05-03 02:00:00+02:00,28,0,28,0.9732919408254891,39,1,38,6.913338666308079
2020-05-03 03:00:00+02:00,42,1,41,10.321824814537676,58,1,57,11.561797090249616
2020-05-03 04:00:00+02:00,56,1,55,11.681432660358455,59,1,58,11.512224289105106
2020-05-03 05:00:00+02:00,77,2,75,11.693765322784895,97,3,94,12.91170780960746
2020-05-03 06:00:00+02:00,117,3,114,13.539944397802945,140,4,136,15.157104538016958
2020-05-03 07:00:00+02:00,187,6,181,15.611538170802525,240,8,232,19.372323114313716
2020-05-03 08:00:00+02:00,225,6,219,16.518156382279376,252,7,245,19.00138202247206
2020-05-03 09:00:00+02:00,245,8,237,17.30944248589229,340,11,329,14.37984208663957
2020-05-03 10:00:00+02:00,211,7,204,15.949558582123627,237,7,230,17.058494417352218
2020-05-03 11:00:00+02:00,170,5,165,18.89757152881458,213,7,206,20.238518600536185
2020-05-03 12:00:00+02:00,179,6,173,21.74229179161351,200,5,195,21.668114478408352
2020-05-03 13:00:00+02:00,191,5,186,21.61132830766016,272,9,263,21.117195423222
2020-05-03 14:00:00+02:00,175,5,170,18.893708159250245,228,7,221,19.28787791304013
2020-05-03 15:00:00+02:00,207,7,200,18.76558942906742,275,8,267,20.236154766209
2020-05-03 16:00:00+02:00,207,7,200,18.76558942906742,275,8,267,20.236154766209
2020-05-03 17:00:00+02:00,237,8,229,17.058494417352218,251,7,244,17.440368481170164
2020-05-03 18:00:00+02:00,227,7,220,13.349035543905368,271,9,262,22.542411999396236
2020-05-03 19:00:00+02:00,175,5,170,18.893708159250245,228,7,221,19.28787791304013
2020-05-03 20:00:00+02:00,162,5,157,18.435104799511247,195,5,190,16.39636374930337
2020-05-03 21:00:00+02:00,142,4,138,19.57947604189084,208,6,202,18.807092053665322
2020-05-03 22:00:00+02:00,119,4,115,9.275729661817119,133,4,129,15.567856067550506
2020-05-03 23:00:00+02:00,60,1,59,12.98342242386016,76,2,74,13.279950485691732
2020-05-04 00:00:00+02:00,83,6,77,18.699193296190067,79,7,72,16.382916607013883
2020-05-04 01:00:00+02:00,53,4,49,8.976459755768028,54,4,50,10.37826089518735
2020-05-04 02:00:00+02:00,54,4,50,10.37826089518735,54,5,49,10.37826089518735
2020-05-04 03:00:00+02:00,81,7,74,16.076626545182606,82,6,76,16.39179981762634
2020-05-04 04:00:00+02:00,136,11,125,16.594078125250377,135,12,123,21.280002906629502
2020-05-04 05:00:00+02:00,234,18,216,19.754580108435302,238,20,218,16.13336525085207
2020-05-04 06:00:00+02:00,292,23,269,18.509650933155072,290,27,263,18.088844908617002
2020-05-04 07:00:00+02:00,452,37,415,20.424814624877964,466,39,427,20.265872741633896
2020-05-04 08:00:00+02:00,467,34,433,22.874976747697783,477,36,441,19.637502490728593
2020-05-04 09:00:00+02:00,333,26,307,26.7685298712925,321,30,291,23.480156167605287
2020-05-04 10:00:00+02:00,277,23,254,24.920160895876304,276,25,251,21.646913060128323
2020-05-04 11:00:00+02:00,316,24,292,20.52457281115525,320,25,295,21.04137400974582
2020-05-04 12:00:00+02:00,277,23,254,24.920160895876304,276,25,251,21.646913060128323
2020-05-04 13:00:00+02:00,263,20,243,18.706444640225143,274,27,247,20.56786912693606
2020-05-04 14:00:00+02:00,270,23,247,23.920073269237992,272,21,251,23.2664106640069
2020-05-04 15:00:00+02:00,295,25,270,20.557446011766526,292,22,270,18.509650933155072
2020-05-04 16:00:00+02:00,308,25,283,20.24805474367896,330,27,303,16.43301680059058
2020-05-04 17:00:00+02:00,444,34,410,14.679521920211366,475,46,429,26.73035993542065
2020-05-04 18:00:00+02:00,487,37,450,15.627714583030805,490,44,446,20.189989846505636
2020-05-04 19:00:00+02:00,358,28,330,18.044939279580262,347,32,315,19.399384547744187
2020-05-04 20:00:00+02:00,351,28,323,16.04918751558848,347,30,317,19.399384547744187
2020-05-04 21:00:00+02:00,270,21,249,23.920073269237992,272,21,251,23.2664106640069
2020-05-04 22:00:00+02:00,187,16,171,20.5323189366488,185,14,171,20.160625004949942
2020-05-04 23:00:00+02:00,130,9,121,15.65660051079879,134,10,124,14.701306049248211
2020-05-05 00:00:00+02:00,74,5,69,19.513800836509724,86,6,80,21.204994436842384
2020-05-05 01:00:00+02:00,54,4,50,10.37826089518735,56,5,51,10.152150256689218
2020-05-05 02:00:00+02:00,52,3,49,6.894026658963235,54,4,50,10.37826089518735
2020-05-05 03:00:00+02:00,76,5,71,16.686685835236233,81,7,74,16.076626545182606
2020-05-05 04:00:00+02:00,131,9,122,14.183230975852695,137,9,128,18.928795118329443
2020-05-05 05:00:00+02:00,214,15,199,18.560318290748608,257,20,237,24.369710124951805
2020-05-05 06:00:00+02:00,281,18,263,17.665733770068634,307,27,280,19.62844127124222
2020-05-05 07:00:00+02:00,411,31,380,21.89950881174465,456,41,415,14.42236972784694
2020-05-05 08:00:00+02:00,484,33,451,17.863314460235074,511,37,474,22.27774281923901
2020-05-05 09:00:00+02:00,321,21,300,23.480156167605287,343,30,313,18.604951737824955
2020-05-05 10:00:00+02:00,255,16,239,21.41944964647189,281,19,262,17.665733770068634
2020-05-05 11:00:00+02:00,303,24,279,15.98015338859148,323,23,300,19.17862862818099
2020-05-05 12:00:00+02:00,259,20,239,22.988395045636892,267,19,248,13.385499595100717
2020-05-05 13:00:00+02:00,264,18,246,20.665980174270672,273,19,254,23.61851837889036
2020-05-05 14:00:00+02:00,255,17,238,21.41944964647189,281,19,262,17.665733770068634
2020-05-05 15:00:00+02:00,278,22,256,17.988889489265482,299,23,276,15.06368464327721
2020-05-05 16:00:00+02:00,287,20,267,21.927304089805975,330,24,306,16.43301680059058
2020-05-05 17:00:00+02:00,414,28,386,21.211929621647883,452,35,417,20.424814624877964
2020-05-05 18:00:00+02:00,467,32,435,22.874976747697783,482,33,449,19.903175971447034
2020-05-05 19:00:00+02:00,347,25,322,19.399384547744187,363,29,334,20.037936765942277
2020-05-05 20:00:00+02:00,322,25,297,22.976009334024873,371,32,339,20.767700865402965
2020-05-05 21:00:00+02:00,244,17,227,17.108671526861457,275,22,253,24.67224255888931
2020-05-05 22:00:00+02:00,177,14,163,20.028957588616944,199,15,184,21.764655927821806
2020-05-05 23:00:00+02:00,128,8,120,19.601953989978306,137,9,128,18.928795118329443
2020-05-06 00:00:00+02:00,78,7,71,17.466416869234695,81,6,75,20.92938881342839
2020-05-06 01:00:00+02:00,52,5,47,7.864023267233767,50,4,46,9.782450713793494
2020-05-06 02:00:00+02:00,52,4,48,7.864023267233767,50,4,46,9.782450713793494
2020-05-06 03:00:00+02:00,79,7,72,16.621554061874914,77,7,70,18.339246781129614
2020-05-06 04:00:00+02:00,134,12,122,19.23518886649871,119,9,110,15.009648975035175
2020-05-06 05:00:00+02:00,242,23,219,18.29710618225889,241,23,218,22.882071172466965
2020-05-06 06:00:00+02:00,290,28,262,19.21625371183417,278,28,250,21.643694281450568
2020-05-06 07:00:00+02:00,454,41,413,16.998573580017954,413,37,376,19.953327551024692
2020-05-06 08:00:00+02:00,477,49,428,20.74628437555386,435,33,402,25.413604199879654
2020-05-06 09:00:00+02:00,316,31,285,12.954823545566947,325,32,293,19.158838106551173
2020-05-06 10:00:00+02:00,264,26,238,19.326928751905097,241,19,222,22.882071172466965
2020-05-06 11:00:00+02:00,316,31,285,12.954823545566947,325,32,293,19.158838106551173
2020-05-06 12:00:00+02:00,264,26,238,19.326928751905097,241,19,222,22.882071172466965
2020-05-06 13:00:00+02:00,263,26,237,19.43996347144361,241,19,222,22.882071172466965
2020-05-06 14:00:00+02:00,263,26,237,19.43996347144361,241,19,222,22.882071172466965
2020-05-06 15:00:00+02:00,290,28,262,19.21625371183417,278,28,250,21.643694281450568
2020-05-06 16:00:00+02:00,320,29,291,20.77950754083946,294,23,271,24.118136039782872
2020-05-06 17:00:00+02:00,451,42,409,15.27543247912955,459,45,414,18.82558288556513
2020-05-06 18:00:00+02:00,487,45,442,23.52340014261713,463,36,427,18.132001100567706
2020-05-06 19:00:00+02:00,346,32,314,21.64813738514888,337,27,310,13.20715492745961
2020-05-06 20:00:00+02:00,343,31,312,18.160576366998665,351,30,321,21.009303371553763
2020-05-06 21:00:00+02:00,267,24,243,19.019375644726225,241,19,222,22.882071172466965
2020-05-06 22:00:00+02:00,184,18,166,11.126916077945086,179,17,162,9.836620485396171
2020-05-06 23:00:00+02:00,133,14,119,18.900492058685707,119,9,110,15.009648975035175
2020-05-07 00:00:00+02:00,79,5,74,16.382916607013883,78,8,70,16.41986115786707
2020-05-07 01:00:00+02:00,51,3,48,7.252205043556333,50,5,45,13.688855833793909
2020-05-07 02:00:00+02:00,49,3,46,13.911731041947528,50,5,45,13.688855833793909
2020-05-07 03:00:00+02:00,74,4,70,19.513800836509724,80,9,71,18.237765354324676
2020-05-07 04:00:00+02:00,128,7,121,19.601953989978306,129,12,117,17.995114557081255
2020-05-07 05:00:00+02:00,228,13,215,15.818609956751573,222,22,200,18.77573498601868
2020-05-07 06:00:00+02:00,251,17,234,19.570183352800104,283,34,249,21.015453076893927
2020-05-07 07:00:00+02:00,430,27,403,19.32256414396262,431,43,388,17.591114272986506
2020-05-07 08:00:00+02:00,472,34,438,21.284214830242632,484,60,424,17.863314460235074
2020-05-07 09:00:00+02:00,325,20,305,19.331050121665143,322,40,282,22.976009334024873
2020-05-07 10:00:00+02:00,245,15,230,18.942213831390788,257,31,226,24.369710124951805
2020-05-07 11:00:00+02:00,319,19,300,20.382766877627866,322,40,282,22.976009334024873
2020-05-07 12:00:00+02:00,245,15,230,18.942213831390788,257,31,226,24.369710124951805
2020-05-07 13:00:00+02:00,266,16,250,24.416240816629376,255,27,228,21.41944964647189
2020-05-07 14:00:00+02:00,266,16,250,24.416240816629376,255,27,228,21.41944964647189
2020-05-07 15:00:00+02:00,293,18,275,19.851789935750844,292,33,259,18.509650933155072
2020-05-07 16:00:00+02:00,280,19,261,25.91177046818179,310,38,272,16.921651532922695
2020-05-07 17:00:00+02:00,433,27,406,15.756615810687446,425,47,378,20.977086023346995
2020-05-07 18:00:00+02:00,459,30,429,21.314720332142485,470,48,422,21.98902238846196
2020-05-07 19:00:00+02:00,330,21,309,16.43301680059058,328,35,293,17.860857228116767
2020-05-07 20:00:00+02:00,318,19,299,21.634505447676812,326,37,289,15.279514269305528
2020-05-07 21:00:00+02:00,245,15,230,18.942213831390788,257,31,226,24.369710124951805
2020-05-07 22:00:00+02:00,186,11,175,22.772295906033783,172,17,155,19.644113972447897
2020-05-07 23:00:00+02:00,128,9,119,19.601953989978306,129,12,117,17.995114557081255
2020-05-08 00:00:00+02:00,78,5,73,16.41986115786707,78,6,72,16.41986115786707
2020-05-08 01:00:00+02:00,52,4,48,6.894026658963235,50,3,47,13.688855833793909
2020-05-08 02:00:00+02:00,53,4,49,8.976459755768028,53,4,49,8.976459755768028
2020-05-08 03:00:00+02:00,79,6,73,16.382916607013883,78,6,72,16.41986115786707
2020-05-08 04:00:00+02:00,130,10,120,15.65660051079879,129,8,121,17.995114557081255
2020-05-08 05:00:00+02:00,234,17,217,19.754580108435302,224,17,207,16.30248157536985
2020-05-08 06:00:00+02:00,286,20,266,20.398524223626136,296,25,271,20.454116986907042
2020-05-08 07:00:00+02:00,449,35,414,18.601165629732545,428,34,394,17.985011931135546
2020-05-08 08:00:00+02:00,464,34,430,21.884111394069308,451,31,420,20.489203978314702
2020-05-08 09:00:00+02:00,318,24,294,21.634505447676812,301,24,277,16.897732473063776
2020-05-08 10:00:00+02:00,257,19,238,24.369710124951805,264,18,246,20.665980174270672
2020-05-08 11:00:00+02:00,311,23,288,16.325599187415413,310,23,287,16.921651532922695
2020-05-08 12:00:00+02:00,260,19,241,21.14564444182058,254,22,232,21.33413531955627
2020-05-08 13:00:00+02:00,260,22,238,21.14564444182058,254,22,232,21.33413531955627
2020-05-08 14:00:00+02:00,260,22,238,21.14564444182058,254,22,232,21.33413531955627
2020-05-08 15:00:00+02:00,286,25,261,20.398524223626136,296,25,271,20.454116986907042
2020-05-08 16:00:00+02:00,317,25,292,23.692514426518255,301,24,277,16.897732473063776
2020-05-08 17:00:00+02:00,437,32,405,22.67431624563715,460,33,427,18.198266997149677
2020-05-08 18:00:00+02:00,461,37,424,24.16987876504356,441,35,406,21.65218956350676
2020-05-08 19:00:00+02:00,335,25,310,21.419812345615075,322,27,295,22.976009334024873
2020-05-08 20:00:00+02:00,352,29,323,20.33829699034963,331,26,305,18.08059708638437
2020-05-08 21:00:00+02:00,257,19,238,24.369710124951805,264,18,246,20.665980174270672
2020-05-08 22:00:00+02:00,181,13,168,20.051163259817507,178,12,166,19.804789777436813
2020-05-08 23:00:00+02:00,129,9,120,17.995114557081255,129,8,121,17.995114557081255
2020-05-09 00:00:00+02:00,37,2,35,3.5125252112896685,39,2,37,6.913338666308079
2020-05-09 01:00:00+02:00,24,1,23,0.16633697306049489,26,1,25,0.13434729751860394
2020-05-09 02:00:00+02:00,25,1,24,0.10677168789919293,26,1,25,0.13434729751860394
2020-05-09 03:00:00+02:00,38,2,36,5.960450042509954,39,2,37,6.913338666308079
2020-05-09 04:00:00+02:00,48,3,45,9.964553643509852,52,2,50,14.472017643602554
2020-05-09 05:00:00+02:00,62,4,58,14.019247608895405,65,4,61,10.13470849860639
2020-05-09 06:00:00+02:00,101,6,95,14.022694861996197,105,6,99,16.343560716114418
2020-05-09 07:00:00+02:00,147,9,138,16.306492316544293,159,10,149,19.89258263570152
2020-05-09 08:00:00+02:00,206,11,195,20.90053052788098,208,12,196,18.807092053665322
2020-05-09 09:00:00+02:00,213,14,199,20.238518600536185,223,14,209,18.802339292525456
2020-05-09 10:00:00+02:00,187,12,175,15.611538170802525,198,12,186,20.173795644408123
2020-05-09 11:00:00+02:00,152,10,142,18.686880121910534,155,8,147,18.708796369633056
2020-05-09 12:00:00+02:00,145,8,137,19.922746131926434,158,8,150,19.40470350916573
2020-05-09 13:00:00+02:00,167,9,158,19.047083059371815,172,10,162,18.863206387348974
2020-05-09 14:00:00+02:00,154,8,146,19.868163821621103,155,8,147,18.708796369633056
2020-05-09 15:00:00+02:00,169,9,160,20.526675282456768,185,10,175,20.88033942284811
2020-05-09 16:00:00+02:00,172,10,162,18.863206387348974,186,9,177,20.400698976924794
2020-05-09 17:00:00+02:00,199,12,187,19.11274068140836,209,10,199,16.60419034744366
2020-05-09 18:00:00+02:00,190,11,179,20.182913119811044,197,10,187,19.118279085736297
2020-05-09 19:00:00+02:00,146,9,137,19.4340926707284,157,8,149,19.700921436065542
2020-05-09 20:00:00+02:00,142,8,134,19.57947604189084,146,8,138,19.4340926707284
2020-05-09 21:00:00+02:00,124,7,117,14.467255533674502,129,7,122,12.81298343964759
2020-05-09 22:00:00+02:00,100,6,94,12.129363492765288,105,7,98,16.343560716114418
2020-05-09 23:00:00+02:00,49,3,46,12.126419816698254,52,2,50,14.472017643602554
2020-05-10 00:00:00+02:00,21,0,21,0.0727095127790566,25,0,25,0.10677168789919293
2020-05-10 01:00:00+02:00,14,0,14,0.0,18,0,18,0.014449312499738909
2020-05-10 02:00:00+02:00,13,0,13,0.0,18,0,18,0.014449312499738909
2020-05-10 03:00:00+02:00,20,0,20,0.04910283862897408,25,0,25,0.10677168789919293
2020-05-10 04:00:00+02:00,29,1,28,0.5419439371488394,36,1,35,2.727177547566476
2020-05-10 05:00:00+02:00,36,1,35,2.727177547566476,48,1,47,9.964553643509852
2020-05-10 06:00:00+02:00,57,2,55,11.247345675463038,74,3,71,9.886934519670994
2020-05-10 07:00:00+02:00,87,3,84,9.504121716770046,119,3,116,9.275729661817119
2020-05-10 08:00:00+02:00,110,4,106,20.964248322238312,128,4,124,16.268122259148125
2020-05-10 09:00:00+02:00,118,4,114,16.65435568776215,166,6,160,16.094287115128708
2020-05-10 10:00:00+02:00,106,4,102,19.560878716092326,149,5,144,17.937448228249327
2020-05-10 11:00:00+02:00,82,3,79,8.6962433625344,98,3,95,9.366341704429512
2020-05-10 12:00:00+02:00,86,3,83,9.565861223121674,119,3,116,9.275729661817119
2020-05-10 13:00:00+02:00,89,3,86,10.527801976587284,98,4,94,9.366341704429512
2020-05-10 14:00:00+02:00,86,3,83,9.565861223121674,119,3,116,9.275729661817119
2020-05-10 15:00:00+02:00,96,4,92,10.792244903732447,127,4,123,18.022773693841014
2020-05-10 16:00:00+02:00,97,4,93,12.91170780960746,118,4,114,16.65435568776215
2020-05-10 17:00:00+02:00,117,4,113,13.539944397802945,135,5,130,20.27811899595658
2020-05-10 18:00:00+02:00,109,4,105,18.214376818550008,139,5,134,19.408576933840735
2020-05-10 19:00:00+02:00,89,3,86,10.527801976587284,90,3,87,10.477669283936715
2020-05-10 20:00:00+02:00,74,3,71,9.886934519670994,107,4,103,12.742346635562697
2020-05-10 21:00:00+02:00,73,2,71,10.015349835153332,86,3,83,9.565861223121674
2020-05-10 22:00:00+02:00,59,2,57,11.512224289105106,74,3,71,9.886934519670994
2020-05-10 23:00:00+02:00,29,1,28,0.5419439371488394,36,1,35,2.727177547566476
2020-05-11 00:00:00+02:00,39,3,36,6.782457974710225,37,4,33,2.066086063070793
2020-05-11 01:00:00+02:00,26,2,24,1.5382661455122164,26,2,24,1.5382661455122164
2020-05-11 02:00:00+02:00,24,2,22,1.5004308879154395,26,2,24,1.5382661455122164
2020-05-11 03:00:00+02:00,37,3,34,2.066086063070793,39,4,35,6.782457974710225
2020-05-11 04:00:00+02:00,60,5,55,10.583722413773145,62,6,56,14.48690450543278
2020-05-11 05:00:00+02:00,108,10,98,14.813734676069407,112,11,101,14.898852003445265
2020-05-11 06:00:00+02:00,136,13,123,16.594078125250377,142,16,126,21.623487252479663
2020-05-11 07:00:00+02:00,226,22,204,20.308697708911414,214,23,191,18.560318290748608
2020-05-11 08:00:00+02:00,239,24,215,13.74553452780325,235,29,206,20.674840106170866
2020-05-11 09:00:00+02:00,154,16,138,23.457384968254527,151,18,133,19.408157188048275
2020-05-11 10:00:00+02:00,128,11,117,19.601953989978306,128,12,116,19.601953989978306
2020-05-11 11:00:00+02:00,152,13,139,20.188330220444417,154,15,139,23.457384968254527
2020-05-11 12:00:00+02:00,123,13,110,19.074654696202938,128,14,114,19.601953989978306
2020-05-11 13:00:00+02:00,127,11,116,19.116953333289125,125,13,112,23.026828253397017
2020-05-11 14:00:00+02:00,127,11,116,19.116953333289125,125,13,112,23.026828253397017
2020-05-11 15:00:00+02:00,139,12,127,18.732486269107348,137,15,122,18.928795118329443
2020-05-11 16:00:00+02:00,145,14,131,18.85528596371164,157,17,140,23.857880119976507
2020-05-11 17:00:00+02:00,216,21,195,21.273439412003903,220,27,193,16.758079648934128
2020-05-11 18:00:00+02:00,228,21,207,15.818609956751573,225,22,203,17.07968654570721
2020-05-11 19:00:00+02:00,168,15,153,20.304807772345505,167,18,149,21.39117903937357
2020-05-11 20:00:00+02:00,166,16,150,18.57114730689396,170,20,150,19.775542485132945
2020-05-11 21:00:00+02:00,122,13,109,20.245567873519157,131,15,116,14.183230975852695
2020-05-11 22:00:00+02:00,89,8,81,17.562315027840828,89,8,81,17.562315027840828
2020-05-11 23:00:00+02:00,63,5,58,14.929801273937542,62,6,56,14.48690450543278
2020-05-12 00:00:00+02:00,33,2,31,5.985660510090718,39,3,36,6.782457974710225
2020-05-12 01:00:00+02:00,22,1,21,0.1277873501672996,26,2,24,1.5382661455122164
2020-05-12 02:00:00+02:00,25,2,23,1.1875344360364632,27,2,25,1.9016023008994223
2020-05-12 03:00:00+02:00,38,3,35,11.101073107969722,40,4,36,5.275608835029151
2020-05-12 04:00:00+02:00,62,5,57,14.48690450543278,62,5,57,14.48690450543278
2020-05-12 05:00:00+02:00,101,8,93,11.280950715811313,121,12,109,20.317620945183666
2020-05-12 06:00:00+02:00,138,11,127,20.21600799483387,138,14,124,20.21600799483387
2020-05-12 07:00:00+02:00,192,17,175,21.295822766447603,225,21,204,17.07968654570721
2020-05-12 08:00:00+02:00,218,18,200,22.57742359713229,242,27,215,20.990360069331732
2020-05-12 09:00:00+02:00,142,13,129,21.623487252479663,164,16,148,22.827361263214527
2020-05-12 10:00:00+02:00,129,10,119,17.995114557081255,131,11,120,14.183230975852695
2020-05-12 11:00:00+02:00,142,11,131,21.623487252479663,164,16,148,22.827361263214527
2020-05-12 12:00:00+02:00,129,10,119,17.995114557081255,131,11,120,14.183230975852695
2020-05-12 13:00:00+02:00,119,9,110,22.46945513312648,129,12,117,17.995114557081255
2020-05-12 14:00:00+02:00,119,9,110,22.46945513312648,129,12,117,17.995114557081255
2020-05-12 15:00:00+02:00,130,10,120,15.65660051079879,144,12,132,22.91915418498221
2020-05-12 16:00:00+02:00,139,13,126,18.732486269107348,150,15,135,17.939622434692456
2020-05-12 17:00:00+02:00,209,17,192,22.16757043059366,224,19,205,16.30248157536985
2020-05-12 18:00:00+02:00,213,17,196,20.488166305452438,246,24,222,17.57126233227549
2020-05-12 19:00:00+02:00,153,14,139,14.915022999208679,172,15,157,19.644113972447897
2020-05-12 20:00:00+02:00,155,15,140,19.469409355748308,165,18,147,20.56038540292619
2020-05-12 21:00:00+02:00,119,11,108,22.46945513312648,129,12,117,17.995114557081255
2020-05-12 22:00:00+02:00,83,6,77,18.699193296190067,90,9,81,13.960700117154147
2020-05-12 23:00:00+02:00,58,4,54,10.505136369992313,67,7,60,12.5039951599288
2020-05-13 00:00:00+02:00,38,4,34,7.590795833711637,34,3,31,11.019687492562438
2020-05-13 01:00:00+02:00,25,3,22,4.851536786659508,25,2,23,4.851536786659508
2020-05-13 02:00:00+02:00,25,2,23,4.851536786659508,25,2,23,4.851536786659508
2020-05-13 03:00:00+02:00,38,4,34,7.590795833711637,34,3,31,11.019687492562438
2020-05-13 04:00:00+02:00,63,7,56,13.630126271531418,62,6,56,12.779859753427614
2020-05-13 05:00:00+02:00,114,13,101,17.516346710171707,112,12,100,16.537505199847164
2020-05-13 06:00:00+02:00,140,19,121,17.88117043007633,141,14,127,16.082921323202
2020-05-13 07:00:00+02:00,214,24,190,24.48806340301503,203,19,184,21.5050173548228
2020-05-13 08:00:00+02:00,226,28,198,20.105295377891462,220,27,193,18.729640796362187
2020-05-13 09:00:00+02:00,153,19,134,18.89706115395996,139,16,123,21.474746575274906
2020-05-13 10:00:00+02:00,126,17,109,16.250667590352332,123,13,110,15.262138605096247
2020-05-13 11:00:00+02:00,153,18,135,18.89706115395996,139,16,123,21.474746575274906
2020-05-13 12:00:00+02:00,126,17,109,16.250667590352332,123,13,110,15.262138605096247
2020-05-13 13:00:00+02:00,127,15,112,19.95892802947898,120,14,106,10.291257377501918
2020-05-13 14:00:00+02:00,127,16,111,19.95892802947898,120,14,106,10.291257377501918
2020-05-13 15:00:00+02:00,140,18,122,17.88117043007633,141,14,127,16.082921323202
2020-05-13 16:00:00+02:00,151,17,134,19.198981193831877,149,16,133,18.476483571588744
2020-05-13 17:00:00+02:00,217,26,191,20.47500927792046,213,24,189,16.70464389525102
2020-05-13 18:00:00+02:00,232,26,206,24.606618615768106,205,22,183,18.29833304368066
2020-05-13 19:00:00+02:00,167,22,145,16.493575022686013,154,14,140,25.102227050596255
2020-05-13 20:00:00+02:00,167,21,146,16.493575022686013,154,14,140,25.102227050596255
2020-05-13 21:00:00+02:00,129,16,113,12.321757402623772,125,13,112,14.698947587184879
2020-05-13 22:00:00+02:00,89,11,78,16.127888447212325,79,9,70,16.621554061874914
2020-05-13 23:00:00+02:00,63,8,55,13.630126271531418,62,6,56,12.779859753427614
2020-05-14 00:00:00+02:00,35,2,33,7.122002820118646,36,5,31,3.0873599992209124
2020-05-14 01:00:00+02:00,23,1,22,0.4122417358964417,25,3,22,1.1875344360364632
2020-05-14 02:00:00+02:00,25,2,23,1.1875344360364632,25,3,22,1.1875344360364632
2020-05-14 03:00:00+02:00,37,3,34,2.066086063070793,38,5,33,11.101073107969722
2020-05-14 04:00:00+02:00,59,5,54,10.572210467564378,58,7,51,10.505136369992313
2020-05-14 05:00:00+02:00,106,9,97,12.94750706735717,114,18,96,18.09348958441383
2020-05-14 06:00:00+02:00,124,11,113,17.53992981591413,129,19,110,17.995114557081255
2020-05-14 07:00:00+02:00,195,14,181,23.83440770251287,216,27,189,21.273439412003903
2020-05-14 08:00:00+02:00,212,19,193,18.597605283865732,231,33,198,16.702836426900134
2020-05-14 09:00:00+02:00,140,10,130,15.331768592489755,140,20,120,15.331768592489755
2020-05-14 10:00:00+02:00,109,9,100,14.645038576883659,117,15,102,21.891304075969387
2020-05-14 11:00:00+02:00,150,12,138,17.939622434692456,153,18,135,14.915022999208679
2020-05-14 12:00:00+02:00,115,8,107,27.52702584121565,121,19,102,20.317620945183666
2020-05-14 13:00:00+02:00,122,9,113,20.245567873519157,128,19,109,19.601953989978306
2020-05-14 14:00:00+02:00,114,8,106,18.09348958441383,121,19,102,20.317620945183666
2020-05-14 15:00:00+02:00,134,10,124,14.701306049248211,135,21,114,21.280002906629502
2020-05-14 16:00:00+02:00,149,11,138,20.003285796587473,153,18,135,14.915022999208679
2020-05-14 17:00:00+02:00,196,15,181,20.04912381427717,216,27,189,21.273439412003903
2020-05-14 18:00:00+02:00,212,19,193,18.597605283865732,231,33,198,16.702836426900134
2020-05-14 19:00:00+02:00,152,11,141,20.188330220444417,162,21,141,19.08849102929865
2020-05-14 20:00:00+02:00,165,13,152,20.56038540292619,160,24,136,19.89239402952506
2020-05-14 21:00:00+02:00,127,10,117,19.116953333289125,117,15,102,21.891304075969387
2020-05-14 22:00:00+02:00,87,7,80,17.896548892855574,85,10,75,19.289671453475872
2020-05-14 23:00:00+02:00,56,4,52,10.152150256689218,64,8,56,14.414592943793718
2020-05-15 00:00:00+02:00,38,3,35,11.101073107969722,38,4,34,11.101073107969722
2020-05-15 01:00:00+02:00,25,2,23,1.1875344360364632,25,2,23,1.1875344360364632
2020-05-15 02:00:00+02:00,25,2,23,1.1875344360364632,25,2,23,1.1875344360364632
2020-05-15 03:00:00+02:00,37,3,34,2.066086063070793,38,4,34,11.101073107969722
2020-05-15 04:00:00+02:00,63,6,57,14.929801273937542,58,5,53,10.505136369992313
2020-05-15 05:00:00+02:00,113,12,101,20.093188266697116,113,11,102,20.093188266697116
2020-05-15 06:00:00+02:00,140,13,127,15.331768592489755,129,13,116,17.995114557081255
2020-05-15 07:00:00+02:00,210,19,191,16.3212742992447,212,18,194,18.597605283865732
2020-05-15 08:00:00+02:00,228,23,205,15.818609956751573,211,19,192,18.759232281731908
2020-05-15 09:00:00+02:00,147,14,133,20.208056467665056,153,13,140,14.915022999208679
2020-05-15 10:00:00+02:00,124,11,113,17.53992981591413,117,12,105,21.891304075969387
2020-05-15 11:00:00+02:00,153,15,138,14.915022999208679,148,13,135,18.058884943386857
2020-05-15 12:00:00+02:00,129,13,116,17.995114557081255,123,10,113,19.074654696202938
2020-05-15 13:00:00+02:00,124,12,112,17.53992981591413,117,12,105,21.891304075969387
2020-05-15 14:00:00+02:00,128,12,116,19.601953989978306,123,10,113,19.074654696202938
2020-05-15 15:00:00+02:00,136,14,122,16.594078125250377,138,14,124,20.21600799483387
2020-05-15 16:00:00+02:00,145,14,131,18.85528596371164,154,15,139,23.457384968254527
2020-05-15 17:00:00+02:00,207,22,185,21.877297854955202,202,19,183,22.500350864850866
2020-05-15 18:00:00+02:00,218,21,197,22.57742359713229,227,25,202,19.269071808142694
2020-05-15 19:00:00+02:00,158,15,143,21.67102174389251,159,15,144,17.78748005044877
2020-05-15 20:00:00+02:00,160,14,146,19.89239402952506,159,13,146,17.78748005044877
2020-05-15 21:00:00+02:00,123,11,112,19.074654696202938,123,12,111,19.074654696202938
2020-05-15 22:00:00+02:00,86,8,78,21.204994436842384,85,7,78,19.289671453475872
2020-05-15 23:00:00+02:00,61,6,55,12.362973378192347,58,5,53,10.505136369992313
2020-05-16 00:00:00+02:00,37,2,35,3.5125252112896685,39,2,37,6.913338666308079
2020-05-16 01:00:00+02:00,24,1,23,0.16633697306049489,26,1,25,0.13434729751860394
2020-05-16 02:00:00+02:00,25,1,24,0.10677168789919293,26,1,25,0.13434729751860394
2020-05-16 03:00:00+02:00,38,2,36,5.960450042509954,39,2,37,6.913338666308079
2020-05-16 04:00:00+02:00,48,3,45,9.964553643509852,52,2,50,14.472017643602554
2020-05-16 05:00:00+02:00,62,4,58,14.019247608895405,65,4,61,10.13470849860639
2020-05-16 06:00:00+02:00,101,6,95,14.022694861996197,105,6,99,16.343560716114418
2020-05-16 07:00:00+02:00,147,9,138,16.306492316544293,159,10,149,19.89258263570152
2020-05-16 08:00:00+02:00,206,11,195,20.90053052788098,208,12,196,18.807092053665322
2020-05-16 09:00:00+02:00,213,14,199,20.238518600536185,223,14,209,18.802339292525456
2020-05-16 10:00:00+02:00,187,12,175,15.611538170802525,198,12,186,20.173795644408123
2020-05-16 11:00:00+02:00,152,10,142,18.686880121910534,155,8,147,18.708796369633056
2020-05-16 12:00:00+02:00,145,8,137,19.922746131926434,158,8,150,19.40470350916573
2020-05-16 13:00:00+02:00,167,9,158,19.047083059371815,172,10,162,18.863206387348974
2020-05-16 14:00:00+02:00,154,8,146,19.868163821621103,155,8,147,18.708796369633056
2020-05-16 15:00:00+02:00,169,9,160,20.526675282456768,185,10,175,20.88033942284811
2020-05-16 16:00:00+02:00,172,10,162,18.863206387348974,186,9,177,20.400698976924794
2020-05-16 17:00:00+02:00,199,12,187,19.11274068140836,209,10,199,16.60419034744366
2020-05-16 18:00:00+02:00,190,11,179,20.182913119811044,197,10,187,19.118279085736297
2020-05-16 19:00:00+02:00,146,9,137,19.4340926707284,157,8,149,19.700921436065542
2020-05-16 20:00:00+02:00,142,8,134,19.57947604189084,146,8,138,19.4340926707284
2020-05-16 21:00:00+02:00,124,7,117,14.467255533674502,129,7,122,12.81298343964759
2020-05-16 22:00:00+02:00,100,6,94,12.129363492765288,105,7,98,16.343560716114418
2020-05-16 23:00:00+02:00,49,3,46,12.126419816698254,52,2,50,14.472017643602554
2020-05-17 00:00:00+02:00,21,0,21,0.0727095127790566,25,0,25,0.10677168789919293
2020-05-17 01:00:00+02:00,14,0,14,0.0,18,0,18,0.014449312499738909
2020-05-17 02:00:00+02:00,13,0,13,0.0,18,0,18,0.014449312499738909
2020-05-17 03:00:00+02:00,20,0,20,0.04910283862897408,25,0,25,0.10677168789919293
2020-05-17 04:00:00+02:00,29,1,28,0.5419439371488394,36,1,35,2.727177547566476
2020-05-17 05:00:00+02:00,36,1,35,2.727177547566476,48,1,47,9.964553643509852
2020-05-17 06:00:00+02:00,57,2,55,11.247345675463038,74,3,71,9.886934519670994
2020-05-17 07:00:00+02:00,87,3,84,9.504121716770046,119,3,116,9.275729661817119
2020-05-17 08:00:00+02:00,110,4,106,20.964248322238312,128,4,124,16.268122259148125
2020-05-17 09:00:00+02:00,118,4,114,16.65435568776215,166,6,160,16.094287115128708
2020-05-17 10:00:00+02:00,106,4,102,19.560878716092326,149,5,144,17.937448228249327
2020-05-17 11:00:00+02:00,82,3,79,8.6962433625344,98,3,95,9.366341704429512
2020-05-17 12:00:00+02:00,86,3,83,9.565861223121674,119,3,116,9.275729661817119
2020-05-17 13:00:00+02:00,89,3,86,10.527801976587284,98,4,94,9.366341704429512
2020-05-17 14:00:00+02:00,86,3,83,9.565861223121674,119,3,116,9.275729661817119
2020-05-17 15:00:00+02:00,96,4,92,10.792244903732447,127,4,123,18.022773693841014
2020-05-17 16:00:00+02:00,97,4,93,12.91170780960746,118,4,114,16.65435568776215
2020-05-17 17:00:00+02:00,117,4,113,13.539944397802945,135,5,130,20.27811899595658
2020-05-17 18:00:00+02:00,109,4,105,18.214376818550008,139,5,134,19.408576933840735
2020-05-17 19:00:00+02:00,89,3,86,10.527801976587284,90,3,87,10.477669283936715
2020-05-17 20:00:00+02:00,74,3,71,9.886934519670994,107,4,103,12.742346635562697
2020-05-17 21:00:00+02:00,73,2,71,10.015349835153332,86,3,83,9.565861223121674
2020-05-17 22:00:00+02:00,59,2,57,11.512224289105106,74,3,71,9.886934519670994
2020-05-17 23:00:00+02:00,29,1,28,0.5419439371488394,36,1,35,2.727177547566476
2020-05-18 00:00:00+02:00,39,3,36,6.782457974710225,37,4,33,2.066086063070793
2020-05-18 01:00:00+02:00,26,2,24,1.5382661455122164,26,2,24,1.5382661455122164
2020-05-18 02:00:00+02:00,24,2,22,1.5004308879154395,26,2,24,1.5382661455122164
2020-05-18 03:00:00+02:00,37,3,34,2.066086063070793,39,4,35,6.782457974710225
2020-05-18 04:00:00+02:00,60,5,55,10.583722413773145,62,6,56,14.48690450543278
2020-05-18 05:00:00+02:00,108,10,98,14.813734676069407,112,11,101,14.898852003445265
2020-05-18 06:00:00+02:00,136,13,123,16.594078125250377,142,16,126,21.623487252479663
2020-05-18 07:00:00+02:00,226,22,204,20.308697708911414,214,23,191,18.560318290748608
2020-05-18 08:00:00+02:00,239,24,215,13.74553452780325,235,29,206,20.674840106170866
2020-05-18 09:00:00+02:00,154,16,138,23.457384968254527,151,18,133,19.408157188048275
2020-05-18 10:00:00+02:00,128,11,117,19.601953989978306,128,12,116,19.601953989978306
2020-05-18 11:00:00+02:00,152,13,139,20.188330220444417,154,15,139,23.457384968254527
2020-05-18 12:00:00+02:00,123,13,110,19.074654696202938,128,14,114,19.601953989978306
2020-05-18 13:00:00+02:00,127,11,116,19.116953333289125,125,13,112,23.026828253397017
2020-05-18 14:00:00+02:00,127,11,116,19.116953333289125,125,13,112,23.026828253397017
2020-05-18 15:00:00+02:00,139,12,127,18.732486269107348,137,15,122,18.928795118329443
2020-05-18 16:00:00+02:00,145,14,131,18.85528596371164,157,17,140,23.857880119976507
2020-05-18 17:00:00+02:00,216,21,195,21.273439412003903,220,27,193,16.758079648934128
2020-05-18 18:00:00+02:00,228,21,207,15.818609956751573,225,22,203,17.07968654570721
2020-05-18 19:00:00+02:00,168,15,153,20.304807772345505,167,18,149,21.39117903937357
2020-05-18 20:00:00+02:00,166,16,150,18.57114730689396,170,20,150,19.775542485132945
2020-05-18 21:00:00+02:00,122,13,109,20.245567873519157,131,15,116,14.183230975852695
2020-05-18 22:00:00+02:00,89,8,81,17.562315027840828,89,8,81,17.562315027840828
2020-05-18 23:00:00+02:00,63,5,58,14.929801273937542,62,6,56,14.48690450543278
2020-05-19 00:00:00+02:00,33,2,31,5.985660510090718,39,3,36,6.782457974710225
2020-05-19 01:00:00+02:00,22,1,21,0.1277873501672996,26,2,24,1.5382661455122164
2020-05-19 02:00:00+02:00,25,2,23,1.1875344360364632,27,2,25,1.9016023008994223
2020-05-19 03:00:00+02:00,38,3,35,11.101073107969722,40,4,36,5.275608835029151
2020-05-19 04:00:00+02:00,62,5,57,14.48690450543278,62,5,57,14.48690450543278
2020-05-19 05:00:00+02:00,101,8,93,11.280950715811313,121,12,109,20.317620945183666
2020-05-19 06:00:00+02:00,138,11,127,20.21600799483387,138,14,124,20.21600799483387
2020-05-19 07:00:00+02:00,192,17,175,21.295822766447603,225,21,204,17.07968654570721
2020-05-19 08:00:00+02:00,218,18,200,22.57742359713229,242,27,215,20.990360069331732
2020-05-19 09:00:00+02:00,142,13,129,21.623487252479663,164,16,148,22.827361263214527
2020-05-19 10:00:00+02:00,129,10,119,17.995114557081255,131,11,120,14.183230975852695
2020-05-19 11:00:00+02:00,142,11,131,21.623487252479663,164,16,148,22.827361263214527
2020-05-19 12:00:00+02:00,129,10,119,17.995114557081255,131,11,120,14.183230975852695
2020-05-19 13:00:00+02:00,119,9,110,22.46945513312648,129,12,117,17.995114557081255
2020-05-19 14:00:00+02:00,119,9,110,22.46945513312648,129,12,117,17.995114557081255
2020-05-19 15:00:00+02:00,130,10,120,15.65660051079879,144,12,132,22.91915418498221
2020-05-19 16:00:00+02:00,139,13,126,18.732486269107348,150,15,135,17.939622434692456
2020-05-19 17:00:00+02:00,209,17,192,22.16757043059366,224,19,205,16.30248157536985
2020-05-19 18:00:00+02:00,213,17,196,20.488166305452438,246,24,222,17.57126233227549
2020-05-19 19:00:00+02:00,153,14,139,14.915022999208679,172,15,157,19.644113972447897
2020-05-19 20:00:00+02:00,155,15,140,19.469409355748308,165,18,147,20.56038540292619
2020-05-19 21:00:00+02:00,119,11,108,22.46945513312648,129,12,117,17.995114557081255
2020-05-19 22:00:00+02:00,83,6,77,18.699193296190067,90,9,81,13.960700117154147
2020-05-19 23:00:00+02:00,58,4,54,10.505136369992313,67,7,60,12.5039951599288
2020-05-20 00:00:00+02:00,38,4,34,7.590795833711637,34,3,31,11.019687492562438
2020-05-20 01:00:00+02:00,25,3,22,4.851536786659508,25,2,23,4.851536786659508
2020-05-20 02:00:00+02:00,25,2,23,4.851536786659508,25,2,23,4.851536786659508
2020-05-20 03:00:00+02:00,38,4,34,7.590795833711637,34,3,31,11.019687492562438
2020-05-20 04:00:00+02:00,63,7,56,13.630126271531418,62,6,56,12.779859753427614
2020-05-20 05:00:00+02:00,114,13,101,17.516346710171707,112,12,100,16.537505199847164
2020-05-20 06:00:00+02:00,140,19,121,17.88117043007633,141,14,127,16.082921323202
2020-05-20 07:00:00+02:00,214,24,190,24.48806340301503,203,19,184,21.5050173548228
2020-05-20 08:00:00+02:00,226,28,198,20.105295377891462,220,27,193,18.729640796362187
2020-05-20 09:00:00+02:00,153,19,134,18.89706115395996,139,16,123,21.474746575274906
2020-05-20 10:00:00+02:00,126,17,109,16.250667590352332,123,13,110,15.262138605096247
2020-05-20 11:00:00+02:00,153,18,135,18.89706115395996,139,16,123,21.474746575274906
2020-05-20 12:00:00+02:00,126,17,109,16.250667590352332,123,13,110,15.262138605096247
2020-05-20 13:00:00+02:00,127,15,112,19.95892802947898,120,14,106,10.291257377501918
2020-05-20 14:00:00+02:00,127,16,111,19.95892802947898,120,14,106,10.291257377501918
2020-05-20 15:00:00+02:00,140,18,122,17.88117043007633,141,14,127,16.082921323202
2020-05-20 16:00:00+02:00,151,17,134,19.198981193831877,149,16,133,18.476483571588744
2020-05-20 17:00:00+02:00,217,26,191,20.47500927792046,213,24,189,16.70464389525102
2020-05-20 18:00:00+02:00,232,26,206,24.606618615768106,205,22,183,18.29833304368066
2020-05-20 19:00:00+02:00,167,22,145,16.493575022686013,154,14,140,25.102227050596255
2020-05-20 20:00:00+02:00,167,21,146,16.493575022686013,154,14,140,25.102227050596255
2020-05-20 21:00:00+02:00,129,16,113,12.321757402623772,125,13,112,14.698947587184879
2020-05-20 22:00:00+02:00,89,11,78,16.127888447212325,79,9,70,16.621554061874914
2020-05-20 23:00:00+02:00,63,8,55,13.630126271531418,62,6,56,12.779859753427614
2020-05-21 00:00:00+02:00,35,2,33,7.122002820118646,36,5,31,3.0873599992209124
2020-05-21 01:00:00+02:00,23,1,22,0.4122417358964417,25,3,22,1.1875344360364632
2020-05-21 02:00:00+02:00,25,2,23,1.1875344360364632,25,3,22,1.1875344360364632
2020-05-21 03:00:00+02:00,37,3,34,2.066086063070793,38,5,33,11.101073107969722
2020-05-21 04:00:00+02:00,59,5,54,10.572210467564378,58,7,51,10.505136369992313
2020-05-21 05:00:00+02:00,106,9,97,12.94750706735717,114,18,96,18.09348958441383
2020-05-21 06:00:00+02:00,124,11,113,17.53992981591413,129,19,110,17.995114557081255
2020-05-21 07:00:00+02:00,195,14,181,23.83440770251287,216,27,189,21.273439412003903
2020-05-21 08:00:00+02:00,212,19,193,18.597605283865732,231,33,198,16.702836426900134
2020-05-21 09:00:00+02:00,140,10,130,15.331768592489755,140,20,120,15.331768592489755
2020-05-21 10:00:00+02:00,109,9,100,14.645038576883659,117,15,102,21.891304075969387
2020-05-21 11:00:00+02:00,150,12,138,17.939622434692456,153,18,135,14.915022999208679
2020-05-21 12:00:00+02:00,115,8,107,27.52702584121565,121,19,102,20.317620945183666
2020-05-21 13:00:00+02:00,122,9,113,20.245567873519157,128,19,109,19.601953989978306
2020-05-21 14:00:00+02:00,114,8,106,18.09348958441383,121,19,102,20.317620945183666
2020-05-21 15:00:00+02:00,134,10,124,14.701306049248211,135,21,114,21.280002906629502
2020-05-21 16:00:00+02:00,149,11,138,20.003285796587473,153,18,135,14.915022999208679
2020-05-21 17:00:00+02:00,196,15,181,20.04912381427717,216,27,189,21.273439412003903
2020-05-21 18:00:00+02:00,212,19,193,18.597605283865732,231,33,198,16.702836426900134
2020-05-21 19:00:00+02:00,152,11,141,20.188330220444417,162,21,141,19.08849102929865
2020-05-21 20:00:00+02:00,165,13,152,20.56038540292619,160,24,136,19.89239402952506
2020-05-21 21:00:00+02:00,127,10,117,19.116953333289125,117,15,102,21.891304075969387
2020-05-21 22:00:00+02:00,87,7,80,17.896548892855574,85,10,75,19.289671453475872
2020-05-21 23:00:00+02:00,56,4,52,10.152150256689218,64,8,56,14.414592943793718
2020-05-22 00:00:00+02:00,38,3,35,11.101073107969722,38,4,34,11.101073107969722
2020-05-22 01:00:00+02:00,25,2,23,1.1875344360364632,25,2,23,1.1875344360364632
2020-05-22 02:00:00+02:00,25,2,23,1.1875344360364632,25,2,23,1.1875344360364632
2020-05-22 03:00:00+02:00,37,3,34,2.066086063070793,38,4,34,11.101073107969722
2020-05-22 04:00:00+02:00,63,6,57,14.929801273937542,58,5,53,10.505136369992313
2020-05-22 05:00:00+02:00,113,12,101,20.093188266697116,113,11,102,20.093188266697116
2020-05-22 06:00:00+02:00,140,13,127,15.331768592489755,129,13,116,17.995114557081255
2020-05-22 07:00:00+02:00,210,19,191,16.3212742992447,212,18,194,18.597605283865732
2020-05-22 08:00:00+02:00,228,23,205,15.818609956751573,211,19,192,18.759232281731908
2020-05-22 09:00:00+02:00,147,14,133,20.208056467665056,153,13,140,14.915022999208679
2020-05-22 10:00:00+02:00,124,11,113,17.53992981591413,117,12,105,21.891304075969387
2020-05-22 11:00:00+02:00,153,15,138,14.915022999208679,148,13,135,18.058884943386857
2020-05-22 12:00:00+02:00,129,13,116,17.995114557081255,123,10,113,19.074654696202938
2020-05-22 13:00:00+02:00,124,12,112,17.53992981591413,117,12,105,21.891304075969387
2020-05-22 14:00:00+02:00,128,12,116,19.601953989978306,123,10,113,19.074654696202938
2020-05-22 15:00:00+02:00,136,14,122,16.594078125250377,138,14,124,20.21600799483387
2020-05-22 16:00:00+02:00,145,14,131,18.85528596371164,154,15,139,23.457384968254527
2020-05-22 17:00:00+02:00,207,22,185,21.877297854955202,202,19,183,22.500350864850866
2020-05-22 18:00:00+02:00,218,21,197,22.57742359713229,227,25,202,19.269071808142694
2020-05-22 19:00:00+02:00,158,15,143,21.67102174389251,159,15,144,17.78748005044877
2020-05-22 20:00:00+02:00,160,14,146,19.89239402952506,159,13,146,17.78748005044877
2020-05-22 21:00:00+02:00,123,11,112,19.074654696202938,123,12,111,19.074654696202938
2020-05-22 22:00:00+02:00,86,8,78,21.204994436842384,85,7,78,19.289671453475872
2020-05-22 23:00:00+02:00,61,6,55,12.362973378192347,58,5,53,10.505136369992313
2020-05-23 00:00:00+02:00,37,2,35,3.5125252112896685,39,2,37,6.913338666308079
2020-05-23 01:00:00+02:00,24,1,23,0.16633697306049489,26,1,25,0.13434729751860394
2020-05-23 02:00:00+02:00,25,1,24,0.10677168789919293,26,1,25,0.13434729751860394
2020-05-23 03:00:00+02:00,38,2,36,5.960450042509954,39,2,37,6.913338666308079
2020-05-23 04:00:00+02:00,48,3,45,9.964553643509852,52,2,50,14.472017643602554
2020-05-23 05:00:00+02:00,62,4,58,14.019247608895405,65,4,61,10.13470849860639
2020-05-23 06:00:00+02:00,101,6,95,14.022694861996197,105,6,99,16.343560716114418
2020-05-23 07:00:00+02:00,147,9,138,16.306492316544293,159,10,149,19.89258263570152
2020-05-23 08:00:00+02:00,206,11,195,20.90053052788098,208,12,196,18.807092053665322
2020-05-23 09:00:00+02:00,213,14,199,20.238518600536185,223,14,209,18.802339292525456
2020-05-23 10:00:00+02:00,187,12,175,15.611538170802525,198,12,186,20.173795644408123
2020-05-23 11:00:00+02:00,152,10,142,18.686880121910534,155,8,147,18.708796369633056
2020-05-23 12:00:00+02:00,145,8,137,19.922746131926434,158,8,150,19.40470350916573
2020-05-23 13:00:00+02:00,167,9,158,19.047083059371815,172,10,162,18.863206387348974
2020-05-23 14:00:00+02:00,154,8,146,19.868163821621103,155,8,147,18.708796369633056
2020-05-23 15:00:00+02:00,169,9,160,20.526675282456768,185,10,175,20.88033942284811
2020-05-23 16:00:00+02:00,172,10,162,18.863206387348974,186,9,177,20.400698976924794
2020-05-23 17:00:00+02:00,199,12,187,19.11274068140836,209,10,199,16.60419034744366
2020-05-23 18:00:00+02:00,190,11,179,20.182913119811044,197,10,187,19.118279085736297
2020-05-23 19:00:00+02:00,146,9,137,19.4340926707284,157,8,149,19.700921436065542
2020-05-23 20:00:00+02:00,142,8,134,19.57947604189084,146,8,138,19.4340926707284
2020-05-23 21:00:00+02:00,124,7,117,14.467255533674502,129,7,122,12.81298343964759
2020-05-23 22:00:00+02:00,100,6,94,12.129363492765288,105,7,98,16.343560716114418
2020-05-23 23:00:00+02:00,49,3,46,12.126419816698254,52,2,50,14.472017643602554
2020-05-24 00:00:00+02:00,21,0,21,0.0727095127790566,25,0,25,0.10677168789919293
2020-05-24 01:00:00+02:00,14,0,14,0.0,18,0,18,0.014449312499738909
2020-05-24 02:00:00+02:00,13,0,13,0.0,18,0,18,0.014449312499738909
2020-05-24 03:00:00+02:00,20,0,20,0.04910283862897408,25,0,25,0.10677168789919293
2020-05-24 04:00:00+02:00,29,1,28,0.5419439371488394,36,1,35,2.727177547566476
2020-05-24 05:00:00+02:00,36,1,35,2.727177547566476,48,1,47,9.964553643509852
2020-05-24 06:00:00+02:00,57,2,55,11.247345675463038,74,3,71,9.886934519670994
2020-05-24 07:00:00+02:00,87,3,84,9.504121716770046,119,3,116,9.275729661817119
2020-05-24 08:00:00+02:00,110,4,106,20.964248322238312,128,4,124,16.268122259148125
2020-05-24 09:00:00+02:00,118,4,114,16.65435568776215,166,6,160,16.094287115128708
2020-05-24 10:00:00+02:00,106,4,102,19.560878716092326,149,5,144,17.937448228249327
2020-05-24 11:00:00+02:00,82,3,79,8.6962433625344,98,3,95,9.366341704429512
2020-05-24 12:00:00+02:00,86,3,83,9.565861223121674,119,3,116,9.275729661817119
2020-05-24 13:00:00+02:00,89,3,86,10.527801976587284,98,4,94,9.366341704429512
2020-05-24 14:00:00+02:00,86,3,83,9.565861223121674,119,3,116,9.275729661817119
2020-05-24 15:00:00+02:00,96,4,92,10.792244903732447,127,4,123,18.022773693841014
2020-05-24 16:00:00+02:00,97,4,93,12.91170780960746,118,4,114,16.65435568776215
2020-05-24 17:00:00+02:00,117,4,113,13.539944397802945,135,5,130,20.27811899595658
2020-05-24 18:00:00+02:00,109,4,105,18.214376818550008,139,5,134,19.408576933840735
2020-05-24 19:00:00+02:00,89,3,86,10.527801976587284,90,3,87,10.477669283936715
2020-05-24 20:00:00+02:00,74,3,71,9.886934519670994,107,4,103,12.742346635562697
2020-05-24 21:00:00+02:00,73,2,71,10.015349835153332,86,3,83,9.565861223121674
2020-05-24 22:00:00+02:00,59,2,57,11.512224289105106,74,3,71,9.886934519670994
2020-05-24 23:00:00+02:00,29,1,28,0.5419439371488394,36,1,35,2.727177547566476
2020-05-25 00:00:00+02:00,39,3,36,6.782457974710225,37,4,33,2.066086063070793
2020-05-25 01:00:00+02:00,26,2,24,1.5382661455122164,26,2,24,1.5382661455122164
2020-05-25 02:00:00+02:00,24,2,22,1.5004308879154395,26,2,24,1.5382661455122164
2020-05-25 03:00:00+02:00,37,3,34,2.066086063070793,39,4,35,6.782457974710225
2020-05-25 04:00:00+02:00,60,5,55,10.583722413773145,62,6,56,14.48690450543278
2020-05-25 05:00:00+02:00,108,10,98,14.813734676069407,112,11,101,14.898852003445265
2020-05-25 06:00:00+02:00,136,13,123,16.594078125250377,142,16,126,21.623487252479663
2020-05-25 07:00:00+02:00,226,22,204,20.308697708911414,214,23,191,18.560318290748608
2020-05-25 08:00:00+02:00,239,24,215,13.74553452780325,235,29,206,20.674840106170866
2020-05-25 09:00:00+02:00,154,16,138,23.457384968254527,151,18,133,19.408157188048275
2020-05-25 10:00:00+02:00,128,11,117,19.601953989978306,128,12,116,19.601953989978306
2020-05-25 11:00:00+02:00,152,13,139,20.188330220444417,154,15,139,23.457384968254527
2020-05-25 12:00:00+02:00,123,13,110,19.074654696202938,128,14,114,19.601953989978306
2020-05-25 13:00:00+02:00,127,11,116,19.116953333289125,125,13,112,23.026828253397017
2020-05-25 14:00:00+02:00,127,11,116,19.116953333289125,125,13,112,23.026828253397017
2020-05-25 15:00:00+02:00,139,12,127,18.732486269107348,137,15,122,18.928795118329443
2020-05-25 16:00:00+02:00,145,14,131,18.85528596371164,157,17,140,23.857880119976507
2020-05-25 17:00:00+02:00,216,21,195,21.273439412003903,220,27,193,16.758079648934128
2020-05-25 18:00:00+02:00,228,21,207,15.818609956751573,225,22,203,17.07968654570721
2020-05-25 19:00:00+02:00,168,15,153,20.304807772345505,167,18,149,21.39117903937357
2020-05-25 20:00:00+02:00,166,16,150,18.57114730689396,170,20,150,19.775542485132945
2020-05-25 21:00:00+02:00,122,13,109,20.245567873519157,131,15,116,14.183230975852695
2020-05-25 22:00:00+02:00,89,8,81,17.562315027840828,89,8,81,17.562315027840828
2020-05-25 23:00:00+02:00,63,5,58,14.929801273937542,62,6,56,14.48690450543278
2020-05-26 00:00:00+02:00,33,2,31,5.985660510090718,39,3,36,6.782457974710225
2020-05-26 01:00:00+02:00,22,1,21,0.1277873501672996,26,2,24,1.5382661455122164
2020-05-26 02:00:00+02:00,25,2,23,1.1875344360364632,27,2,25,1.9016023008994223
2020-05-26 03:00:00+02:00,38,3,35,11.101073107969722,40,4,36,5.275608835029151
2020-05-26 04:00:00+02:00,62,5,57,14.48690450543278,62,5,57,14.48690450543278
2020-05-26 05:00:00+02:00,101,8,93,11.280950715811313,121,12,109,20.317620945183666
2020-05-26 06:00:00+02:00,138,11,127,20.21600799483387,138,14,124,20.21600799483387
2020-05-26 07:00:00+02:00,192,17,175,21.295822766447603,225,21,204,17.07968654570721
2020-05-26 08:00:00+02:00,218,18,200,22.57742359713229,242,27,215,20.990360069331732
2020-05-26 09:00:00+02:00,142,13,129,21.623487252479663,164,16,148,22.827361263214527
2020-05-26 10:00:00+02:00,129,10,119,17.995114557081255,131,11,120,14.183230975852695
2020-05-26 11:00:00+02:00,142,11,131,21.623487252479663,164,16,148,22.827361263214527
2020-05-26 12:00:00+02:00,129,10,119,17.995114557081255,131,11,120,14.183230975852695
2020-05-26 13:00:00+02:00,119,9,110,22.46945513312648,129,12,117,17.995114557081255
2020-05-26 14:00:00+02:00,119,9,110,22.46945513312648,129,12,117,17.995114557081255
2020-05-26 15:00:00+02:00,130,10,120,15.65660051079879,144,12,132,22.91915418498221
2020-05-26 16:00:00+02:00,139,13,126,18.732486269107348,150,15,135,17.939622434692456
2020-05-26 17:00:00+02:00,209,17,192,22.16757043059366,224,19,205,16.30248157536985
2020-05-26 18:00:00+02:00,213,17,196,20.488166305452438,246,24,222,17.57126233227549
2020-05-26 19:00:00+02:00,153,14,139,14.915022999208679,172,15,157,19.644113972447897
2020-05-26 20:00:00+02:00,155,15,140,19.469409355748308,165,18,147,20.56038540292619
2020-05-26 21:00:00+02:00,119,11,108,22.46945513312648,129,12,117,17.995114557081255
2020-05-26 22:00:00+02:00,83,6,77,18.699193296190067,90,9,81,13.960700117154147
2020-05-26 23:00:00+02:00,58,4,54,10.505136369992313,67,7,60,12.5039951599288
2020-05-27 00:00:00+02:00,38,4,34,7.590795833711637,34,3,31,11.019687492562438
2020-05-27 01:00:00+02:00,25,3,22,4.851536786659508,25,2,23,4.851536786659508
2020-05-27 02:00:00+02:00,25,2,23,4.851536786659508,25,2,23,4.851536786659508
2020-05-27 03:00:00+02:00,38,4,34,7.590795833711637,34,3,31,11.019687492562438
2020-05-27 04:00:00+02:00,63,7,56,13.630126271531418,62,6,56,12.779859753427614
2020-05-27 05:00:00+02:00,114,13,101,17.516346710171707,112,12,100,16.537505199847164
2020-05-27 06:00:00+02:00,140,19,121,17.88117043007633,141,14,127,16.082921323202
2020-05-27 07:00:00+02:00,214,24,190,24.48806340301503,203,19,184,21.5050173548228
2020-05-27 08:00:00+02:00,226,28,198,20.105295377891462,220,27,193,18.729640796362187
2020-05-27 09:00:00+02:00,153,19,134,18.89706115395996,139,16,123,21.474746575274906
2020-05-27 10:00:00+02:00,126,17,109,16.250667590352332,123,13,110,15.262138605096247
2020-05-27 11:00:00+02:00,153,18,135,18.89706115395996,139,16,123,21.474746575274906
2020-05-27 12:00:00+02:00,126,17,109,16.250667590352332,123,13,110,15.262138605096247
2020-05-27 13:00:00+02:00,127,15,112,19.95892802947898,120,14,106,10.291257377501918
2020-05-27 14:00:00+02:00,127,16,111,19.95892802947898,120,14,106,10.291257377501918
2020-05-27 15:00:00+02:00,140,18,122,17.88117043007633,141,14,127,16.082921323202
2020-05-27 16:00:00+02:00,151,17,134,19.198981193831877,149,16,133,18.476483571588744
2020-05-27 17:00:00+02:00,217,26,191,20.47500927792046,213,24,189,16.70464389525102
2020-05-27 18:00:00+02:00,232,26,206,24.606618615768106,205,22,183,18.29833304368066
2020-05-27 19:00:00+02:00,167,22,145,16.493575022686013,154,14,140,25.102227050596255
2020-05-27 20:00:00+02:00,167,21,146,16.493575022686013,154,14,140,25.102227050596255
2020-05-27 21:00:00+02:00,129,16,113,12.321757402623772,125,13,112,14.698947587184879
2020-05-27 22:00:00+02:00,89,11,78,16.127888447212325,79,9,70,16.621554061874914
2020-05-27 23:00:00+02:00,63,8,55,13.630126271531418,62,6,56,12.779859753427614
2020-05-28 00:00:00+02:00,35,2,33,7.122002820118646,36,5,31,3.0873599992209124
2020-05-28 01:00:00+02:00,23,1,22,0.4122417358964417,25,3,22,1.1875344360364632
2020-05-28 02:00:00+02:00,25,2,23,1.1875344360364632,25,3,22,1.1875344360364632
2020-05-28 03:00:00+02:00,37,3,34,2.066086063070793,38,5,33,11.101073107969722
2020-05-28 04:00:00+02:00,59,5,54,10.572210467564378,58,7,51,10.505136369992313
2020-05-28 05:00:00+02:00,106,9,97,12.94750706735717,114,18,96,18.09348958441383
2020-05-28 06:00:00+02:00,124,11,113,17.53992981591413,129,19,110,17.995114557081255
2020-05-28 07:00:00+02:00,195,14,181,23.83440770251287,216,27,189,21.273439412003903
2020-05-28 08:00:00+02:00,212,19,193,18.597605283865732,231,33,198,16.702836426900134
2020-05-28 09:00:00+02:00,140,10,130,15.331768592489755,140,20,120,15.331768592489755
2020-05-28 10:00:00+02:00,109,9,100,14.645038576883659,117,15,102,21.891304075969387
2020-05-28 11:00:00+02:00,150,12,138,17.939622434692456,153,18,135,14.915022999208679
2020-05-28 12:00:00+02:00,115,8,107,27.52702584121565,121,19,102,20.317620945183666
2020-05-28 13:00:00+02:00,122,9,113,20.245567873519157,128,19,109,19.601953989978306
2020-05-28 14:00:00+02:00,114,8,106,18.09348958441383,121,19,102,20.317620945183666
2020-05-28 15:00:00+02:00,134,10,124,14.701306049248211,135,21,114,21.280002906629502
2020-05-28 16:00:00+02:00,149,11,138,20.003285796587473,153,18,135,14.915022999208679
2020-05-28 17:00:00+02:00,196,15,181,20.04912381427717,216,27,189,21.273439412003903
2020-05-28 18:00:00+02:00,212,19,193,18.597605283865732,231,33,198,16.702836426900134
2020-05-28 19:00:00+02:00,152,11,141,20.188330220444417,162,21,141,19.08849102929865
2020-05-28 20:00:00+02:00,165,13,152,20.56038540292619,160,24,136,19.89239402952506
2020-05-28 21:00:00+02:00,127,10,117,19.116953333289125,117,15,102,21.891304075969387
2020-05-28 22:00:00+02:00,87,7,80,17.896548892855574,85,10,75,19.289671453475872
2020-05-28 23:00:00+02:00,56,4,52,10.152150256689218,64,8,56,14.414592943793718
2020-05-29 00:00:00+02:00,38,3,35,11.101073107969722,38,4,34,11.101073107969722
2020-05-29 01:00:00+02:00,25,2,23,1.1875344360364632,25,2,23,1.1875344360364632
2020-05-29 02:00:00+02:00,25,2,23,1.1875344360364632,25,2,23,1.1875344360364632
2020-05-29 03:00:00+02:00,37,3,34,2.066086063070793,38,4,34,11.101073107969722
2020-05-29 04:00:00+02:00,63,6,57,14.929801273937542,58,5,53,10.505136369992313
2020-05-29 05:00:00+02:00,113,12,101,20.093188266697116,113,11,102,20.093188266697116
2020-05-29 06:00:00+02:00,140,13,127,15.331768592489755,129,13,116,17.995114557081255
2020-05-29 07:00:00+02:00,210,19,191,16.3212742992447,212,18,194,18.597605283865732
2020-05-29 08:00:00+02:00,228,23,205,15.818609956751573,211,19,192,18.759232281731908
2020-05-29 09:00:00+02:00,147,14,133,20.208056467665056,153,13,140,14.915022999208679
2020-05-29 10:00:00+02:00,124,11,113,17.53992981591413,117,12,105,21.891304075969387
2020-05-29 11:00:00+02:00,153,15,138,14.915022999208679,148,13,135,18.058884943386857
2020-05-29 12:00:00+02:00,129,13,116,17.995114557081255,123,10,113,19.074654696202938
2020-05-29 13:00:00+02:00,124,12,112,17.53992981591413,117,12,105,21.891304075969387
2020-05-29 14:00:00+02:00,128,12,116,19.601953989978306,123,10,113,19.074654696202938
2020-05-29 15:00:00+02:00,136,14,122,16.594078125250377,138,14,124,20.21600799483387
2020-05-29 16:00:00+02:00,145,14,131,18.85528596371164,154,15,139,23.457384968254527
2020-05-29 17:00:00+02:00,207,22,185,21.877297854955202,202,19,183,22.500350864850866
2020-05-29 18:00:00+02:00,218,21,197,22.57742359713229,227,25,202,19.269071808142694
2020-05-29 19:00:00+02:00,158,15,143,21.67102174389251,159,15,144,17.78748005044877
2020-05-29 20:00:00+02:00,160,14,146,19.89239402952506,159,13,146,17.78748005044877
2020-05-29 21:00:00+02:00,123,11,112,19.074654696202938,123,12,111,19.074654696202938
2020-05-29 22:00:00+02:00,86,8,78,21.204994436842384,85,7,78,19.289671453475872
2020-05-29 23:00:00+02:00,61,6,55,12.362973378192347,58,5,53,10.505136369992313
2020-05-30 00:00:00+02:00,37,2,35,3.5125252112896685,39,2,37,6.913338666308079
2020-05-30 01:00:00+02:00,24,1,23,0.16633697306049489,26,1,25,0.13434729751860394
2020-05-30 02:00:00+02:00,25,1,24,0.10677168789919293,26,1,25,0.13434729751860394
2020-05-30 03:00:00+02:00,38,2,36,5.960450042509954,39,2,37,6.913338666308079
2020-05-30 04:00:00+02:00,48,3,45,9.964553643509852,52,2,50,14.472017643602554
2020-05-30 05:00:00+02:00,62,4,58,14.019247608895405,65,4,61,10.13470849860639
2020-05-30 06:00:00+02:00,101,6,95,14.022694861996197,105,6,99,16.343560716114418
2020-05-30 07:00:00+02:00,147,9,138,16.306492316544293,159,10,149,19.89258263570152
2020-05-30 08:00:00+02:00,206,11,195,20.90053052788098,208,12,196,18.807092053665322
2020-05-30 09:00:00+02:00,213,14,199,20.238518600536185,223,14,209,18.802339292525456
2020-05-30 10:00:00+02:00,187,12,175,15.611538170802525,198,12,186,20.173795644408123
2020-05-30 11:00:00+02:00,152,10,142,18.686880121910534,155,8,147,18.708796369633056
2020-05-30 12:00:00+02:00,145,8,137,19.922746131926434,158,8,150,19.40470350916573
2020-05-30 13:00:00+02:00,167,9,158,19.047083059371815,172,10,162,18.863206387348974
2020-05-30 14:00:00+02:00,154,8,146,19.868163821621103,155,8,147,18.708796369633056
2020-05-30 15:00:00+02:00,169,9,160,20.526675282456768,185,10,175,20.88033942284811
2020-05-30 16:00:00+02:00,172,10,162,18.863206387348974,186,9,177,20.400698976924794
2020-05-30 17:00:00+02:00,199,12,187,19.11274068140836,209,10,199,16.60419034744366
2020-05-30 18:00:00+02:00,190,11,179,20.182913119811044,197,10,187,19.118279085736297
2020-05-30 19:00:00+02:00,146,9,137,19.4340926707284,157,8,149,19.700921436065542
2020-05-30 20:00:00+02:00,142,8,134,19.57947604189084,146,8,138,19.4340926707284
2020-05-30 21:00:00+02:00,124,7,117,14.467255533674502,129,7,122,12.81298343964759
2020-05-30 22:00:00+02:00,100,6,94,12.129363492765288,105,7,98,16.343560716114418
2020-05-30 23:00:00+02:00,49,3,46,12.126419816698254,52,2,50,14.472017643602554
2020-05-31 00:00:00+02:00,21,0,21,0.0727095127790566,25,0,25,0.10677168789919293
2020-05-31 01:00:00+02:00,14,0,14,0.0,18,0,18,0.014449312499738909
2020-05-31 02:00:00+02:00,13,0,13,0.0,18,0,18,0.014449312499738909
2020-05-31 03:00:00+02:00,20,0,20,0.04910283862897408,25,0,25,0.10677168789919293
2020-05-31 04:00:00+02:00,29,1,28,0.5419439371488394,36,1,35,2.727177547566476
2020-05-31 05:00:00+02:00,36,1,35,2.727177547566476,48,1,47,9.964553643509852
2020-05-31 06:00:00+02:00,57,2,55,11.247345675463038,74,3,71,9.886934519670994
2020-05-31 07:00:00+02:00,87,3,84,9.504121716770046,119,3,116,9.275729661817119
2020-05-31 08:00:00+02:00,110,4,106,20.964248322238312,128,4,124,16.268122259148125
2020-05-31 09:00:00+02:00,118,4,114,16.65435568776215,166,6,160,16.094287115128708
2020-05-31 10:00:00+02:00,106,4,102,19.560878716092326,149,5,144,17.937448228249327
2020-05-31 11:00:00+02:00,82,3,79,8.6962433625344,98,3,95,9.366341704429512
2020-05-31 12:00:00+02:00,86,3,83,9.565861223121674,119,3,116,9.275729661817119
2020-05-31 13:00:00+02:00,89,3,86,10.527801976587284,98,4,94,9.366341704429512
2020-05-31 14:00:00+02:00,86,3,83,9.565861223121674,119,3,116,9.275729661817119
2020-05-31 15:00:00+02:00,96,4,92,10.792244903732447,127,4,123,18.022773693841014
2020-05-31 16:00:00+02:00,97,4,93,12.91170780960746,118,4,114,16.65435568776215
2020-05-31 17:00:00+02:00,117,4,113,13.539944397802945,135,5,130,20.27811899595658
2020-05-31 18:00:00+02:00,109,4,105,18.214376818550008,139,5,134,19.408576933840735
2020-05-31 19:00:00+02:00,89,3,86,10.527801976587284,90,3,87,10.477669283936715
2020-05-31 20:00:00+02:00,74,3,71,9.886934519670994,107,4,103,12.742346635562697
2020-05-31 21:00:00+02:00,73,2,71,10.015349835153332,86,3,83,9.565861223121674
2020-05-31 22:00:00+02:00,59,2,57,11.512224289105106,74,3,71,9.886934519670994
2020-05-31 23:00:00+02:00,29,1,28,0.5419439371488394,36,1,35,2.727177547566476
2020-06-01 00:00:00+02:00,39,3,36,6.782457974710225,37,4,33,2.066086063070793
2020-06-01 01:00:00+02:00,26,2,24,1.5382661455122164,26,2,24,1.5382661455122164
2020-06-01 02:00:00+02:00,24,2,22,1.5004308879154395,26,2,24,1.5382661455122164
2020-06-01 03:00:00+02:00,37,3,34,2.066086063070793,39,4,35,6.782457974710225
2020-06-01 04:00:00+02:00,60,5,55,10.583722413773145,62,6,56,14.48690450543278
2020-06-01 05:00:00+02:00,108,10,98,14.813734676069407,112,11,101,14.898852003445265
2020-06-01 06:00:00+02:00,136,13,123,16.594078125250377,142,16,126,21.623487252479663
2020-06-01 07:00:00+02:00,226,22,204,20.308697708911414,214,23,191,18.560318290748608
2020-06-01 08:00:00+02:00,239,24,215,13.74553452780325,235,29,206,20.674840106170866
2020-06-01 09:00:00+02:00,154,16,138,23.457384968254527,151,18,133,19.408157188048275
2020-06-01 10:00:00+02:00,128,11,117,19.601953989978306,128,12,116,19.601953989978306
2020-06-01 11:00:00+02:00,152,13,139,20.188330220444417,154,15,139,23.457384968254527
2020-06-01 12:00:00+02:00,123,13,110,19.074654696202938,128,14,114,19.601953989978306
2020-06-01 13:00:00+02:00,127,11,116,19.116953333289125,125,13,112,23.026828253397017
2020-06-01 14:00:00+02:00,127,11,116,19.116953333289125,125,13,112,23.026828253397017
2020-06-01 15:00:00+02:00,139,12,127,18.732486269107348,137,15,122,18.928795118329443
2020-06-01 16:00:00+02:00,145,14,131,18.85528596371164,157,17,140,23.857880119976507
2020-06-01 17:00:00+02:00,216,21,195,21.273439412003903,220,27,193,16.758079648934128
2020-06-01 18:00:00+02:00,228,21,207,15.818609956751573,225,22,203,17.07968654570721
2020-06-01 19:00:00+02:00,168,15,153,20.304807772345505,167,18,149,21.39117903937357
2020-06-01 20:00:00+02:00,166,16,150,18.57114730689396,170,20,150,19.775542485132945
2020-06-01 21:00:00+02:00,122,13,109,20.245567873519157,131,15,116,14.183230975852695
2020-06-01 22:00:00+02:00,89,8,81,17.562315027840828,89,8,81,17.562315027840828
2020-06-01 23:00:00+02:00,63,5,58,14.929801273937542,62,6,56,14.48690450543278
2020-06-02 00:00:00+02:00,33,2,31,5.985660510090718,39,3,36,6.782457974710225
2020-06-02 01:00:00+02:00,22,1,21,0.1277873501672996,26,2,24,1.5382661455122164
2020-06-02 02:00:00+02:00,25,2,23,1.1875344360364632,27,2,25,1.9016023008994223
2020-06-02 03:00:00+02:00,38,3,35,11.101073107969722,40,4,36,5.275608835029151
2020-06-02 04:00:00+02:00,62,5,57,14.48690450543278,62,5,57,14.48690450543278
2020-06-02 05:00:00+02:00,101,8,93,11.280950715811313,121,12,109,20.317620945183666
2020-06-02 06:00:00+02:00,138,11,127,20.21600799483387,138,14,124,20.21600799483387
2020-06-02 07:00:00+02:00,192,17,175,21.295822766447603,225,21,204,17.07968654570721
2020-06-02 08:00:00+02:00,218,18,200,22.57742359713229,242,27,215,20.990360069331732
2020-06-02 09:00:00+02:00,142,13,129,21.623487252479663,164,16,148,22.827361263214527
2020-06-02 10:00:00+02:00,129,10,119,17.995114557081255,131,11,120,14.183230975852695
2020-06-02 11:00:00+02:00,142,11,131,21.623487252479663,164,16,148,22.827361263214527
2020-06-02 12:00:00+02:00,129,10,119,17.995114557081255,131,11,120,14.183230975852695
2020-06-02 13:00:00+02:00,119,9,110,22.46945513312648,129,12,117,17.995114557081255
2020-06-02 14:00:00+02:00,119,9,110,22.46945513312648,129,12,117,17.995114557081255
2020-06-02 15:00:00+02:00,130,10,120,15.65660051079879,144,12,132,22.91915418498221
2020-06-02 16:00:00+02:00,139,13,126,18.732486269107348,150,15,135,17.939622434692456
2020-06-02 17:00:00+02:00,209,17,192,22.16757043059366,224,19,205,16.30248157536985
2020-06-02 18:00:00+02:00,213,17,196,20.488166305452438,246,24,222,17.57126233227549
2020-06-02 19:00:00+02:00,153,14,139,14.915022999208679,172,15,157,19.644113972447897
2020-06-02 20:00:00+02:00,155,15,140,19.469409355748308,165,18,147,20.56038540292619
2020-06-02 21:00:00+02:00,119,11,108,22.46945513312648,129,12,117,17.995114557081255
2020-06-02 22:00:00+02:00,83,6,77,18.699193296190067,90,9,81,13.960700117154147
2020-06-02 23:00:00+02:00,58,4,54,10.505136369992313,67,7,60,12.5039951599288
2020-06-03 00:00:00+02:00,38,4,34,7.590795833711637,34,3,31,11.019687492562438
2020-06-03 01:00:00+02:00,25,3,22,4.851536786659508,25,2,23,4.851536786659508
2020-06-03 02:00:00+02:00,25,2,23,4.851536786659508,25,2,23,4.851536786659508
2020-06-03 03:00:00+02:00,38,4,34,7.590795833711637,34,3,31,11.019687492562438
2020-06-03 04:00:00+02:00,63,7,56,13.630126271531418,62,6,56,12.779859753427614
2020-06-03 05:00:00+02:00,114,13,101,17.516346710171707,112,12,100,16.537505199847164
2020-06-03 06:00:00+02:00,140,19,121,17.88117043007633,141,14,127,16.082921323202
2020-06-03 07:00:00+02:00,214,24,190,24.48806340301503,203,19,184,21.5050173548228
2020-06-03 08:00:00+02:00,226,28,198,20.105295377891462,220,27,193,18.729640796362187
2020-06-03 09:00:00+02:00,153,19,134,18.89706115395996,139,16,123,21.474746575274906
2020-06-03 10:00:00+02:00,126,17,109,16.250667590352332,123,13,110,15.262138605096247
2020-06-03 11:00:00+02:00,153,18,135,18.89706115395996,139,16,123,21.474746575274906
2020-06-03 12:00:00+02:00,126,17,109,16.250667590352332,123,13,110,15.262138605096247
2020-06-03 13:00:00+02:00,127,15,112,19.95892802947898,120,14,106,10.291257377501918
2020-06-03 14:00:00+02:00,127,16,111,19.95892802947898,120,14,106,10.291257377501918
2020-06-03 15:00:00+02:00,140,18,122,17.88117043007633,141,14,127,16.082921323202
2020-06-03 16:00:00+02:00,151,17,134,19.198981193831877,149,16,133,18.476483571588744
2020-06-03 17:00:00+02:00,217,26,191,20.47500927792046,213,24,189,16.70464389525102
2020-06-03 18:00:00+02:00,232,26,206,24.606618615768106,205,22,183,18.29833304368066
2020-06-03 19:00:00+02:00,167,22,145,16.493575022686013,154,14,140,25.102227050596255
2020-06-03 20:00:00+02:00,167,21,146,16.493575022686013,154,14,140,25.102227050596255
2020-06-03 21:00:00+02:00,129,16,113,12.321757402623772,125,13,112,14.698947587184879
2020-06-03 22:00:00+02:00,89,11,78,16.127888447212325,79,9,70,16.621554061874914
2020-06-03 23:00:00+02:00,63,8,55,13.630126271531418,62,6,56,12.779859753427614
2020-06-04 00:00:00+02:00,35,2,33,7.122002820118646,36,5,31,3.0873599992209124
2020-06-04 01:00:00+02:00,23,1,22,0.4122417358964417,25,3,22,1.1875344360364632
2020-06-04 02:00:00+02:00,25,2,23,1.1875344360364632,25,3,22,1.1875344360364632
2020-06-04 03:00:00+02:00,37,3,34,2.066086063070793,38,5,33,11.101073107969722
2020-06-04 04:00:00+02:00,59,5,54,10.572210467564378,58,7,51,10.505136369992313
2020-06-04 05:00:00+02:00,106,9,97,12.94750706735717,114,18,96,18.09348958441383
2020-06-04 06:00:00+02:00,124,11,113,17.53992981591413,129,19,110,17.995114557081255
2020-06-04 07:00:00+02:00,195,14,181,23.83440770251287,216,27,189,21.273439412003903
2020-06-04 08:00:00+02:00,212,19,193,18.597605283865732,231,33,198,16.702836426900134
2020-06-04 09:00:00+02:00,140,10,130,15.331768592489755,140,20,120,15.331768592489755
2020-06-04 10:00:00+02:00,109,9,100,14.645038576883659,117,15,102,21.891304075969387
2020-06-04 11:00:00+02:00,150,12,138,17.939622434692456,153,18,135,14.915022999208679
2020-06-04 12:00:00+02:00,115,8,107,27.52702584121565,121,19,102,20.317620945183666
2020-06-04 13:00:00+02:00,122,9,113,20.245567873519157,128,19,109,19.601953989978306
2020-06-04 14:00:00+02:00,114,8,106,18.09348958441383,121,19,102,20.317620945183666
2020-06-04 15:00:00+02:00,134,10,124,14.701306049248211,135,21,114,21.280002906629502
2020-06-04 16:00:00+02:00,149,11,138,20.003285796587473,153,18,135,14.915022999208679
2020-06-04 17:00:00+02:00,196,15,181,20.04912381427717,216,27,189,21.273439412003903
2020-06-04 18:00:00+02:00,212,19,193,18.597605283865732,231,33,198,16.702836426900134
2020-06-04 19:00:00+02:00,152,11,141,20.188330220444417,162,21,141,19.08849102929865
2020-06-04 20:00:00+02:00,165,13,152,20.56038540292619,160,24,136,19.89239402952506
2020-06-04 21:00:00+02:00,127,10,117,19.116953333289125,117,15,102,21.891304075969387
2020-06-04 22:00:00+02:00,87,7,80,17.896548892855574,85,10,75,19.289671453475872
2020-06-04 23:00:00+02:00,56,4,52,10.152150256689218,64,8,56,14.414592943793718
2020-06-05 00:00:00+02:00,38,3,35,11.101073107969722,38,4,34,11.101073107969722
2020-06-05 01:00:00+02:00,25,2,23,1.1875344360364632,25,2,23,1.1875344360364632
2020-06-05 02:00:00+02:00,25,2,23,1.1875344360364632,25,2,23,1.1875344360364632
2020-06-05 03:00:00+02:00,37,3,34,2.066086063070793,38,4,34,11.101073107969722
2020-06-05 04:00:00+02:00,63,6,57,14.929801273937542,58,5,53,10.505136369992313
2020-06-05 05:00:00+02:00,113,12,101,20.093188266697116,113,11,102,20.093188266697116
2020-06-05 06:00:00+02:00,140,13,127,15.331768592489755,129,13,116,17.995114557081255
2020-06-05 07:00:00+02:00,210,19,191,16.3212742992447,212,18,194,18.597605283865732
2020-06-05 08:00:00+02:00,228,23,205,15.818609956751573,211,19,192,18.759232281731908
2020-06-05 09:00:00+02:00,147,14,133,20.208056467665056,153,13,140,14.915022999208679
2020-06-05 10:00:00+02:00,124,11,113,17.53992981591413,117,12,105,21.891304075969387
2020-06-05 11:00:00+02:00,153,15,138,14.915022999208679,148,13,135,18.058884943386857
2020-06-05 12:00:00+02:00,129,13,116,17.995114557081255,123,10,113,19.074654696202938
2020-06-05 13:00:00+02:00,124,12,112,17.53992981591413,117,12,105,21.891304075969387
2020-06-05 14:00:00+02:00,128,12,116,19.601953989978306,123,10,113,19.074654696202938
2020-06-05 15:00:00+02:00,136,14,122,16.594078125250377,138,14,124,20.21600799483387
2020-06-05 16:00:00+02:00,145,14,131,18.85528596371164,154,15,139,23.457384968254527
2020-06-05 17:00:00+02:00,207,22,185,21.877297854955202,202,19,183,22.500350864850866
2020-06-05 18:00:00+02:00,218,21,197,22.57742359713229,227,25,202,19.269071808142694
2020-06-05 19:00:00+02:00,158,15,143,21.67102174389251,159,15,144,17.78748005044877
2020-06-05 20:00:00+02:00,160,14,146,19.89239402952506,159,13,146,17.78748005044877
2020-06-05 21:00:00+02:00,123,11,112,19.074654696202938,123,12,111,19.074654696202938
2020-06-05 22:00:00+02:00,86,8,78,21.204994436842384,85,7,78,19.289671453475872
2020-06-05 23:00:00+02:00,61,6,55,12.362973378192347,58,5,53,10.505136369992313
2020-06-06 00:00:00+02:00,37,2,35,3.5125252112896685,39,2,37,6.913338666308079
2020-06-06 01:00:00+02:00,24,1,23,0.16633697306049489,26,1,25,0.13434729751860394
2020-06-06 02:00:00+02:00,25,1,24,0.10677168789919293,26,1,25,0.13434729751860394
2020-06-06 03:00:00+02:00,38,2,36,5.960450042509954,39,2,37,6.913338666308079
2020-06-06 04:00:00+02:00,48,3,45,9.964553643509852,52,2,50,14.472017643602554
2020-06-06 05:00:00+02:00,62,4,58,14.019247608895405,65,4,61,10.13470849860639
2020-06-06 06:00:00+02:00,101,6,95,14.022694861996197,105,6,99,16.343560716114418
2020-06-06 07:00:00+02:00,147,9,138,16.306492316544293,159,10,149,19.89258263570152
2020-06-06 08:00:00+02:00,206,11,195,20.90053052788098,208,12,196,18.807092053665322
2020-06-06 09:00:00+02:00,213,14,199,20.238518600536185,223,14,209,18.802339292525456
2020-06-06 10:00:00+02:00,187,12,175,15.611538170802525,198,12,186,20.173795644408123
2020-06-06 11:00:00+02:00,152,10,142,18.686880121910534,155,8,147,18.708796369633056
2020-06-06 12:00:00+02:00,145,8,137,19.922746131926434,158,8,150,19.40470350916573
2020-06-06 13:00:00+02:00,167,9,158,19.047083059371815,172,10,162,18.863206387348974
2020-06-06 14:00:00+02:00,154,8,146,19.868163821621103,155,8,147,18.708796369633056
2020-06-06 15:00:00+02:00,169,9,160,20.526675282456768,185,10,175,20.88033942284811
2020-06-06 16:00:00+02:00,172,10,162,18.863206387348974,186,9,177,20.400698976924794
2020-06-06 17:00:00+02:00,199,12,187,19.11274068140836,209,10,199,16.60419034744366
2020-06-06 18:00:00+02:00,190,11,179,20.182913119811044,197,10,187,19.118279085736297
2020-06-06 19:00:00+02:00,146,9,137,19.4340926707284,157,8,149,19.700921436065542
2020-06-06 20:00:00+02:00,142,8,134,19.57947604189084,146,8,138,19.4340926707284
2020-06-06 21:00:00+02:00,124,7,117,14.467255533674502,129,7,122,12.81298343964759
2020-06-06 22:00:00+02:00,100,6,94,12.129363492765288,105,7,98,16.343560716114418
2020-06-06 23:00:00+02:00,49,3,46,12.126419816698254,52,2,50,14.472017643602554
2020-06-07 00:00:00+02:00,21,0,21,0.0727095127790566,25,0,25,0.10677168789919293
2020-06-07 01:00:00+02:00,14,0,14,0.0,18,0,18,0.014449312499738909
2020-06-07 02:00:00+02:00,13,0,13,0.0,18,0,18,0.014449312499738909
2020-06-07 03:00:00+02:00,20,0,20,0.04910283862897408,25,0,25,0.10677168789919293
2020-06-07 04:00:00+02:00,29,1,28,0.5419439371488394,36,1,35,2.727177547566476
2020-06-07 05:00:00+02:00,36,1,35,2.727177547566476,48,1,47,9.964553643509852
2020-06-07 06:00:00+02:00,57,2,55,11.247345675463038,74,3,71,9.886934519670994
2020-06-07 07:00:00+02:00,87,3,84,9.504121716770046,119,3,116,9.275729661817119
2020-06-07 08:00:00+02:00,110,4,106,20.964248322238312,128,4,124,16.268122259148125
2020-06-07 09:00:00+02:00,118,4,114,16.65435568776215,166,6,160,16.094287115128708
2020-06-07 10:00:00+02:00,106,4,102,19.560878716092326,149,5,144,17.937448228249327
2020-06-07 11:00:00+02:00,82,3,79,8.6962433625344,98,3,95,9.366341704429512
2020-06-07 12:00:00+02:00,86,3,83,9.565861223121674,119,3,116,9.275729661817119
2020-06-07 13:00:00+02:00,89,3,86,10.527801976587284,98,4,94,9.366341704429512
2020-06-07 14:00:00+02:00,86,3,83,9.565861223121674,119,3,116,9.275729661817119
2020-06-07 15:00:00+02:00,96,4,92,10.792244903732447,127,4,123,18.022773693841014
2020-06-07 16:00:00+02:00,97,4,93,12.91170780960746,118,4,114,16.65435568776215
2020-06-07 17:00:00+02:00,117,4,113,13.539944397802945,135,5,130,20.27811899595658
2020-06-07 18:00:00+02:00,109,4,105,18.214376818550008,139,5,134,19.408576933840735
2020-06-07 19:00:00+02:00,89,3,86,10.527801976587284,90,3,87,10.477669283936715
2020-06-07 20:00:00+02:00,74,3,71,9.886934519670994,107,4,103,12.742346635562697
2020-06-07 21:00:00+02:00,73,2,71,10.015349835153332,86,3,83,9.565861223121674
2020-06-07 22:00:00+02:00,59,2,57,11.512224289105106,74,3,71,9.886934519670994
2020-06-07 23:00:00+02:00,29,1,28,0.5419439371488394,36,1,35,2.727177547566476
2020-06-08 00:00:00+02:00,39,3,36,6.782457974710225,37,4,33,2.066086063070793
2020-06-08 01:00:00+02:00,26,2,24,1.5382661455122164,26,2,24,1.5382661455122164
2020-06-08 02:00:00+02:00,24,2,22,1.5004308879154395,26,2,24,1.5382661455122164
2020-06-08 03:00:00+02:00,37,3,34,2.066086063070793,39,4,35,6.782457974710225
2020-06-08 04:00:00+02:00,60,5,55,10.583722413773145,62,6,56,14.48690450543278
2020-06-08 05:00:00+02:00,108,10,98,14.813734676069407,112,11,101,14.898852003445265
2020-06-08 06:00:00+02:00,136,13,123,16.594078125250377,142,16,126,21.623487252479663
2020-06-08 07:00:00+02:00,226,22,204,20.308697708911414,214,23,191,18.560318290748608
2020-06-08 08:00:00+02:00,239,24,215,13.74553452780325,235,29,206,20.674840106170866
2020-06-08 09:00:00+02:00,154,16,138,23.457384968254527,151,18,133,19.408157188048275
2020-06-08 10:00:00+02:00,128,11,117,19.601953989978306,128,12,116,19.601953989978306
2020-06-08 11:00:00+02:00,152,13,139,20.188330220444417,154,15,139,23.457384968254527
2020-06-08 12:00:00+02:00,123,13,110,19.074654696202938,128,14,114,19.601953989978306
2020-06-08 13:00:00+02:00,127,11,116,19.116953333289125,125,13,112,23.026828253397017
2020-06-08 14:00:00+02:00,127,11,116,19.116953333289125,125,13,112,23.026828253397017
2020-06-08 15:00:00+02:00,139,12,127,18.732486269107348,137,15,122,18.928795118329443
2020-06-08 16:00:00+02:00,145,14,131,18.85528596371164,157,17,140,23.857880119976507
2020-06-08 17:00:00+02:00,216,21,195,21.273439412003903,220,27,193,16.758079648934128
2020-06-08 18:00:00+02:00,228,21,207,15.818609956751573,225,22,203,17.07968654570721
2020-06-08 19:00:00+02:00,168,15,153,20.304807772345505,167,18,149,21.39117903937357
2020-06-08 20:00:00+02:00,166,16,150,18.57114730689396,170,20,150,19.775542485132945
2020-06-08 21:00:00+02:00,122,13,109,20.245567873519157,131,15,116,14.183230975852695
2020-06-08 22:00:00+02:00,89,8,81,17.562315027840828,89,8,81,17.562315027840828
2020-06-08 23:00:00+02:00,63,5,58,14.929801273937542,62,6,56,14.48690450543278
2020-06-09 00:00:00+02:00,33,2,31,5.985660510090718,39,3,36,6.782457974710225
2020-06-09 01:00:00+02:00,22,1,21,0.1277873501672996,26,2,24,1.5382661455122164
2020-06-09 02:00:00+02:00,25,2,23,1.1875344360364632,27,2,25,1.9016023008994223
2020-06-09 03:00:00+02:00,38,3,35,11.101073107969722,40,4,36,5.275608835029151
2020-06-09 04:00:00+02:00,62,5,57,14.48690450543278,62,5,57,14.48690450543278
2020-06-09 05:00:00+02:00,101,8,93,11.280950715811313,121,12,109,20.317620945183666
2020-06-09 06:00:00+02:00,138,11,127,20.21600799483387,138,14,124,20.21600799483387
2020-06-09 07:00:00+02:00,192,17,175,21.295822766447603,225,21,204,17.07968654570721
2020-06-09 08:00:00+02:00,218,18,200,22.57742359713229,242,27,215,20.990360069331732
2020-06-09 09:00:00+02:00,142,13,129,21.623487252479663,164,16,148,22.827361263214527
2020-06-09 10:00:00+02:00,129,10,119,17.995114557081255,131,11,120,14.183230975852695
2020-06-09 11:00:00+02:00,142,11,131,21.623487252479663,164,16,148,22.827361263214527
2020-06-09 12:00:00+02:00,129,10,119,17.995114557081255,131,11,120,14.183230975852695
2020-06-09 13:00:00+02:00,119,9,110,22.46945513312648,129,12,117,17.995114557081255
2020-06-09 14:00:00+02:00,119,9,110,22.46945513312648,129,12,117,17.995114557081255
2020-06-09 15:00:00+02:00,130,10,120,15.65660051079879,144,12,132,22.91915418498221
2020-06-09 16:00:00+02:00,139,13,126,18.732486269107348,150,15,135,17.939622434692456
2020-06-09 17:00:00+02:00,209,17,192,22.16757043059366,224,19,205,16.30248157536985
2020-06-09 18:00:00+02:00,213,17,196,20.488166305452438,246,24,222,17.57126233227549
2020-06-09 19:00:00+02:00,153,14,139,14.915022999208679,172,15,157,19.644113972447897
2020-06-09 20:00:00+02:00,155,15,140,19.469409355748308,165,18,147,20.56038540292619
2020-06-09 21:00:00+02:00,119,11,108,22.46945513312648,129,12,117,17.995114557081255
2020-06-09 22:00:00+02:00,83,6,77,18.699193296190067,90,9,81,13.960700117154147
2020-06-09 23:00:00+02:00,58,4,54,10.505136369992313,67,7,60,12.5039951599288
2020-06-10 00:00:00+02:00,38,4,34,7.590795833711637,34,3,31,11.019687492562438
2020-06-10 01:00:00+02:00,25,3,22,4.851536786659508,25,2,23,4.851536786659508
2020-06-10 02:00:00+02:00,25,2,23,4.851536786659508,25,2,23,4.851536786659508
2020-06-10 03:00:00+02:00,38,4,34,7.590795833711637,34,3,31,11.019687492562438
2020-06-10 04:00:00+02:00,63,7,56,13.630126271531418,62,6,56,12.779859753427614
2020-06-10 05:00:00+02:00,114,13,101,17.516346710171707,112,12,100,16.537505199847164
2020-06-10 06:00:00+02:00,140,19,121,17.88117043007633,141,14,127,16.082921323202
2020-06-10 07:00:00+02:00,214,24,190,24.48806340301503,203,19,184,21.5050173548228
2020-06-10 08:00:00+02:00,226,28,198,20.105295377891462,220,27,193,18.729640796362187
2020-06-10 09:00:00+02:00,153,19,134,18.89706115395996,139,16,123,21.474746575274906
2020-06-10 10:00:00+02:00,126,17,109,16.250667590352332,123,13,110,15.262138605096247
2020-06-10 11:00:00+02:00,153,18,135,18.89706115395996,139,16,123,21.474746575274906
2020-06-10 12:00:00+02:00,126,17,109,16.250667590352332,123,13,110,15.262138605096247
2020-06-10 13:00:00+02:00,127,15,112,19.95892802947898,120,14,106,10.291257377501918
2020-06-10 14:00:00+02:00,127,16,111,19.95892802947898,120,14,106,10.291257377501918
2020-06-10 15:00:00+02:00,140,18,122,17.88117043007633,141,14,127,16.082921323202
2020-06-10 16:00:00+02:00,151,17,134,19.198981193831877,149,16,133,18.476483571588744
2020-06-10 17:00:00+02:00,217,26,191,20.47500927792046,213,24,189,16.70464389525102
2020-06-10 18:00:00+02:00,232,26,206,24.606618615768106,205,22,183,18.29833304368066
2020-06-10 19:00:00+02:00,167,22,145,16.493575022686013,154,14,140,25.102227050596255
2020-06-10 20:00:00+02:00,167,21,146,16.493575022686013,154,14,140,25.102227050596255
2020-06-10 21:00:00+02:00,129,16,113,12.321757402623772,125,13,112,14.698947587184879
2020-06-10 22:00:00+02:00,89,11,78,16.127888447212325,79,9,70,16.621554061874914
2020-06-10 23:00:00+02:00,63,8,55,13.630126271531418,62,6,56,12.779859753427614
2020-06-11 00:00:00+02:00,35,2,33,7.122002820118646,36,5,31,3.0873599992209124
2020-06-11 01:00:00+02:00,23,1,22,0.4122417358964417,25,3,22,1.1875344360364632
2020-06-11 02:00:00+02:00,25,2,23,1.1875344360364632,25,3,22,1.1875344360364632
2020-06-11 03:00:00+02:00,37,3,34,2.066086063070793,38,5,33,11.101073107969722
2020-06-11 04:00:00+02:00,59,5,54,10.572210467564378,58,7,51,10.505136369992313
2020-06-11 05:00:00+02:00,106,9,97,12.94750706735717,114,18,96,18.09348958441383
2020-06-11 06:00:00+02:00,124,11,113,17.53992981591413,129,19,110,17.995114557081255
2020-06-11 07:00:00+02:00,195,14,181,23.83440770251287,216,27,189,21.273439412003903
2020-06-11 08:00:00+02:00,212,19,193,18.597605283865732,231,33,198,16.702836426900134
2020-06-11 09:00:00+02:00,140,10,130,15.331768592489755,140,20,120,15.331768592489755
2020-06-11 10:00:00+02:00,109,9,100,14.645038576883659,117,15,102,21.891304075969387
2020-06-11 11:00:00+02:00,150,12,138,17.939622434692456,153,18,135,14.915022999208679
2020-06-11 12:00:00+02:00,115,8,107,27.52702584121565,121,19,102,20.317620945183666
2020-06-11 13:00:00+02:00,122,9,113,20.245567873519157,128,19,109,19.601953989978306
2020-06-11 14:00:00+02:00,114,8,106,18.09348958441383,121,19,102,20.317620945183666
2020-06-11 15:00:00+02:00,134,10,124,14.701306049248211,135,21,114,21.280002906629502
2020-06-11 16:00:00+02:00,149,11,138,20.003285796587473,153,18,135,14.915022999208679
2020-06-11 17:00:00+02:00,196,15,181,20.04912381427717,216,27,189,21.273439412003903
2020-06-11 18:00:00+02:00,212,19,193,18.597605283865732,231,33,198,16.702836426900134
2020-06-11 19:00:00+02:00,152,11,141,20.188330220444417,162,21,141,19.08849102929865
2020-06-11 20:00:00+02:00,165,13,152,20.56038540292619,160,24,136,19.89239402952506
2020-06-11 21:00:00+02:00,127,10,117,19.116953333289125,117,15,102,21.891304075969387
2020-06-11 22:00:00+02:00,87,7,80,17.896548892855574,85,10,75,19.289671453475872
2020-06-11 23:00:00+02:00,56,4,52,10.152150256689218,64,8,56,14.414592943793718
2020-06-12 00:00:00+02:00,38,3,35,11.101073107969722,38,4,34,11.101073107969722
2020-06-12 01:00:00+02:00,25,2,23,1.1875344360364632,25,2,23,1.1875344360364632
2020-06-12 02:00:00+02:00,25,2,23,1.1875344360364632,25,2,23,1.1875344360364632
2020-06-12 03:00:00+02:00,37,3,34,2.066086063070793,38,4,34,11.101073107969722
2020-06-12 04:00:00+02:00,63,6,57,14.929801273937542,58,5,53,10.505136369992313
2020-06-12 05:00:00+02:00,113,12,101,20.093188266697116,113,11,102,20.093188266697116
2020-06-12 06:00:00+02:00,140,13,127,15.331768592489755,129,13,116,17.995114557081255
2020-06-12 07:00:00+02:00,210,19,191,16.3212742992447,212,18,194,18.597605283865732
2020-06-12 08:00:00+02:00,228,23,205,15.818609956751573,211,19,192,18.759232281731908
2020-06-12 09:00:00+02:00,147,14,133,20.208056467665056,153,13,140,14.915022999208679
2020-06-12 10:00:00+02:00,124,11,113,17.53992981591413,117,12,105,21.891304075969387
2020-06-12 11:00:00+02:00,153,15,138,14.915022999208679,148,13,135,18.058884943386857
2020-06-12 12:00:00+02:00,129,13,116,17.995114557081255,123,10,113,19.074654696202938
2020-06-12 13:00:00+02:00,124,12,112,17.53992981591413,117,12,105,21.891304075969387
2020-06-12 14:00:00+02:00,128,12,116,19.601953989978306,123,10,113,19.074654696202938
2020-06-12 15:00:00+02:00,136,14,122,16.594078125250377,138,14,124,20.21600799483387
2020-06-12 16:00:00+02:00,145,14,131,18.85528596371164,154,15,139,23.457384968254527
2020-06-12 17:00:00+02:00,207,22,185,21.877297854955202,202,19,183,22.500350864850866
2020-06-12 18:00:00+02:00,218,21,197,22.57742359713229,227,25,202,19.269071808142694
2020-06-12 19:00:00+02:00,158,15,143,21.67102174389251,159,15,144,17.78748005044877
2020-06-12 20:00:00+02:00,160,14,146,19.89239402952506,159,13,146,17.78748005044877
2020-06-12 21:00:00+02:00,123,11,112,19.074654696202938,123,12,111,19.074654696202938
2020-06-12 22:00:00+02:00,86,8,78,21.204994436842384,85,7,78,19.289671453475872
2020-06-12 23:00:00+02:00,61,6,55,12.362973378192347,58,5,53,10.505136369992313
2020-06-13 00:00:00+02:00,37,2,35,3.5125252112896685,39,2,37,6.913338666308079
2020-06-13 01:00:00+02:00,24,1,23,0.16633697306049489,26,1,25,0.13434729751860394
2020-06-13 02:00:00+02:00,25,1,24,0.10677168789919293,26,1,25,0.13434729751860394
2020-06-13 03:00:00+02:00,38,2,36,5.960450042509954,39,2,37,6.913338666308079
2020-06-13 04:00:00+02:00,48,3,45,9.964553643509852,52,2,50,14.472017643602554
2020-06-13 05:00:00+02:00,62,4,58,14.019247608895405,65,4,61,10.13470849860639
2020-06-13 06:00:00+02:00,101,6,95,14.022694861996197,105,6,99,16.343560716114418
2020-06-13 07:00:00+02:00,147,9,138,16.306492316544293,159,10,149,19.89258263570152
2020-06-13 08:00:00+02:00,206,11,195,20.90053052788098,208,12,196,18.807092053665322
2020-06-13 09:00:00+02:00,213,14,199,20.238518600536185,223,14,209,18.802339292525456
2020-06-13 10:00:00+02:00,187,12,175,15.611538170802525,198,12,186,20.173795644408123
2020-06-13 11:00:00+02:00,152,10,142,18.686880121910534,155,8,147,18.708796369633056
2020-06-13 12:00:00+02:00,145,8,137,19.922746131926434,158,8,150,19.40470350916573
2020-06-13 13:00:00+02:00,167,9,158,19.047083059371815,172,10,162,18.863206387348974
2020-06-13 14:00:00+02:00,154,8,146,19.868163821621103,155,8,147,18.708796369633056
2020-06-13 15:00:00+02:00,169,9,160,20.526675282456768,185,10,175,20.88033942284811
2020-06-13 16:00:00+02:00,172,10,162,18.863206387348974,186,9,177,20.400698976924794
2020-06-13 17:00:00+02:00,199,12,187,19.11274068140836,209,10,199,16.60419034744366
2020-06-13 18:00:00+02:00,190,11,179,20.182913119811044,197,10,187,19.118279085736297
2020-06-13 19:00:00+02:00,146,9,137,19.4340926707284,157,8,149,19.700921436065542
2020-06-13 20:00:00+02:00,142,8,134,19.57947604189084,146,8,138,19.4340926707284
2020-06-13 21:00:00+02:00,124,7,117,14.467255533674502,129,7,122,12.81298343964759
2020-06-13 22:00:00+02:00,100,6,94,12.129363492765288,105,7,98,16.343560716114418
2020-06-13 23:00:00+02:00,49,3,46,12.126419816698254,52,2,50,14.472017643602554
2020-06-14 00:00:00+02:00,21,0,21,0.0727095127790566,25,0,25,0.10677168789919293
2020-06-14 01:00:00+02:00,14,0,14,0.0,18,0,18,0.014449312499738909
2020-06-14 02:00:00+02:00,13,0,13,0.0,18,0,18,0.014449312499738909
2020-06-14 03:00:00+02:00,20,0,20,0.04910283862897408,25,0,25,0.10677168789919293
2020-06-14 04:00:00+02:00,29,1,28,0.5419439371488394,36,1,35,2.727177547566476
2020-06-14 05:00:00+02:00,36,1,35,2.727177547566476,48,1,47,9.964553643509852
2020-06-14 06:00:00+02:00,57,2,55,11.247345675463038,74,3,71,9.886934519670994
2020-06-14 07:00:00+02:00,87,3,84,9.504121716770046,119,3,116,9.275729661817119
2020-06-14 08:00:00+02:00,110,4,106,20.964248322238312,128,4,124,16.268122259148125
2020-06-14 09:00:00+02:00,118,4,114,16.65435568776215,166,6,160,16.094287115128708
2020-06-14 10:00:00+02:00,106,4,102,19.560878716092326,149,5,144,17.937448228249327
2020-06-14 11:00:00+02:00,82,3,79,8.6962433625344,98,3,95,9.366341704429512
2020-06-14 12:00:00+02:00,86,3,83,9.565861223121674,119,3,116,9.275729661817119
2020-06-14 13:00:00+02:00,89,3,86,10.527801976587284,98,4,94,9.366341704429512
2020-06-14 14:00:00+02:00,86,3,83,9.565861223121674,119,3,116,9.275729661817119
2020-06-14 15:00:00+02:00,96,4,92,10.792244903732447,127,4,123,18.022773693841014
2020-06-14 16:00:00+02:00,97,4,93,12.91170780960746,118,4,114,16.65435568776215
2020-06-14 17:00:00+02:00,117,4,113,13.539944397802945,135,5,130,20.27811899595658
2020-06-14 18:00:00+02:00,109,4,105,18.214376818550008,139,5,134,19.408576933840735
2020-06-14 19:00:00+02:00,89,3,86,10.527801976587284,90,3,87,10.477669283936715
2020-06-14 20:00:00+02:00,74,3,71,9.886934519670994,107,4,103,12.742346635562697
2020-06-14 21:00:00+02:00,73,2,71,10.015349835153332,86,3,83,9.565861223121674
2020-06-14 22:00:00+02:00,59,2,57,11.512224289105106,74,3,71,9.886934519670994
2020-06-14 23:00:00+02:00,29,1,28,0.5419439371488394,36,1,35,2.727177547566476
2020-06-15 00:00:00+02:00,39,3,36,6.782457974710225,37,4,33,2.066086063070793
2020-06-15 01:00:00+02:00,26,2,24,1.5382661455122164,26,2,24,1.5382661455122164
2020-06-15 02:00:00+02:00,24,2,22,1.5004308879154395,26,2,24,1.5382661455122164
2020-06-15 03:00:00+02:00,37,3,34,2.066086063070793,39,4,35,6.782457974710225
2020-06-15 04:00:00+02:00,60,5,55,10.583722413773145,62,6,56,14.48690450543278
2020-06-15 05:00:00+02:00,108,10,98,14.813734676069407,112,11,101,14.898852003445265
2020-06-15 06:00:00+02:00,136,13,123,16.594078125250377,142,16,126,21.623487252479663
2020-06-15 07:00:00+02:00,226,22,204,20.308697708911414,214,23,191,18.560318290748608
2020-06-15 08:00:00+02:00,239,24,215,13.74553452780325,235,29,206,20.674840106170866
2020-06-15 09:00:00+02:00,154,16,138,23.457384968254527,151,18,133,19.408157188048275
2020-06-15 10:00:00+02:00,128,11,117,19.601953989978306,128,12,116,19.601953989978306
2020-06-15 11:00:00+02:00,152,13,139,20.188330220444417,154,15,139,23.457384968254527
2020-06-15 12:00:00+02:00,123,13,110,19.074654696202938,128,14,114,19.601953989978306
2020-06-15 13:00:00+02:00,127,11,116,19.116953333289125,125,13,112,23.026828253397017
2020-06-15 14:00:00+02:00,127,11,116,19.116953333289125,125,13,112,23.026828253397017
2020-06-15 15:00:00+02:00,139,12,127,18.732486269107348,137,15,122,18.928795118329443
2020-06-15 16:00:00+02:00,145,14,131,18.85528596371164,157,17,140,23.857880119976507
2020-06-15 17:00:00+02:00,216,21,195,21.273439412003903,220,27,193,16.758079648934128
2020-06-15 18:00:00+02:00,228,21,207,15.818609956751573,225,22,203,17.07968654570721
2020-06-15 19:00:00+02:00,168,15,153,20.304807772345505,167,18,149,21.39117903937357
2020-06-15 20:00:00+02:00,166,16,150,18.57114730689396,170,20,150,19.775542485132945
2020-06-15 21:00:00+02:00,122,13,109,20.245567873519157,131,15,116,14.183230975852695
2020-06-15 22:00:00+02:00,89,8,81,17.562315027840828,89,8,81,17.562315027840828
2020-06-15 23:00:00+02:00,63,5,58,14.929801273937542,62,6,56,14.48690450543278
2020-06-16 00:00:00+02:00,33,2,31,5.985660510090718,39,3,36,6.782457974710225
2020-06-16 01:00:00+02:00,22,1,21,0.1277873501672996,26,2,24,1.5382661455122164
2020-06-16 02:00:00+02:00,25,2,23,1.1875344360364632,27,2,25,1.9016023008994223
2020-06-16 03:00:00+02:00,38,3,35,11.101073107969722,40,4,36,5.275608835029151
2020-06-16 04:00:00+02:00,62,5,57,14.48690450543278,62,5,57,14.48690450543278
2020-06-16 05:00:00+02:00,101,8,93,11.280950715811313,121,12,109,20.317620945183666
2020-06-16 06:00:00+02:00,138,11,127,20.21600799483387,138,14,124,20.21600799483387
2020-06-16 07:00:00+02:00,192,17,175,21.295822766447603,225,21,204,17.07968654570721
2020-06-16 08:00:00+02:00,218,18,200,22.57742359713229,242,27,215,20.990360069331732
2020-06-16 09:00:00+02:00,142,13,129,21.623487252479663,164,16,148,22.827361263214527
2020-06-16 10:00:00+02:00,129,10,119,17.995114557081255,131,11,120,14.183230975852695
2020-06-16 11:00:00+02:00,142,11,131,21.623487252479663,164,16,148,22.827361263214527
2020-06-16 12:00:00+02:00,129,10,119,17.995114557081255,131,11,120,14.183230975852695
2020-06-16 13:00:00+02:00,119,9,110,22.46945513312648,129,12,117,17.995114557081255
2020-06-16 14:00:00+02:00,119,9,110,22.46945513312648,129,12,117,17.995114557081255
2020-06-16 15:00:00+02:00,130,10,120,15.65660051079879,144,12,132,22.91915418498221
2020-06-16 16:00:00+02:00,139,13,126,18.732486269107348,150,15,135,17.939622434692456
2020-06-16 17:00:00+02:00,209,17,192,22.16757043059366,224,19,205,16.30248157536985
2020-06-16 18:00:00+02:00,213,17,196,20.488166305452438,246,24,222,17.57126233227549
2020-06-16 19:00:00+02:00,153,14,139,14.915022999208679,172,15,157,19.644113972447897
2020-06-16 20:00:00+02:00,155,15,140,19.469409355748308,165,18,147,20.56038540292619
2020-06-16 21:00:00+02:00,119,11,108,22.46945513312648,129,12,117,17.995114557081255
2020-06-16 22:00:00+02:00,83,6,77,18.699193296190067,90,9,81,13.960700117154147
2020-06-16 23:00:00+02:00,58,4,54,10.505136369992313,67,7,60,12.5039951599288
2020-06-17 00:00:00+02:00,38,4,34,7.590795833711637,34,3,31,11.019687492562438
2020-06-17 01:00:00+02:00,25,3,22,4.851536786659508,25,2,23,4.851536786659508
2020-06-17 02:00:00+02:00,25,2,23,4.851536786659508,25,2,23,4.851536786659508
2020-06-17 03:00:00+02:00,38,4,34,7.590795833711637,34,3,31,11.019687492562438
2020-06-17 04:00:00+02:00,63,7,56,13.630126271531418,62,6,56,12.779859753427614
2020-06-17 05:00:00+02:00,114,13,101,17.516346710171707,112,12,100,16.537505199847164
2020-06-17 06:00:00+02:00,140,19,121,17.88117043007633,141,14,127,16.082921323202
2020-06-17 07:00:00+02:00,214,24,190,24.48806340301503,203,19,184,21.5050173548228
2020-06-17 08:00:00+02:00,226,28,198,20.105295377891462,220,27,193,18.729640796362187
2020-06-17 09:00:00+02:00,153,19,134,18.89706115395996,139,16,123,21.474746575274906
2020-06-17 10:00:00+02:00,126,17,109,16.250667590352332,123,13,110,15.262138605096247
2020-06-17 11:00:00+02:00,153,18,135,18.89706115395996,139,16,123,21.474746575274906
2020-06-17 12:00:00+02:00,126,17,109,16.250667590352332,123,13,110,15.262138605096247
2020-06-17 13:00:00+02:00,127,15,112,19.95892802947898,120,14,106,10.291257377501918
2020-06-17 14:00:00+02:00,127,16,111,19.95892802947898,120,14,106,10.291257377501918
2020-06-17 15:00:00+02:00,140,18,122,17.88117043007633,141,14,127,16.082921323202
2020-06-17 16:00:00+02:00,151,17,134,19.198981193831877,149,16,133,18.476483571588744
2020-06-17 17:00:00+02:00,217,26,191,20.47500927792046,213,24,189,16.70464389525102
2020-06-17 18:00:00+02:00,232,26,206,24.606618615768106,205,22,183,18.29833304368066
2020-06-17 19:00:00+02:00,167,22,145,16.493575022686013,154,14,140,25.102227050596255
2020-06-17 20:00:00+02:00,167,21,146,16.493575022686013,154,14,140,25.102227050596255
2020-06-17 21:00:00+02:00,129,16,113,12.321757402623772,125,13,112,14.698947587184879
2020-06-17 22:00:00+02:00,89,11,78,16.127888447212325,79,9,70,16.621554061874914
2020-06-17 23:00:00+02:00,63,8,55,13.630126271531418,62,6,56,12.779859753427614
2020-06-18 00:00:00+02:00,35,2,33,7.122002820118646,36,5,31,3.0873599992209124
2020-06-18 01:00:00+02:00,23,1,22,0.4122417358964417,25,3,22,1.1875344360364632
2020-06-18 02:00:00+02:00,25,2,23,1.1875344360364632,25,3,22,1.1875344360364632
2020-06-18 03:00:00+02:00,37,3,34,2.066086063070793,38,5,33,11.101073107969722
2020-06-18 04:00:00+02:00,59,5,54,10.572210467564378,58,7,51,10.505136369992313
2020-06-18 05:00:00+02:00,106,9,97,12.94750706735717,114,18,96,18.09348958441383
2020-06-18 06:00:00+02:00,124,11,113,17.53992981591413,129,19,110,17.995114557081255
2020-06-18 07:00:00+02:00,195,14,181,23.83440770251287,216,27,189,21.273439412003903
2020-06-18 08:00:00+02:00,212,19,193,18.597605283865732,231,33,198,16.702836426900134
2020-06-18 09:00:00+02:00,140,10,130,15.331768592489755,140,20,120,15.331768592489755
2020-06-18 10:00:00+02:00,109,9,100,14.645038576883659,117,15,102,21.891304075969387
2020-06-18 11:00:00+02:00,150,12,138,17.939622434692456,153,18,135,14.915022999208679
2020-06-18 12:00:00+02:00,115,8,107,27.52702584121565,121,19,102,20.317620945183666
2020-06-18 13:00:00+02:00,122,9,113,20.245567873519157,128,19,109,19.601953989978306
2020-06-18 14:00:00+02:00,114,8,106,18.09348958441383,121,19,102,20.317620945183666
2020-06-18 15:00:00+02:00,134,10,124,14.701306049248211,135,21,114,21.280002906629502
2020-06-18 16:00:00+02:00,149,11,138,20.003285796587473,153,18,135,14.915022999208679
2020-06-18 17:00:00+02:00,196,15,181,20.04912381427717,216,27,189,21.273439412003903
2020-06-18 18:00:00+02:00,212,19,193,18.597605283865732,231,33,198,16.702836426900134
2020-06-18 19:00:00+02:00,152,11,141,20.188330220444417,162,21,141,19.08849102929865
2020-06-18 20:00:00+02:00,165,13,152,20.56038540292619,160,24,136,19.89239402952506
2020-06-18 21:00:00+02:00,127,10,117,19.116953333289125,117,15,102,21.891304075969387
2020-06-18 22:00:00+02:00,87,7,80,17.896548892855574,85,10,75,19.289671453475872
2020-06-18 23:00:00+02:00,56,4,52,10.152150256689218,64,8,56,14.414592943793718
2020-06-19 00:00:00+02:00,38,3,35,11.101073107969722,38,4,34,11.101073107969722
2020-06-19 01:00:00+02:00,25,2,23,1.1875344360364632,25,2,23,1.1875344360364632
2020-06-19 02:00:00+02:00,25,2,23,1.1875344360364632,25,2,23,1.1875344360364632
2020-06-19 03:00:00+02:00,37,3,34,2.066086063070793,38,4,34,11.101073107969722
2020-06-19 04:00:00+02:00,63,6,57,14.929801273937542,58,5,53,10.505136369992313
2020-06-19 05:00:00+02:00,113,12,101,20.093188266697116,113,11,102,20.093188266697116
2020-06-19 06:00:00+02:00,140,13,127,15.331768592489755,129,13,116,17.995114557081255
2020-06-19 07:00:00+02:00,210,19,191,16.3212742992447,212,18,194,18.597605283865732
2020-06-19 08:00:00+02:00,228,23,205,15.818609956751573,211,19,192,18.759232281731908
2020-06-19 09:00:00+02:00,147,14,133,20.208056467665056,153,13,140,14.915022999208679
2020-06-19 10:00:00+02:00,124,11,113,17.53992981591413,117,12,105,21.891304075969387
2020-06-19 11:00:00+02:00,153,15,138,14.915022999208679,148,13,135,18.058884943386857
2020-06-19 12:00:00+02:00,129,13,116,17.995114557081255,123,10,113,19.074654696202938
2020-06-19 13:00:00+02:00,124,12,112,17.53992981591413,117,12,105,21.891304075969387
2020-06-19 14:00:00+02:00,128,12,116,19.601953989978306,123,10,113,19.074654696202938
2020-06-19 15:00:00+02:00,136,14,122,16.594078125250377,138,14,124,20.21600799483387
2020-06-19 16:00:00+02:00,145,14,131,18.85528596371164,154,15,139,23.457384968254527
2020-06-19 17:00:00+02:00,207,22,185,21.877297854955202,202,19,183,22.500350864850866
2020-06-19 18:00:00+02:00,218,21,197,22.57742359713229,227,25,202,19.269071808142694
2020-06-19 19:00:00+02:00,158,15,143,21.67102174389251,159,15,144,17.78748005044877
2020-06-19 20:00:00+02:00,160,14,146,19.89239402952506,159,13,146,17.78748005044877
2020-06-19 21:00:00+02:00,123,11,112,19.074654696202938,123,12,111,19.074654696202938
2020-06-19 22:00:00+02:00,86,8,78,21.204994436842384,85,7,78,19.289671453475872
2020-06-19 23:00:00+02:00,61,6,55,12.362973378192347,58,5,53,10.505136369992313
2020-06-20 00:00:00+02:00,37,2,35,3.5125252112896685,39,2,37,6.913338666308079
2020-06-20 01:00:00+02:00,24,1,23,0.16633697306049489,26,1,25,0.13434729751860394
2020-06-20 02:00:00+02:00,25,1,24,0.10677168789919293,26,1,25,0.13434729751860394
2020-06-20 03:00:00+02:00,38,2,36,5.960450042509954,39,2,37,6.913338666308079
2020-06-20 04:00:00+02:00,48,3,45,9.964553643509852,52,2,50,14.472017643602554
2020-06-20 05:00:00+02:00,62,4,58,14.019247608895405,65,4,61,10.13470849860639
2020-06-20 06:00:00+02:00,101,6,95,14.022694861996197,105,6,99,16.343560716114418
2020-06-20 07:00:00+02:00,147,9,138,16.306492316544293,159,10,149,19.89258263570152
2020-06-20 08:00:00+02:00,206,11,195,20.90053052788098,208,12,196,18.807092053665322
2020-06-20 09:00:00+02:00,213,14,199,20.238518600536185,223,14,209,18.802339292525456
2020-06-20 10:00:00+02:00,187,12,175,15.611538170802525,198,12,186,20.173795644408123
2020-06-20 11:00:00+02:00,152,10,142,18.686880121910534,155,8,147,18.708796369633056
2020-06-20 12:00:00+02:00,145,8,137,19.922746131926434,158,8,150,19.40470350916573
2020-06-20 13:00:00+02:00,167,9,158,19.047083059371815,172,10,162,18.863206387348974
2020-06-20 14:00:00+02:00,154,8,146,19.868163821621103,155,8,147,18.708796369633056
2020-06-20 15:00:00+02:00,169,9,160,20.526675282456768,185,10,175,20.88033942284811
2020-06-20 16:00:00+02:00,172,10,162,18.863206387348974,186,9,177,20.400698976924794
2020-06-20 17:00:00+02:00,199,12,187,19.11274068140836,209,10,199,16.60419034744366
2020-06-20 18:00:00+02:00,190,11,179,20.182913119811044,197,10,187,19.118279085736297
2020-06-20 19:00:00+02:00,146,9,137,19.4340926707284,157,8,149,19.700921436065542
2020-06-20 20:00:00+02:00,142,8,134,19.57947604189084,146,8,138,19.4340926707284
2020-06-20 21:00:00+02:00,124,7,117,14.467255533674502,129,7,122,12.81298343964759
2020-06-20 22:00:00+02:00,100,6,94,12.129363492765288,105,7,98,16.343560716114418
2020-06-20 23:00:00+02:00,49,3,46,12.126419816698254,52,2,50,14.472017643602554
2020-06-21 00:00:00+02:00,21,0,21,0.0727095127790566,25,0,25,0.10677168789919293
2020-06-21 01:00:00+02:00,14,0,14,0.0,18,0,18,0.014449312499738909
2020-06-21 02:00:00+02:00,13,0,13,0.0,18,0,18,0.014449312499738909
2020-06-21 03:00:00+02:00,20,0,20,0.04910283862897408,25,0,25,0.10677168789919293
2020-06-21 04:00:00+02:00,29,1,28,0.5419439371488394,36,1,35,2.727177547566476
2020-06-21 05:00:00+02:00,36,1,35,2.727177547566476,48,1,47,9.964553643509852
2020-06-21 06:00:00+02:00,57,2,55,11.247345675463038,74,3,71,9.886934519670994
2020-06-21 07:00:00+02:00,87,3,84,9.504121716770046,119,3,116,9.275729661817119
2020-06-21 08:00:00+02:00,110,4,106,20.964248322238312,128,4,124,16.268122259148125
2020-06-21 09:00:00+02:00,118,4,114,16.65435568776215,166,6,160,16.094287115128708
2020-06-21 10:00:00+02:00,106,4,102,19.560878716092326,149,5,144,17.937448228249327
2020-06-21 11:00:00+02:00,82,3,79,8.6962433625344,98,3,95,9.366341704429512
2020-06-21 12:00:00+02:00,86,3,83,9.565861223121674,119,3,116,9.275729661817119
2020-06-21 13:00:00+02:00,89,3,86,10.527801976587284,98,4,94,9.366341704429512
2020-06-21 14:00:00+02:00,86,3,83,9.565861223121674,119,3,116,9.275729661817119
2020-06-21 15:00:00+02:00,96,4,92,10.792244903732447,127,4,123,18.022773693841014
2020-06-21 16:00:00+02:00,97,4,93,12.91170780960746,118,4,114,16.65435568776215
2020-06-21 17:00:00+02:00,117,4,113,13.539944397802945,135,5,130,20.27811899595658
2020-06-21 18:00:00+02:00,109,4,105,18.214376818550008,139,5,134,19.408576933840735
2020-06-21 19:00:00+02:00,89,3,86,10.527801976587284,90,3,87,10.477669283936715
2020-06-21 20:00:00+02:00,74,3,71,9.886934519670994,107,4,103,12.742346635562697
2020-06-21 21:00:00+02:00,73,2,71,10.015349835153332,86,3,83,9.565861223121674
2020-06-21 22:00:00+02:00,59,2,57,11.512224289105106,74,3,71,9.886934519670994
2020-06-21 23:00:00+02:00,29,1,28,0.5419439371488394,36,1,35,2.727177547566476
2020-06-22 00:00:00+02:00,39,3,36,6.782457974710225,37,4,33,2.066086063070793
2020-06-22 01:00:00+02:00,26,2,24,1.5382661455122164,26,2,24,1.5382661455122164
2020-06-22 02:00:00+02:00,24,2,22,1.5004308879154395,26,2,24,1.5382661455122164
2020-06-22 03:00:00+02:00,37,3,34,2.066086063070793,39,4,35,6.782457974710225
2020-06-22 04:00:00+02:00,60,5,55,10.583722413773145,62,6,56,14.48690450543278
2020-06-22 05:00:00+02:00,108,10,98,14.813734676069407,112,11,101,14.898852003445265
2020-06-22 06:00:00+02:00,136,13,123,16.594078125250377,142,16,126,21.623487252479663
2020-06-22 07:00:00+02:00,226,22,204,20.308697708911414,214,23,191,18.560318290748608
2020-06-22 08:00:00+02:00,239,24,215,13.74553452780325,235,29,206,20.674840106170866
2020-06-22 09:00:00+02:00,154,16,138,23.457384968254527,151,18,133,19.408157188048275
2020-06-22 10:00:00+02:00,128,11,117,19.601953989978306,128,12,116,19.601953989978306
2020-06-22 11:00:00+02:00,152,13,139,20.188330220444417,154,15,139,23.457384968254527
2020-06-22 12:00:00+02:00,123,13,110,19.074654696202938,128,14,114,19.601953989978306
2020-06-22 13:00:00+02:00,127,11,116,19.116953333289125,125,13,112,23.026828253397017
2020-06-22 14:00:00+02:00,127,11,116,19.116953333289125,125,13,112,23.026828253397017
2020-06-22 15:00:00+02:00,139,12,127,18.732486269107348,137,15,122,18.928795118329443
2020-06-22 16:00:00+02:00,145,14,131,18.85528596371164,157,17,140,23.857880119976507
2020-06-22 17:00:00+02:00,216,21,195,21.273439412003903,220,27,193,16.758079648934128
2020-06-22 18:00:00+02:00,228,21,207,15.818609956751573,225,22,203,17.07968654570721
2020-06-22 19:00:00+02:00,168,15,153,20.304807772345505,167,18,149,21.39117903937357
2020-06-22 20:00:00+02:00,166,16,150,18.57114730689396,170,20,150,19.775542485132945
2020-06-22 21:00:00+02:00,122,13,109,20.245567873519157,131,15,116,14.183230975852695
2020-06-22 22:00:00+02:00,89,8,81,17.562315027840828,89,8,81,17.562315027840828
2020-06-22 23:00:00+02:00,63,5,58,14.929801273937542,62,6,56,14.48690450543278
2020-06-23 00:00:00+02:00,33,2,31,5.985660510090718,39,3,36,6.782457974710225
2020-06-23 01:00:00+02:00,22,1,21,0.1277873501672996,26,2,24,1.5382661455122164
2020-06-23 02:00:00+02:00,25,2,23,1.1875344360364632,27,2,25,1.9016023008994223
2020-06-23 03:00:00+02:00,38,3,35,11.101073107969722,40,4,36,5.275608835029151
2020-06-23 04:00:00+02:00,62,5,57,14.48690450543278,62,5,57,14.48690450543278
2020-06-23 05:00:00+02:00,101,8,93,11.280950715811313,121,12,109,20.317620945183666
2020-06-23 06:00:00+02:00,138,11,127,20.21600799483387,138,14,124,20.21600799483387
2020-06-23 07:00:00+02:00,192,17,175,21.295822766447603,225,21,204,17.07968654570721
2020-06-23 08:00:00+02:00,218,18,200,22.57742359713229,242,27,215,20.990360069331732
2020-06-23 09:00:00+02:00,142,13,129,21.623487252479663,164,16,148,22.827361263214527
2020-06-23 10:00:00+02:00,129,10,119,17.995114557081255,131,11,120,14.183230975852695
2020-06-23 11:00:00+02:00,142,11,131,21.623487252479663,164,16,148,22.827361263214527
2020-06-23 12:00:00+02:00,129,10,119,17.995114557081255,131,11,120,14.183230975852695
2020-06-23 13:00:00+02:00,119,9,110,22.46945513312648,129,12,117,17.995114557081255
2020-06-23 14:00:00+02:00,119,9,110,22.46945513312648,129,12,117,17.995114557081255
2020-06-23 15:00:00+02:00,130,10,120,15.65660051079879,144,12,132,22.91915418498221
2020-06-23 16:00:00+02:00,139,13,126,18.732486269107348,150,15,135,17.939622434692456
2020-06-23 17:00:00+02:00,209,17,192,22.16757043059366,224,19,205,16.30248157536985
2020-06-23 18:00:00+02:00,213,17,196,20.488166305452438,246,24,222,17.57126233227549
2020-06-23 19:00:00+02:00,153,14,139,14.915022999208679,172,15,157,19.644113972447897
2020-06-23 20:00:00+02:00,155,15,140,19.469409355748308,165,18,147,20.56038540292619
2020-06-23 21:00:00+02:00,119,11,108,22.46945513312648,129,12,117,17.995114557081255
2020-06-23 22:00:00+02:00,83,6,77,18.699193296190067,90,9,81,13.960700117154147
2020-06-23 23:00:00+02:00,58,4,54,10.505136369992313,67,7,60,12.5039951599288
2020-06-24 00:00:00+02:00,38,4,34,7.590795833711637,34,3,31,11.019687492562438
2020-06-24 01:00:00+02:00,25,3,22,4.851536786659508,25,2,23,4.851536786659508
2020-06-24 02:00:00+02:00,25,2,23,4.851536786659508,25,2,23,4.851536786659508
2020-06-24 03:00:00+02:00,38,4,34,7.590795833711637,34,3,31,11.019687492562438
2020-06-24 04:00:00+02:00,63,7,56,13.630126271531418,62,6,56,12.779859753427614
2020-06-24 05:00:00+02:00,114,13,101,17.516346710171707,112,12,100,16.537505199847164
2020-06-24 06:00:00+02:00,140,19,121,17.88117043007633,141,14,127,16.082921323202
2020-06-24 07:00:00+02:00,214,24,190,24.48806340301503,203,19,184,21.5050173548228
2020-06-24 08:00:00+02:00,226,28,198,20.105295377891462,220,27,193,18.729640796362187
2020-06-24 09:00:00+02:00,153,19,134,18.89706115395996,139,16,123,21.474746575274906
2020-06-24 10:00:00+02:00,126,17,109,16.250667590352332,123,13,110,15.262138605096247
2020-06-24 11:00:00+02:00,153,18,135,18.89706115395996,139,16,123,21.474746575274906
2020-06-24 12:00:00+02:00,126,17,109,16.250667590352332,123,13,110,15.262138605096247
2020-06-24 13:00:00+02:00,127,15,112,19.95892802947898,120,14,106,10.291257377501918
2020-06-24 14:00:00+02:00,127,16,111,19.95892802947898,120,14,106,10.291257377501918
2020-06-24 15:00:00+02:00,140,18,122,17.88117043007633,141,14,127,16.082921323202
2020-06-24 16:00:00+02:00,151,17,134,19.198981193831877,149,16,133,18.476483571588744
2020-06-24 17:00:00+02:00,217,26,191,20.47500927792046,213,24,189,16.70464389525102
2020-06-24 18:00:00+02:00,232,26,206,24.606618615768106,205,22,183,18.29833304368066
2020-06-24 19:00:00+02:00,167,22,145,16.493575022686013,154,14,140,25.102227050596255
2020-06-24 20:00:00+02:00,167,21,146,16.493575022686013,154,14,140,25.102227050596255
2020-06-24 21:00:00+02:00,129,16,113,12.321757402623772,125,13,112,14.698947587184879
2020-06-24 22:00:00+02:00,89,11,78,16.127888447212325,79,9,70,16.621554061874914
2020-06-24 23:00:00+02:00,63,8,55,13.630126271531418,62,6,56,12.779859753427614
2020-06-25 00:00:00+02:00,35,2,33,7.122002820118646,36,5,31,3.0873599992209124
2020-06-25 01:00:00+02:00,23,1,22,0.4122417358964417,25,3,22,1.1875344360364632
2020-06-25 02:00:00+02:00,25,2,23,1.1875344360364632,25,3,22,1.1875344360364632
2020-06-25 03:00:00+02:00,37,3,34,2.066086063070793,38,5,33,11.101073107969722
2020-06-25 04:00:00+02:00,59,5,54,10.572210467564378,58,7,51,10.505136369992313
2020-06-25 05:00:00+02:00,106,9,97,12.94750706735717,114,18,96,18.09348958441383
2020-06-25 06:00:00+02:00,124,11,113,17.53992981591413,129,19,110,17.995114557081255
2020-06-25 07:00:00+02:00,195,14,181,23.83440770251287,216,27,189,21.273439412003903
2020-06-25 08:00:00+02:00,212,19,193,18.597605283865732,231,33,198,16.702836426900134
2020-06-25 09:00:00+02:00,140,10,130,15.331768592489755,140,20,120,15.331768592489755
2020-06-25 10:00:00+02:00,109,9,100,14.645038576883659,117,15,102,21.891304075969387
2020-06-25 11:00:00+02:00,150,12,138,17.939622434692456,153,18,135,14.915022999208679
2020-06-25 12:00:00+02:00,115,8,107,27.52702584121565,121,19,102,20.317620945183666
2020-06-25 13:00:00+02:00,122,9,113,20.245567873519157,128,19,109,19.601953989978306
2020-06-25 14:00:00+02:00,114,8,106,18.09348958441383,121,19,102,20.317620945183666
2020-06-25 15:00:00+02:00,134,10,124,14.701306049248211,135,21,114,21.280002906629502
2020-06-25 16:00:00+02:00,149,11,138,20.003285796587473,153,18,135,14.915022999208679
2020-06-25 17:00:00+02:00,196,15,181,20.04912381427717,216,27,189,21.273439412003903
2020-06-25 18:00:00+02:00,212,19,193,18.597605283865732,231,33,198,16.702836426900134
2020-06-25 19:00:00+02:00,152,11,141,20.188330220444417,162,21,141,19.08849102929865
2020-06-25 20:00:00+02:00,165,13,152,20.56038540292619,160,24,136,19.89239402952506
2020-06-25 21:00:00+02:00,127,10,117,19.116953333289125,117,15,102,21.891304075969387
2020-06-25 22:00:00+02:00,87,7,80,17.896548892855574,85,10,75,19.289671453475872
2020-06-25 23:00:00+02:00,56,4,52,10.152150256689218,64,8,56,14.414592943793718
2020-06-26 00:00:00+02:00,38,3,35,11.101073107969722,38,4,34,11.101073107969722
2020-06-26 01:00:00+02:00,25,2,23,1.1875344360364632,25,2,23,1.1875344360364632
2020-06-26 02:00:00+02:00,25,2,23,1.1875344360364632,25,2,23,1.1875344360364632
2020-06-26 03:00:00+02:00,37,3,34,2.066086063070793,38,4,34,11.101073107969722
2020-06-26 04:00:00+02:00,63,6,57,14.929801273937542,58,5,53,10.505136369992313
2020-06-26 05:00:00+02:00,113,12,101,20.093188266697116,113,11,102,20.093188266697116
2020-06-26 06:00:00+02:00,140,13,127,15.331768592489755,129,13,116,17.995114557081255
2020-06-26 07:00:00+02:00,210,19,191,16.3212742992447,212,18,194,18.597605283865732
2020-06-26 08:00:00+02:00,228,23,205,15.818609956751573,211,19,192,18.759232281731908
2020-06-26 09:00:00+02:00,147,14,133,20.208056467665056,153,13,140,14.915022999208679
2020-06-26 10:00:00+02:00,124,11,113,17.53992981591413,117,12,105,21.891304075969387
2020-06-26 11:00:00+02:00,153,15,138,14.915022999208679,148,13,135,18.058884943386857
2020-06-26 12:00:00+02:00,129,13,116,17.995114557081255,123,10,113,19.074654696202938
2020-06-26 13:00:00+02:00,124,12,112,17.53992981591413,117,12,105,21.891304075969387
2020-06-26 14:00:00+02:00,128,12,116,19.601953989978306,123,10,113,19.074654696202938
2020-06-26 15:00:00+02:00,136,14,122,16.594078125250377,138,14,124,20.21600799483387
2020-06-26 16:00:00+02:00,145,14,131,18.85528596371164,154,15,139,23.457384968254527
2020-06-26 17:00:00+02:00,207,22,185,21.877297854955202,202,19,183,22.500350864850866
2020-06-26 18:00:00+02:00,218,21,197,22.57742359713229,227,25,202,19.269071808142694
2020-06-26 19:00:00+02:00,158,15,143,21.67102174389251,159,15,144,17.78748005044877
2020-06-26 20:00:00+02:00,160,14,146,19.89239402952506,159,13,146,17.78748005044877
2020-06-26 21:00:00+02:00,123,11,112,19.074654696202938,123,12,111,19.074654696202938
2020-06-26 22:00:00+02:00,86,8,78,21.204994436842384,85,7,78,19.289671453475872
2020-06-26 23:00:00+02:00,61,6,55,12.362973378192347,58,5,53,10.505136369992313
2020-06-27 00:00:00+02:00,37,2,35,3.5125252112896685,39,2,37,6.913338666308079
2020-06-27 01:00:00+02:00,24,1,23,0.16633697306049489,26,1,25,0.13434729751860394
2020-06-27 02:00:00+02:00,25,1,24,0.10677168789919293,26,1,25,0.13434729751860394
2020-06-27 03:00:00+02:00,38,2,36,5.960450042509954,39,2,37,6.913338666308079
2020-06-27 04:00:00+02:00,48,3,45,9.964553643509852,52,2,50,14.472017643602554
2020-06-27 05:00:00+02:00,62,4,58,14.019247608895405,65,4,61,10.13470849860639
2020-06-27 06:00:00+02:00,101,6,95,14.022694861996197,105,6,99,16.343560716114418
2020-06-27 07:00:00+02:00,147,9,138,16.306492316544293,159,10,149,19.89258263570152
2020-06-27 08:00:00+02:00,206,11,195,20.90053052788098,208,12,196,18.807092053665322
2020-06-27 09:00:00+02:00,213,14,199,20.238518600536185,223,14,209,18.802339292525456
2020-06-27 10:00:00+02:00,187,12,175,15.611538170802525,198,12,186,20.173795644408123
2020-06-27 11:00:00+02:00,152,10,142,18.686880121910534,155,8,147,18.708796369633056
2020-06-27 12:00:00+02:00,145,8,137,19.922746131926434,158,8,150,19.40470350916573
2020-06-27 13:00:00+02:00,167,9,158,19.047083059371815,172,10,162,18.863206387348974
2020-06-27 14:00:00+02:00,154,8,146,19.868163821621103,155,8,147,18.708796369633056
2020-06-27 15:00:00+02:00,169,9,160,20.526675282456768,185,10,175,20.88033942284811
2020-06-27 16:00:00+02:00,172,10,162,18.863206387348974,186,9,177,20.400698976924794
2020-06-27 17:00:00+02:00,199,12,187,19.11274068140836,209,10,199,16.60419034744366
2020-06-27 18:00:00+02:00,190,11,179,20.182913119811044,197,10,187,19.118279085736297
2020-06-27 19:00:00+02:00,146,9,137,19.4340926707284,157,8,149,19.700921436065542
2020-06-27 20:00:00+02:00,142,8,134,19.57947604189084,146,8,138,19.4340926707284
2020-06-27 21:00:00+02:00,124,7,117,14.467255533674502,129,7,122,12.81298343964759
2020-06-27 22:00:00+02:00,100,6,94,12.129363492765288,105,7,98,16.343560716114418
2020-06-27 23:00:00+02:00,49,3,46,12.126419816698254,52,2,50,14.472017643602554
2020-06-28 00:00:00+02:00,21,0,21,0.0727095127790566,25,0,25,0.10677168789919293
2020-06-28 01:00:00+02:00,14,0,14,0.0,18,0,18,0.014449312499738909
2020-06-28 02:00:00+02:00,13,0,13,0.0,18,0,18,0.014449312499738909
2020-06-28 03:00:00+02:00,20,0,20,0.04910283862897408,25,0,25,0.10677168789919293
2020-06-28 04:00:00+02:00,29,1,28,0.5419439371488394,36,1,35,2.727177547566476
2020-06-28 05:00:00+02:00,36,1,35,2.727177547566476,48,1,47,9.964553643509852
2020-06-28 06:00:00+02:00,57,2,55,11.247345675463038,74,3,71,9.886934519670994
2020-06-28 07:00:00+02:00,87,3,84,9.504121716770046,119,3,116,9.275729661817119
2020-06-28 08:00:00+02:00,110,4,106,20.964248322238312,128,4,124,16.268122259148125
2020-06-28 09:00:00+02:00,118,4,114,16.65435568776215,166,6,160,16.094287115128708
2020-06-28 10:00:00+02:00,106,4,102,19.560878716092326,149,5,144,17.937448228249327
2020-06-28 11:00:00+02:00,82,3,79,8.6962433625344,98,3,95,9.366341704429512
2020-06-28 12:00:00+02:00,86,3,83,9.565861223121674,119,3,116,9.275729661817119
2020-06-28 13:00:00+02:00,89,3,86,10.527801976587284,98,4,94,9.366341704429512
2020-06-28 14:00:00+02:00,86,3,83,9.565861223121674,119,3,116,9.275729661817119
2020-06-28 15:00:00+02:00,96,4,92,10.792244903732447,127,4,123,18.022773693841014
2020-06-28 16:00:00+02:00,97,4,93,12.91170780960746,118,4,114,16.65435568776215
2020-06-28 17:00:00+02:00,117,4,113,13.539944397802945,135,5,130,20.27811899595658
2020-06-28 18:00:00+02:00,109,4,105,18.214376818550008,139,5,134,19.408576933840735
2020-06-28 19:00:00+02:00,89,3,86,10.527801976587284,90,3,87,10.477669283936715
2020-06-28 20:00:00+02:00,74,3,71,9.886934519670994,107,4,103,12.742346635562697
2020-06-28 21:00:00+02:00,73,2,71,10.015349835153332,86,3,83,9.565861223121674
2020-06-28 22:00:00+02:00,59,2,57,11.512224289105106,74,3,71,9.886934519670994
2020-06-28 23:00:00+02:00,29,1,28,0.5419439371488394,36,1,35,2.727177547566476
2020-06-29 00:00:00+02:00,39,3,36,6.782457974710225,37,4,33,2.066086063070793
2020-06-29 01:00:00+02:00,26,2,24,1.5382661455122164,26,2,24,1.5382661455122164
2020-06-29 02:00:00+02:00,24,2,22,1.5004308879154395,26,2,24,1.5382661455122164
2020-06-29 03:00:00+02:00,37,3,34,2.066086063070793,39,4,35,6.782457974710225
2020-06-29 04:00:00+02:00,60,5,55,10.583722413773145,62,6,56,14.48690450543278
2020-06-29 05:00:00+02:00,108,10,98,14.813734676069407,112,11,101,14.898852003445265
2020-06-29 06:00:00+02:00,136,13,123,16.594078125250377,142,16,126,21.623487252479663
2020-06-29 07:00:00+02:00,226,22,204,20.308697708911414,214,23,191,18.560318290748608
2020-06-29 08:00:00+02:00,239,24,215,13.74553452780325,235,29,206,20.674840106170866
2020-06-29 09:00:00+02:00,154,16,138,23.457384968254527,151,18,133,19.408157188048275
2020-06-29 10:00:00+02:00,128,11,117,19.601953989978306,128,12,116,19.601953989978306
2020-06-29 11:00:00+02:00,152,13,139,20.188330220444417,154,15,139,23.457384968254527
2020-06-29 12:00:00+02:00,123,13,110,19.074654696202938,128,14,114,19.601953989978306
2020-06-29 13:00:00+02:00,127,11,116,19.116953333289125,125,13,112,23.026828253397017
2020-06-29 14:00:00+02:00,127,11,116,19.116953333289125,125,13,112,23.026828253397017
2020-06-29 15:00:00+02:00,139,12,127,18.732486269107348,137,15,122,18.928795118329443
2020-06-29 16:00:00+02:00,145,14,131,18.85528596371164,157,17,140,23.857880119976507
2020-06-29 17:00:00+02:00,216,21,195,21.273439412003903,220,27,193,16.758079648934128
2020-06-29 18:00:00+02:00,228,21,207,15.818609956751573,225,22,203,17.07968654570721
2020-06-29 19:00:00+02:00,168,15,153,20.304807772345505,167,18,149,21.39117903937357
2020-06-29 20:00:00+02:00,166,16,150,18.57114730689396,170,20,150,19.775542485132945
2020-06-29 21:00:00+02:00,122,13,109,20.245567873519157,131,15,116,14.183230975852695
2020-06-29 22:00:00+02:00,89,8,81,17.562315027840828,89,8,81,17.562315027840828
2020-06-29 23:00:00+02:00,63,5,58,14.929801273937542,62,6,56,14.48690450543278
2020-06-30 00:00:00+02:00,33,2,31,5.985660510090718,39,3,36,6.782457974710225
2020-06-30 01:00:00+02:00,22,1,21,0.1277873501672996,26,2,24,1.5382661455122164
2020-06-30 02:00:00+02:00,25,2,23,1.1875344360364632,27,2,25,1.9016023008994223
2020-06-30 03:00:00+02:00,38,3,35,11.101073107969722,40,4,36,5.275608835029151
2020-06-30 04:00:00+02:00,62,5,57,14.48690450543278,62,5,57,14.48690450543278
2020-06-30 05:00:00+02:00,101,8,93,11.280950715811313,121,12,109,20.317620945183666
2020-06-30 06:00:00+02:00,138,11,127,20.21600799483387,138,14,124,20.21600799483387
2020-06-30 07:00:00+02:00,192,17,175,21.295822766447603,225,21,204,17.07968654570721
2020-06-30 08:00:00+02:00,218,18,200,22.57742359713229,242,27,215,20.990360069331732
2020-06-30 09:00:00+02:00,142,13,129,21.623487252479663,164,16,148,22.827361263214527
2020-06-30 10:00:00+02:00,129,10,119,17.995114557081255,131,11,120,14.183230975852695
2020-06-30 11:00:00+02:00,142,11,131,21.623487252479663,164,16,148,22.827361263214527
2020-06-30 12:00:00+02:00,129,10,119,17.995114557081255,131,11,120,14.183230975852695
2020-06-30 13:00:00+02:00,119,9,110,22.46945513312648,129,12,117,17.995114557081255
2020-06-30 14:00:00+02:00,119,9,110,22.46945513312648,129,12,117,17.995114557081255
2020-06-30 15:00:00+02:00,130,10,120,15.65660051079879,144,12,132,22.91915418498221
2020-06-30 16:00:00+02:00,139,13,126,18.732486269107348,150,15,135,17.939622434692456
2020-06-30 17:00:00+02:00,209,17,192,22.16757043059366,224,19,205,16.30248157536985
2020-06-30 18:00:00+02:00,213,17,196,20.488166305452438,246,24,222,17.57126233227549
2020-06-30 19:00:00+02:00,153,14,139,14.915022999208679,172,15,157,19.644113972447897
2020-06-30 20:00:00+02:00,155,15,140,19.469409355748308,165,18,147,20.56038540292619
2020-06-30 21:00:00+02:00,119,11,108,22.46945513312648,129,12,117,17.995114557081255
2020-06-30 22:00:00+02:00,83,6,77,18.699193296190067,90,9,81,13.960700117154147
2020-06-30 23:00:00+02:00,58,4,54,10.505136369992313,67,7,60,12.5039951599288
2020-07-01 00:00:00+02:00,38,4,34,7.590795833711637,34,3,31,11.019687492562438
2020-07-01 01:00:00+02:00,25,3,22,4.851536786659508,25,2,23,4.851536786659508
2020-07-01 02:00:00+02:00,25,2,23,4.851536786659508,25,2,23,4.851536786659508
2020-07-01 03:00:00+02:00,38,4,34,7.590795833711637,34,3,31,11.019687492562438
2020-07-01 04:00:00+02:00,63,7,56,13.630126271531418,62,6,56,12.779859753427614
2020-07-01 05:00:00+02:00,114,13,101,17.516346710171707,112,12,100,16.537505199847164
2020-07-01 06:00:00+02:00,140,19,121,17.88117043007633,141,14,127,16.082921323202
2020-07-01 07:00:00+02:00,214,24,190,24.48806340301503,203,19,184,21.5050173548228
2020-07-01 08:00:00+02:00,226,28,198,20.105295377891462,220,27,193,18.729640796362187
2020-07-01 09:00:00+02:00,153,19,134,18.89706115395996,139,16,123,21.474746575274906
2020-07-01 10:00:00+02:00,126,17,109,16.250667590352332,123,13,110,15.262138605096247
2020-07-01 11:00:00+02:00,153,18,135,18.89706115395996,139,16,123,21.474746575274906
2020-07-01 12:00:00+02:00,126,17,109,16.250667590352332,123,13,110,15.262138605096247
2020-07-01 13:00:00+02:00,127,15,112,19.95892802947898,120,14,106,10.291257377501918
2020-07-01 14:00:00+02:00,127,16,111,19.95892802947898,120,14,106,10.291257377501918
2020-07-01 15:00:00+02:00,140,18,122,17.88117043007633,141,14,127,16.082921323202
2020-07-01 16:00:00+02:00,151,17,134,19.198981193831877,149,16,133,18.476483571588744
2020-07-01 17:00:00+02:00,217,26,191,20.47500927792046,213,24,189,16.70464389525102
2020-07-01 18:00:00+02:00,232,26,206,24.606618615768106,205,22,183,18.29833304368066
2020-07-01 19:00:00+02:00,167,22,145,16.493575022686013,154,14,140,25.102227050596255
2020-07-01 20:00:00+02:00,167,21,146,16.493575022686013,154,14,140,25.102227050596255
2020-07-01 21:00:00+02:00,129,16,113,12.321757402623772,125,13,112,14.698947587184879
2020-07-01 22:00:00+02:00,89,11,78,16.127888447212325,79,9,70,16.621554061874914
2020-07-01 23:00:00+02:00,63,8,55,13.630126271531418,62,6,56,12.779859753427614
2020-07-02 00:00:00+02:00,35,2,33,7.122002820118646,36,5,31,3.0873599992209124
2020-07-02 01:00:00+02:00,23,1,22,0.4122417358964417,25,3,22,1.1875344360364632
2020-07-02 02:00:00+02:00,25,2,23,1.1875344360364632,25,3,22,1.1875344360364632
2020-07-02 03:00:00+02:00,37,3,34,2.066086063070793,38,5,33,11.101073107969722
2020-07-02 04:00:00+02:00,59,5,54,10.572210467564378,58,7,51,10.505136369992313
2020-07-02 05:00:00+02:00,106,9,97,12.94750706735717,114,18,96,18.09348958441383
2020-07-02 06:00:00+02:00,124,11,113,17.53992981591413,129,19,110,17.995114557081255
2020-07-02 07:00:00+02:00,195,14,181,23.83440770251287,216,27,189,21.273439412003903
2020-07-02 08:00:00+02:00,212,19,193,18.597605283865732,231,33,198,16.702836426900134
2020-07-02 09:00:00+02:00,140,10,130,15.331768592489755,140,20,120,15.331768592489755
2020-07-02 10:00:00+02:00,109,9,100,14.645038576883659,117,15,102,21.891304075969387
2020-07-02 11:00:00+02:00,150,12,138,17.939622434692456,153,18,135,14.915022999208679
2020-07-02 12:00:00+02:00,115,8,107,27.52702584121565,121,19,102,20.317620945183666
2020-07-02 13:00:00+02:00,122,9,113,20.245567873519157,128,19,109,19.601953989978306
2020-07-02 14:00:00+02:00,114,8,106,18.09348958441383,121,19,102,20.317620945183666
2020-07-02 15:00:00+02:00,134,10,124,14.701306049248211,135,21,114,21.280002906629502
2020-07-02 16:00:00+02:00,149,11,138,20.003285796587473,153,18,135,14.915022999208679
2020-07-02 17:00:00+02:00,196,15,181,20.04912381427717,216,27,189,21.273439412003903
2020-07-02 18:00:00+02:00,212,19,193,18.597605283865732,231,33,198,16.702836426900134
2020-07-02 19:00:00+02:00,152,11,141,20.188330220444417,162,21,141,19.08849102929865
2020-07-02 20:00:00+02:00,165,13,152,20.56038540292619,160,24,136,19.89239402952506
2020-07-02 21:00:00+02:00,127,10,117,19.116953333289125,117,15,102,21.891304075969387
2020-07-02 22:00:00+02:00,87,7,80,17.896548892855574,85,10,75,19.289671453475872
2020-07-02 23:00:00+02:00,56,4,52,10.152150256689218,64,8,56,14.414592943793718
2020-07-03 00:00:00+02:00,38,3,35,11.101073107969722,38,4,34,11.101073107969722
2020-07-03 01:00:00+02:00,25,2,23,1.1875344360364632,25,2,23,1.1875344360364632
2020-07-03 02:00:00+02:00,25,2,23,1.1875344360364632,25,2,23,1.1875344360364632
2020-07-03 03:00:00+02:00,37,3,34,2.066086063070793,38,4,34,11.101073107969722
2020-07-03 04:00:00+02:00,63,6,57,14.929801273937542,58,5,53,10.505136369992313
2020-07-03 05:00:00+02:00,113,12,101,20.093188266697116,113,11,102,20.093188266697116
2020-07-03 06:00:00+02:00,140,13,127,15.331768592489755,129,13,116,17.995114557081255
2020-07-03 07:00:00+02:00,210,19,191,16.3212742992447,212,18,194,18.597605283865732
2020-07-03 08:00:00+02:00,228,23,205,15.818609956751573,211,19,192,18.759232281731908
2020-07-03 09:00:00+02:00,147,14,133,20.208056467665056,153,13,140,14.915022999208679
2020-07-03 10:00:00+02:00,124,11,113,17.53992981591413,117,12,105,21.891304075969387
2020-07-03 11:00:00+02:00,153,15,138,14.915022999208679,148,13,135,18.058884943386857
2020-07-03 12:00:00+02:00,129,13,116,17.995114557081255,123,10,113,19.074654696202938
2020-07-03 13:00:00+02:00,124,12,112,17.53992981591413,117,12,105,21.891304075969387
2020-07-03 14:00:00+02:00,128,12,116,19.601953989978306,123,10,113,19.074654696202938
2020-07-03 15:00:00+02:00,136,14,122,16.594078125250377,138,14,124,20.21600799483387
2020-07-03 16:00:00+02:00,145,14,131,18.85528596371164,154,15,139,23.457384968254527
2020-07-03 17:00:00+02:00,207,22,185,21.877297854955202,202,19,183,22.500350864850866
2020-07-03 18:00:00+02:00,218,21,197,22.57742359713229,227,25,202,19.269071808142694
2020-07-03 19:00:00+02:00,158,15,143,21.67102174389251,159,15,144,17.78748005044877
2020-07-03 20:00:00+02:00,160,14,146,19.89239402952506,159,13,146,17.78748005044877
2020-07-03 21:00:00+02:00,123,11,112,19.074654696202938,123,12,111,19.074654696202938
2020-07-03 22:00:00+02:00,86,8,78,21.204994436842384,85,7,78,19.289671453475872
2020-07-03 23:00:00+02:00,61,6,55,12.362973378192347,58,5,53,10.505136369992313
2020-07-04 00:00:00+02:00,37,2,35,3.5125252112896685,39,2,37,6.913338666308079
2020-07-04 01:00:00+02:00,24,1,23,0.16633697306049489,26,1,25,0.13434729751860394
2020-07-04 02:00:00+02:00,25,1,24,0.10677168789919293,26,1,25,0.13434729751860394
2020-07-04 03:00:00+02:00,38,2,36,5.960450042509954,39,2,37,6.913338666308079
2020-07-04 04:00:00+02:00,48,3,45,9.964553643509852,52,2,50,14.472017643602554
2020-07-04 05:00:00+02:00,62,4,58,14.019247608895405,65,4,61,10.13470849860639
2020-07-04 06:00:00+02:00,101,6,95,14.022694861996197,105,6,99,16.343560716114418
2020-07-04 07:00:00+02:00,147,9,138,16.306492316544293,159,10,149,19.89258263570152
2020-07-04 08:00:00+02:00,206,11,195,20.90053052788098,208,12,196,18.807092053665322
2020-07-04 09:00:00+02:00,213,14,199,20.238518600536185,223,14,209,18.802339292525456
2020-07-04 10:00:00+02:00,187,12,175,15.611538170802525,198,12,186,20.173795644408123
2020-07-04 11:00:00+02:00,152,10,142,18.686880121910534,155,8,147,18.708796369633056
2020-07-04 12:00:00+02:00,145,8,137,19.922746131926434,158,8,150,19.40470350916573
2020-07-04 13:00:00+02:00,167,9,158,19.047083059371815,172,10,162,18.863206387348974
2020-07-04 14:00:00+02:00,154,8,146,19.868163821621103,155,8,147,18.708796369633056
2020-07-04 15:00:00+02:00,169,9,160,20.526675282456768,185,10,175,20.88033942284811
2020-07-04 16:00:00+02:00,172,10,162,18.863206387348974,186,9,177,20.400698976924794
2020-07-04 17:00:00+02:00,199,12,187,19.11274068140836,209,10,199,16.60419034744366
2020-07-04 18:00:00+02:00,190,11,179,20.182913119811044,197,10,187,19.118279085736297
2020-07-04 19:00:00+02:00,146,9,137,19.4340926707284,157,8,149,19.700921436065542
2020-07-04 20:00:00+02:00,142,8,134,19.57947604189084,146,8,138,19.4340926707284
2020-07-04 21:00:00+02:00,124,7,117,14.467255533674502,129,7,122,12.81298343964759
2020-07-04 22:00:00+02:00,100,6,94,12.129363492765288,105,7,98,16.343560716114418
2020-07-04 23:00:00+02:00,49,3,46,12.126419816698254,52,2,50,14.472017643602554
2020-07-05 00:00:00+02:00,21,0,21,0.0727095127790566,25,0,25,0.10677168789919293
2020-07-05 01:00:00+02:00,14,0,14,0.0,18,0,18,0.014449312499738909
2020-07-05 02:00:00+02:00,13,0,13,0.0,18,0,18,0.014449312499738909
2020-07-05 03:00:00+02:00,20,0,20,0.04910283862897408,25,0,25,0.10677168789919293
2020-07-05 04:00:00+02:00,29,1,28,0.5419439371488394,36,1,35,2.727177547566476
2020-07-05 05:00:00+02:00,36,1,35,2.727177547566476,48,1,47,9.964553643509852
2020-07-05 06:00:00+02:00,57,2,55,11.247345675463038,74,3,71,9.886934519670994
2020-07-05 07:00:00+02:00,87,3,84,9.504121716770046,119,3,116,9.275729661817119
2020-07-05 08:00:00+02:00,110,4,106,20.964248322238312,128,4,124,16.268122259148125
2020-07-05 09:00:00+02:00,118,4,114,16.65435568776215,166,6,160,16.094287115128708
2020-07-05 10:00:00+02:00,106,4,102,19.560878716092326,149,5,144,17.937448228249327
2020-07-05 11:00:00+02:00,82,3,79,8.6962433625344,98,3,95,9.366341704429512
2020-07-05 12:00:00+02:00,86,3,83,9.565861223121674,119,3,116,9.275729661817119
2020-07-05 13:00:00+02:00,89,3,86,10.527801976587284,98,4,94,9.366341704429512
2020-07-05 14:00:00+02:00,86,3,83,9.565861223121674,119,3,116,9.275729661817119
2020-07-05 15:00:00+02:00,96,4,92,10.792244903732447,127,4,123,18.022773693841014
2020-07-05 16:00:00+02:00,97,4,93,12.91170780960746,118,4,114,16.65435568776215
2020-07-05 17:00:00+02:00,117,4,113,13.539944397802945,135,5,130,20.27811899595658
2020-07-05 18:00:00+02:00,109,4,105,18.214376818550008,139,5,134,19.408576933840735
2020-07-05 19:00:00+02:00,89,3,86,10.527801976587284,90,3,87,10.477669283936715
2020-07-05 20:00:00+02:00,74,3,71,9.886934519670994,107,4,103,12.742346635562697
2020-07-05 21:00:00+02:00,73,2,71,10.015349835153332,86,3,83,9.565861223121674
2020-07-05 22:00:00+02:00,59,2,57,11.512224289105106,74,3,71,9.886934519670994
2020-07-05 23:00:00+02:00,29,1,28,0.5419439371488394,36,1,35,2.727177547566476
2020-07-06 00:00:00+02:00,39,3,36,6.782457974710225,37,4,33,2.066086063070793
2020-07-06 01:00:00+02:00,26,2,24,1.5382661455122164,26,2,24,1.5382661455122164
2020-07-06 02:00:00+02:00,24,2,22,1.5004308879154395,26,2,24,1.5382661455122164
2020-07-06 03:00:00+02:00,37,3,34,2.066086063070793,39,4,35,6.782457974710225
2020-07-06 04:00:00+02:00,60,5,55,10.583722413773145,62,6,56,14.48690450543278
2020-07-06 05:00:00+02:00,108,10,98,14.813734676069407,112,11,101,14.898852003445265
2020-07-06 06:00:00+02:00,136,13,123,16.594078125250377,142,16,126,21.623487252479663
2020-07-06 07:00:00+02:00,226,22,204,20.308697708911414,214,23,191,18.560318290748608
2020-07-06 08:00:00+02:00,239,24,215,13.74553452780325,235,29,206,20.674840106170866
2020-07-06 09:00:00+02:00,154,16,138,23.457384968254527,151,18,133,19.408157188048275
2020-07-06 10:00:00+02:00,128,11,117,19.601953989978306,128,12,116,19.601953989978306
2020-07-06 11:00:00+02:00,152,13,139,20.188330220444417,154,15,139,23.457384968254527
2020-07-06 12:00:00+02:00,123,13,110,19.074654696202938,128,14,114,19.601953989978306
2020-07-06 13:00:00+02:00,127,11,116,19.116953333289125,125,13,112,23.026828253397017
2020-07-06 14:00:00+02:00,127,11,116,19.116953333289125,125,13,112,23.026828253397017
2020-07-06 15:00:00+02:00,139,12,127,18.732486269107348,137,15,122,18.928795118329443
2020-07-06 16:00:00+02:00,145,14,131,18.85528596371164,157,17,140,23.857880119976507
2020-07-06 17:00:00+02:00,216,21,195,21.273439412003903,220,27,193,16.758079648934128
2020-07-06 18:00:00+02:00,228,21,207,15.818609956751573,225,22,203,17.07968654570721
2020-07-06 19:00:00+02:00,168,15,153,20.304807772345505,167,18,149,21.39117903937357
2020-07-06 20:00:00+02:00,166,16,150,18.57114730689396,170,20,150,19.775542485132945
2020-07-06 21:00:00+02:00,122,13,109,20.245567873519157,131,15,116,14.183230975852695
2020-07-06 22:00:00+02:00,89,8,81,17.562315027840828,89,8,81,17.562315027840828
2020-07-06 23:00:00+02:00,63,5,58,14.929801273937542,62,6,56,14.48690450543278
2020-07-07 00:00:00+02:00,91,4,87,14.700579974090408,102,5,97,17.16228969519664
2020-07-07 01:00:00+02:00,64,3,61,10.861502998298342,70,4,66,10.058368549125793
2020-07-07 02:00:00+02:00,66,3,63,9.023232667771104,71,4,67,10.892283890515856
2020-07-07 03:00:00+02:00,91,5,86,14.700579974090408,102,5,97,17.16228969519664
2020-07-07 04:00:00+02:00,161,9,152,14.047611523096029,176,11,165,18.2097920432382
2020-07-07 05:00:00+02:00,312,18,294,19.5654328807172,310,17,293,21.07594915875671
2020-07-07 06:00:00+02:00,353,18,335,15.611986263428733,373,25,348,21.959269594519817
2020-07-07 07:00:00+02:00,541,27,514,18.36315252401368,579,36,543,12.500832250048951
2020-07-07 08:00:00+02:00,602,31,571,14.48243267179175,636,41,595,18.93496792452342
2020-07-07 09:00:00+02:00,365,18,347,13.841509085955579,435,22,413,18.12903545838282
2020-07-07 10:00:00+02:00,318,17,301,18.935672225662945,355,21,334,15.9786287907944
2020-07-07 11:00:00+02:00,369,21,348,21.780887786449522,435,29,406,18.12903545838282
2020-07-07 12:00:00+02:00,318,17,301,18.935672225662945,355,21,334,15.9786287907944
2020-07-07 13:00:00+02:00,307,18,289,20.191149474612537,361,23,338,12.998769947964982
2020-07-07 14:00:00+02:00,335,17,318,19.015260784783788,358,24,334,17.266463146446004
2020-07-07 15:00:00+02:00,353,18,335,15.611986263428733,373,25,348,21.959269594519817
2020-07-07 16:00:00+02:00,382,19,363,20.125902913903722,439,25,414,20.7127910874839
2020-07-07 17:00:00+02:00,587,31,556,17.036830920372932,581,32,549,18.750194352465222
2020-07-07 18:00:00+02:00,602,31,571,14.48243267179175,636,41,595,18.93496792452342
2020-07-07 19:00:00+02:00,396,19,377,21.767956053046117,446,30,416,21.950882073931346
2020-07-07 20:00:00+02:00,409,20,389,18.9629233186537,447,30,417,20.70189340508245
2020-07-07 21:00:00+02:00,313,17,296,19.597411881440696,369,25,344,21.780887786449522
2020-07-07 22:00:00+02:00,243,13,230,20.047908047539842,242,15,227,20.177962707598695
2020-07-07 23:00:00+02:00,156,8,148,15.494343228884324,180,10,170,17.911677234460093
2020-07-08 00:00:00+02:00,103,7,96,12.113442962320551,101,7,94,11.280950715811313
2020-07-08 01:00:00+02:00,69,5,64,19.29595730158091,62,4,58,14.48690450543278
2020-07-08 02:00:00+02:00,67,4,63,12.5039951599288,69,5,64,19.29595730158091
2020-07-08 03:00:00+02:00,102,7,95,13.093305626972347,103,6,97,12.113442962320551
2020-07-08 04:00:00+02:00,173,13,160,20.37647841384157,168,12,156,20.304807772345505
2020-07-08 05:00:00+02:00,310,22,288,16.921651532922695,297,18,279,18.348417493587977
2020-07-08 06:00:00+02:00,374,25,349,18.17629135420491,363,22,341,20.037936765942277
2020-07-08 07:00:00+02:00,583,47,536,17.990582160320795,580,39,541,24.24750544028644
2020-07-08 08:00:00+02:00,617,48,569,19.739247366719148,561,34,527,19.266161028294455
2020-07-08 09:00:00+02:00,411,29,382,21.89950881174465,378,28,350,19.765573549462566
2020-07-08 10:00:00+02:00,345,24,321,18.48984602659702,339,25,314,21.378284288972047
2020-07-08 11:00:00+02:00,416,28,388,17.117872401421668,372,24,348,17.388398109436665
2020-07-08 12:00:00+02:00,344,24,320,17.416933285982235,339,25,314,21.378284288972047
2020-07-08 13:00:00+02:00,347,23,324,19.399384547744187,337,22,315,21.494538760895587
2020-07-08 14:00:00+02:00,342,25,317,17.147818156889407,305,22,283,19.342371998402466
2020-07-08 15:00:00+02:00,375,26,349,22.64494297948435,363,22,341,20.037936765942277
2020-07-08 16:00:00+02:00,411,33,378,21.89950881174465,378,28,350,19.765573549462566
2020-07-08 17:00:00+02:00,587,41,546,20.028899672241884,580,39,541,24.24750544028644
2020-07-08 18:00:00+02:00,617,48,569,19.739247366719148,561,34,527,19.266161028294455
2020-07-08 19:00:00+02:00,446,32,414,22.957333740469338,413,27,386,24.398754434847095
2020-07-08 20:00:00+02:00,440,32,408,19.57754243382943,422,30,392,20.257299015157166
2020-07-08 21:00:00+02:00,341,27,314,14.480776847696712,342,19,323,17.147818156889407
2020-07-08 22:00:00+02:00,236,18,218,19.106111918840778,235,17,218,20.674840106170866
2020-07-08 23:00:00+02:00,172,13,159,19.644113972447897,166,12,154,18.57114730689396
2020-07-09 00:00:00+02:00,102,5,97,17.16228969519664,101,9,92,15.722824076028786
2020-07-09 01:00:00+02:00,67,3,64,8.7820789764259,68,5,63,8.76838954329883
2020-07-09 02:00:00+02:00,58,3,55,9.553390843343198,64,5,59,10.861502998298342
2020-07-09 03:00:00+02:00,96,4,92,14.216912378866963,97,9,88,12.899076821727318
2020-07-09 04:00:00+02:00,147,6,141,15.368688681481572,168,12,156,18.826549160784868
2020-07-09 05:00:00+02:00,281,12,269,13.335471171698996,302,25,277,15.388460750733547
2020-07-09 06:00:00+02:00,324,17,307,16.73552361007021,371,31,340,22.160808065992768
2020-07-09 07:00:00+02:00,585,31,554,19.939414463599903,552,41,511,19.146280906772695
2020-07-09 08:00:00+02:00,562,27,535,16.760248746749884,621,49,572,16.83849858700539
2020-07-09 09:00:00+02:00,383,20,363,16.374944526750998,380,32,348,17.309275284538113
2020-07-09 10:00:00+02:00,336,17,319,15.958874822620459,333,32,301,20.32010801444679
2020-07-09 11:00:00+02:00,357,18,339,17.217656619200195,386,33,353,16.144755675484674
2020-07-09 12:00:00+02:00,295,14,281,18.124850955878475,321,30,291,16.145632477670972
2020-07-09 13:00:00+02:00,305,13,292,17.950849983805522,316,29,287,20.62407905935427
2020-07-09 14:00:00+02:00,305,13,292,17.950849983805522,316,29,287,20.62407905935427
2020-07-09 15:00:00+02:00,336,15,321,15.958874822620459,367,35,332,17.587667378831867
2020-07-09 16:00:00+02:00,411,18,393,20.19047191446031,384,34,350,18.328255577407415
2020-07-09 17:00:00+02:00,589,28,561,18.12336350672661,542,52,490,19.962845961808647
2020-07-09 18:00:00+02:00,534,24,510,17.863758913120975,613,49,564,19.97690214137227
2020-07-09 19:00:00+02:00,446,20,426,21.950882073931346,446,41,405,21.950882073931346
2020-07-09 20:00:00+02:00,452,20,432,20.457835069065744,451,41,410,18.26483114220407
2020-07-09 21:00:00+02:00,304,13,291,17.388899925714064,316,29,287,20.62407905935427
2020-07-09 22:00:00+02:00,214,9,205,15.924572551583156,237,19,218,19.639472056784783
2020-07-09 23:00:00+02:00,159,7,152,14.902124069206264,164,15,149,17.04508883203371
2020-07-10 00:00:00+02:00,104,6,98,15.419008920479554,103,6,97,15.382954428343787
2020-07-10 01:00:00+02:00,69,4,65,9.088019179013875,63,4,59,10.388662642002918
2020-07-10 02:00:00+02:00,66,4,62,9.023232667771104,67,4,63,8.7820789764259
2020-07-10 03:00:00+02:00,102,6,96,17.16228969519664,101,6,95,15.722824076028786
2020-07-10 04:00:00+02:00,167,10,157,16.326460423959446,162,8,154,16.74566421039952
2020-07-10 05:00:00+02:00,306,19,287,17.29338931061959,295,19,276,18.124850955878475
2020-07-10 06:00:00+02:00,365,23,342,13.841509085955579,374,19,355,19.74351641083776
2020-07-10 07:00:00+02:00,581,32,549,18.750194352465222,561,31,530,19.46521037670725
2020-07-10 08:00:00+02:00,589,37,552,18.12336350672661,574,39,535,15.684649835412802
2020-07-10 09:00:00+02:00,399,24,375,19.41491988156679,385,26,359,20.421424085503357
2020-07-10 10:00:00+02:00,337,20,317,17.267378436340927,346,19,327,20.055561008235962
2020-07-10 11:00:00+02:00,405,26,379,22.019042003290508,397,26,371,18.199028450046157
2020-07-10 12:00:00+02:00,329,19,310,19.42296356680245,331,21,310,17.80556906191039
2020-07-10 13:00:00+02:00,332,20,312,16.51343902542064,339,17,322,18.816064403360887
2020-07-10 14:00:00+02:00,335,19,316,19.015260784783788,336,22,314,15.958874822620459
2020-07-10 15:00:00+02:00,379,24,355,21.848351584441453,348,20,328,19.874294449784557
2020-07-10 16:00:00+02:00,405,26,379,22.019042003290508,397,26,371,18.199028450046157
2020-07-10 17:00:00+02:00,560,33,527,19.224282894636197,586,32,554,15.95701591247249
2020-07-10 18:00:00+02:00,610,33,577,21.63574172729095,592,35,557,19.04359843442914
2020-07-10 19:00:00+02:00,426,25,401,17.1824615006757,420,22,398,17.41043484577572
2020-07-10 20:00:00+02:00,446,28,418,21.950882073931346,446,28,418,21.950882073931346
2020-07-10 21:00:00+02:00,332,18,314,16.51343902542064,339,17,322,18.816064403360887
2020-07-10 22:00:00+02:00,235,13,222,17.312504441342213,229,14,215,17.77127130389445
2020-07-10 23:00:00+02:00,165,9,156,14.577535715178616,172,10,162,17.29590397289294
2020-07-11 00:00:00+02:00,98,3,95,12.969802473207528,107,3,104,14.594273950490571
2020-07-11 01:00:00+02:00,65,2,63,6.612960189648945,69,2,67,6.084524746870145
2020-07-11 02:00:00+02:00,67,2,65,6.903137595840754,69,2,67,6.084524746870145
2020-07-11 03:00:00+02:00,101,3,98,15.166655061563866,104,3,101,14.922189003690542
2020-07-11 04:00:00+02:00,131,4,127,16.939966253796925,141,4,137,17.969717742952817
2020-07-11 05:00:00+02:00,169,5,164,18.059406370116463,177,6,171,18.32493748209408
2020-07-11 06:00:00+02:00,277,9,268,15.66436341783579,287,10,277,18.44694466552339
2020-07-11 07:00:00+02:00,398,15,383,18.935796743863577,428,17,411,18.508932401616175
2020-07-11 08:00:00+02:00,546,20,526,16.77191706374956,563,19,544,15.54072112529785
2020-07-11 09:00:00+02:00,572,22,550,18.032329321067635,597,22,575,20.54947528411044
2020-07-11 10:00:00+02:00,521,19,502,18.717785760371264,526,18,508,19.410346918594843
2020-07-11 11:00:00+02:00,412,15,397,18.68690829245824,428,16,412,18.508932401616175
2020-07-11 12:00:00+02:00,409,15,394,15.464491050485762,421,14,407,20.884695937787182
2020-07-11 13:00:00+02:00,435,15,420,20.183878117421074,459,16,443,16.959180503378708
2020-07-11 14:00:00+02:00,410,15,395,19.263485804042553,421,14,407,20.884695937787182
2020-07-11 15:00:00+02:00,468,16,452,23.213262344869758,503,16,487,14.977719066049488
2020-07-11 16:00:00+02:00,472,18,454,19.642234119942152,502,18,484,18.657977723274794
2020-07-11 17:00:00+02:00,534,21,513,20.03764105486615,570,19,551,21.123025347766156
2020-07-11 18:00:00+02:00,498,19,479,18.48397287248944,535,20,515,18.92923559959552
2020-07-11 19:00:00+02:00,395,15,380,16.372238321812947,428,17,411,18.508932401616175
2020-07-11 20:00:00+02:00,375,14,361,16.704197755382875,387,13,374,21.912479739058885
2020-07-11 21:00:00+02:00,332,13,319,15.16114852603342,359,14,345,19.769371874945296
2020-07-11 22:00:00+02:00,276,10,266,15.563245118983389,281,8,273,17.76246032663056
2020-07-11 23:00:00+02:00,133,4,129,17.252916687553505,143,5,138,18.615052540091806
2020-07-12 00:00:00+02:00,55,1,54,6.735175375295225,58,1,57,5.956962867511296
2020-07-12 01:00:00+02:00,37,0,37,0.10616208206304878,41,0,41,0.5461031644139451
2020-07-12 02:00:00+02:00,37,0,37,0.10616208206304878,41,0,41,0.5461031644139451
2020-07-12 03:00:00+02:00,56,1,55,6.305580858028862,58,1,57,5.956962867511296
2020-07-12 04:00:00+02:00,75,1,74,8.496916082820329,85,1,84,10.605360902000728
2020-07-12 05:00:00+02:00,94,2,92,10.834275936241724,102,2,100,16.872085686095776
2020-07-12 06:00:00+02:00,151,3,148,16.104558405426747,190,4,186,15.722923549480257
2020-07-12 07:00:00+02:00,235,5,230,17.818698986618266,291,7,284,18.65765369075301
2020-07-12 08:00:00+02:00,308,6,302,20.6154927249965,400,8,392,13.326534837992975
2020-07-12 09:00:00+02:00,337,7,330,20.830111150980965,424,10,414,22.23934640472396
2020-07-12 10:00:00+02:00,280,6,274,18.140570207306258,388,8,380,21.335919297359776
2020-07-12 11:00:00+02:00,220,5,215,17.165789561846236,259,6,253,19.654896199931585
2020-07-12 12:00:00+02:00,235,6,229,17.818698986618266,291,7,284,18.65765369075301
2020-07-12 13:00:00+02:00,250,5,245,19.87213099739703,298,6,292,20.492105699574804
2020-07-12 14:00:00+02:00,217,5,212,18.524303511273022,268,6,262,17.48234396673468
2020-07-12 15:00:00+02:00,270,6,264,17.758193366652176,296,6,290,20.22658197049654
2020-07-12 16:00:00+02:00,253,6,247,19.52264004070869,321,6,315,14.798236545220965
2020-07-12 17:00:00+02:00,292,7,285,20.98379645720198,346,7,339,19.574962836525334
2020-07-12 18:00:00+02:00,284,6,278,20.19042731002901,392,10,382,19.81318580010203
2020-07-12 19:00:00+02:00,220,5,215,17.165789561846236,259,6,253,19.654896199931585
2020-07-12 20:00:00+02:00,216,5,211,18.982366806375833,245,6,239,18.942695865735725
2020-07-12 21:00:00+02:00,193,4,189,17.477315732472185,239,5,234,21.954537826783962
2020-07-12 22:00:00+02:00,151,3,148,16.104558405426747,190,4,186,15.722923549480257
2020-07-12 23:00:00+02:00,78,1,77,11.28019362112849,80,2,78,10.935892759042927
2020-07-13 00:00:00+02:00,100,6,94,11.498666007215672,103,6,97,15.382954428343787
2020-07-13 01:00:00+02:00,69,4,65,9.088019179013875,67,4,63,8.7820789764259
2020-07-13 02:00:00+02:00,70,4,66,10.058368549125793,70,4,66,10.058368549125793
2020-07-13 03:00:00+02:00,105,6,99,17.275457667249523,107,7,100,14.468560125293688
2020-07-13 04:00:00+02:00,174,10,164,15.16870194582857,173,10,163,15.973662407262577
2020-07-13 05:00:00+02:00,296,16,280,17.712986272610788,316,19,297,20.62407905935427
2020-07-13 06:00:00+02:00,366,19,347,21.55465930066985,393,26,367,18.9997609120005
2020-07-13 07:00:00+02:00,564,37,527,17.894997027868744,596,44,552,15.907225472203114
2020-07-13 08:00:00+02:00,634,37,597,21.632607746428658,608,34,574,18.32520001541616
2020-07-13 09:00:00+02:00,421,23,398,17.020475847067946,405,30,375,22.019042003290508
2020-07-13 10:00:00+02:00,342,22,320,16.62954797709198,347,21,326,21.10654626064635
2020-07-13 11:00:00+02:00,428,27,401,16.577822504859213,417,30,387,13.5483310227481
2020-07-13 12:00:00+02:00,331,19,312,17.80556906191039,343,23,320,17.146295462927593
2020-07-13 13:00:00+02:00,346,22,324,20.055561008235962,349,26,323,20.36491253730765
2020-07-13 14:00:00+02:00,354,20,334,15.564128092786257,339,25,314,18.816064403360887
2020-07-13 15:00:00+02:00,391,24,367,17.400151250985424,383,26,357,16.374944526750998
2020-07-13 16:00:00+02:00,393,23,370,18.9997609120005,412,31,381,21.656867998631252
2020-07-13 17:00:00+02:00,586,34,552,15.95701591247249,595,34,561,19.26058236025398
2020-07-13 18:00:00+02:00,634,37,597,21.632607746428658,608,34,574,18.32520001541616
2020-07-13 19:00:00+02:00,457,25,432,20.79697956139564,466,29,437,21.78555834863052
2020-07-13 20:00:00+02:00,461,28,433,20.137663055422987,458,32,426,16.012859161215747
2020-07-13 21:00:00+02:00,339,20,319,18.816064403360887,347,21,326,21.10654626064635
2020-07-13 22:00:00+02:00,250,16,234,16.293795315544642,246,15,231,18.77282817762498
2020-07-13 23:00:00+02:00,174,11,163,15.16870194582857,173,10,163,15.973662407262577
2020-07-14 00:00:00+02:00,93,4,89,10.49382362978423,107,7,100,14.468560125293688
2020-07-14 01:00:00+02:00,69,3,66,9.088019179013875,67,4,63,8.7820789764259
2020-07-14 02:00:00+02:00,66,3,63,9.023232667771104,71,4,67,10.892283890515856
2020-07-14 03:00:00+02:00,91,5,86,14.700579974090408,102,5,97,17.16228969519664
2020-07-14 04:00:00+02:00,161,9,152,14.047611523096029,176,11,165,18.2097920432382
2020-07-14 05:00:00+02:00,312,18,294,19.5654328807172,310,17,293,21.07594915875671
2020-07-14 06:00:00+02:00,353,18,335,15.611986263428733,373,25,348,21.959269594519817
2020-07-14 07:00:00+02:00,541,27,514,18.36315252401368,579,36,543,12.500832250048951
2020-07-14 08:00:00+02:00,602,31,571,14.48243267179175,636,41,595,18.93496792452342
2020-07-14 09:00:00+02:00,365,18,347,13.841509085955579,435,22,413,18.12903545838282
2020-07-14 10:00:00+02:00,318,17,301,18.935672225662945,355,21,334,15.9786287907944
2020-07-14 11:00:00+02:00,369,21,348,21.780887786449522,435,29,406,18.12903545838282
2020-07-14 12:00:00+02:00,318,17,301,18.935672225662945,355,21,334,15.9786287907944
2020-07-14 13:00:00+02:00,307,18,289,20.191149474612537,361,23,338,12.998769947964982
2020-07-14 14:00:00+02:00,335,17,318,19.015260784783788,358,24,334,17.266463146446004
2020-07-14 15:00:00+02:00,353,18,335,15.611986263428733,373,25,348,21.959269594519817
2020-07-14 16:00:00+02:00,382,19,363,20.125902913903722,439,25,414,20.7127910874839
2020-07-14 17:00:00+02:00,587,31,556,17.036830920372932,581,32,549,18.750194352465222
2020-07-14 18:00:00+02:00,602,31,571,14.48243267179175,636,41,595,18.93496792452342
2020-07-14 19:00:00+02:00,396,19,377,21.767956053046117,446,30,416,21.950882073931346
2020-07-14 20:00:00+02:00,409,20,389,18.9629233186537,447,30,417,20.70189340508245
2020-07-14 21:00:00+02:00,313,17,296,19.597411881440696,369,25,344,21.780887786449522
2020-07-14 22:00:00+02:00,243,13,230,20.047908047539842,242,15,227,20.177962707598695
2020-07-14 23:00:00+02:00,156,8,148,15.494343228884324,180,10,170,17.911677234460093
2020-07-15 00:00:00+02:00,103,7,96,12.113442962320551,101,7,94,11.280950715811313
2020-07-15 01:00:00+02:00,69,5,64,19.29595730158091,62,4,58,14.48690450543278
2020-07-15 02:00:00+02:00,67,4,63,12.5039951599288,69,5,64,19.29595730158091
2020-07-15 03:00:00+02:00,102,7,95,13.093305626972347,103,6,97,12.113442962320551
2020-07-15 04:00:00+02:00,173,13,160,20.37647841384157,168,12,156,20.304807772345505
2020-07-15 05:00:00+02:00,310,22,288,16.921651532922695,297,18,279,18.348417493587977
2020-07-15 06:00:00+02:00,374,25,349,18.17629135420491,363,22,341,20.037936765942277
2020-07-15 07:00:00+02:00,583,47,536,17.990582160320795,580,39,541,24.24750544028644
2020-07-15 08:00:00+02:00,617,48,569,19.739247366719148,561,34,527,19.266161028294455
2020-07-15 09:00:00+02:00,411,29,382,21.89950881174465,378,28,350,19.765573549462566
2020-07-15 10:00:00+02:00,345,24,321,18.48984602659702,339,25,314,21.378284288972047
2020-07-15 11:00:00+02:00,416,28,388,17.117872401421668,372,24,348,17.388398109436665
2020-07-15 12:00:00+02:00,344,24,320,17.416933285982235,339,25,314,21.378284288972047
2020-07-15 13:00:00+02:00,347,23,324,19.399384547744187,337,22,315,21.494538760895587
2020-07-15 14:00:00+02:00,342,25,317,17.147818156889407,305,22,283,19.342371998402466
2020-07-15 15:00:00+02:00,375,26,349,22.64494297948435,363,22,341,20.037936765942277
2020-07-15 16:00:00+02:00,411,33,378,21.89950881174465,378,28,350,19.765573549462566
2020-07-15 17:00:00+02:00,587,41,546,20.028899672241884,580,39,541,24.24750544028644
2020-07-15 18:00:00+02:00,617,48,569,19.739247366719148,561,34,527,19.266161028294455
2020-07-15 19:00:00+02:00,446,32,414,22.957333740469338,413,27,386,24.398754434847095
2020-07-15 20:00:00+02:00,440,32,408,19.57754243382943,422,30,392,20.257299015157166
2020-07-15 21:00:00+02:00,341,27,314,14.480776847696712,342,19,323,17.147818156889407
2020-07-15 22:00:00+02:00,236,18,218,19.106111918840778,235,17,218,20.674840106170866
2020-07-15 23:00:00+02:00,172,13,159,19.644113972447897,166,12,154,18.57114730689396
2020-07-16 00:00:00+02:00,102,5,97,17.16228969519664,101,9,92,15.722824076028786
2020-07-16 01:00:00+02:00,67,3,64,8.7820789764259,68,5,63,8.76838954329883
2020-07-16 02:00:00+02:00,58,3,55,9.553390843343198,64,5,59,10.861502998298342
2020-07-16 03:00:00+02:00,96,4,92,14.216912378866963,97,9,88,12.899076821727318
2020-07-16 04:00:00+02:00,147,6,141,15.368688681481572,168,12,156,18.826549160784868
2020-07-16 05:00:00+02:00,281,12,269,13.335471171698996,302,25,277,15.388460750733547
2020-07-16 06:00:00+02:00,324,17,307,16.73552361007021,371,31,340,22.160808065992768
2020-07-16 07:00:00+02:00,585,31,554,19.939414463599903,552,41,511,19.146280906772695
2020-07-16 08:00:00+02:00,562,27,535,16.760248746749884,621,49,572,16.83849858700539
2020-07-16 09:00:00+02:00,383,20,363,16.374944526750998,380,32,348,17.309275284538113
2020-07-16 10:00:00+02:00,336,17,319,15.958874822620459,333,32,301,20.32010801444679
2020-07-16 11:00:00+02:00,357,18,339,17.217656619200195,386,33,353,16.144755675484674
2020-07-16 12:00:00+02:00,295,14,281,18.124850955878475,321,30,291,16.145632477670972
2020-07-16 13:00:00+02:00,305,13,292,17.950849983805522,316,29,287,20.62407905935427
2020-07-16 14:00:00+02:00,305,13,292,17.950849983805522,316,29,287,20.62407905935427
2020-07-16 15:00:00+02:00,336,15,321,15.958874822620459,367,35,332,17.587667378831867
2020-07-16 16:00:00+02:00,411,18,393,20.19047191446031,384,34,350,18.328255577407415
2020-07-16 17:00:00+02:00,589,28,561,18.12336350672661,542,52,490,19.962845961808647
2020-07-16 18:00:00+02:00,534,24,510,17.863758913120975,613,49,564,19.97690214137227
2020-07-16 19:00:00+02:00,446,20,426,21.950882073931346,446,41,405,21.950882073931346
2020-07-16 20:00:00+02:00,452,20,432,20.457835069065744,451,41,410,18.26483114220407
2020-07-16 21:00:00+02:00,304,13,291,17.388899925714064,316,29,287,20.62407905935427
2020-07-16 22:00:00+02:00,214,9,205,15.924572551583156,237,19,218,19.639472056784783
2020-07-16 23:00:00+02:00,159,7,152,14.902124069206264,164,15,149,17.04508883203371
2020-07-17 00:00:00+02:00,104,6,98,15.419008920479554,103,6,97,15.382954428343787
2020-07-17 01:00:00+02:00,69,4,65,9.088019179013875,63,4,59,10.388662642002918
2020-07-17 02:00:00+02:00,66,4,62,9.023232667771104,67,4,63,8.7820789764259
2020-07-17 03:00:00+02:00,102,6,96,17.16228969519664,101,6,95,15.722824076028786
2020-07-17 04:00:00+02:00,167,10,157,16.326460423959446,162,8,154,16.74566421039952
2020-07-17 05:00:00+02:00,306,19,287,17.29338931061959,295,19,276,18.124850955878475
2020-07-17 06:00:00+02:00,365,23,342,13.841509085955579,374,19,355,19.74351641083776
2020-07-17 07:00:00+02:00,581,32,549,18.750194352465222,561,31,530,19.46521037670725
2020-07-17 08:00:00+02:00,589,37,552,18.12336350672661,574,39,535,15.684649835412802
2020-07-17 09:00:00+02:00,399,24,375,19.41491988156679,385,26,359,20.421424085503357
2020-07-17 10:00:00+02:00,337,20,317,17.267378436340927,346,19,327,20.055561008235962
2020-07-17 11:00:00+02:00,405,26,379,22.019042003290508,397,26,371,18.199028450046157
2020-07-17 12:00:00+02:00,329,19,310,19.42296356680245,331,21,310,17.80556906191039
2020-07-17 13:00:00+02:00,332,20,312,16.51343902542064,339,17,322,18.816064403360887
2020-07-17 14:00:00+02:00,335,19,316,19.015260784783788,336,22,314,15.958874822620459
2020-07-17 15:00:00+02:00,379,24,355,21.848351584441453,348,20,328,19.874294449784557
2020-07-17 16:00:00+02:00,405,26,379,22.019042003290508,397,26,371,18.199028450046157
2020-07-17 17:00:00+02:00,560,33,527,19.224282894636197,586,32,554,15.95701591247249
2020-07-17 18:00:00+02:00,610,33,577,21.63574172729095,592,35,557,19.04359843442914
2020-07-17 19:00:00+02:00,426,25,401,17.1824615006757,420,22,398,17.41043484577572
2020-07-17 20:00:00+02:00,446,28,418,21.950882073931346,446,28,418,21.950882073931346
2020-07-17 21:00:00+02:00,332,18,314,16.51343902542064,339,17,322,18.816064403360887
2020-07-17 22:00:00+02:00,235,13,222,17.312504441342213,229,14,215,17.77127130389445
2020-07-17 23:00:00+02:00,165,9,156,14.577535715178616,172,10,162,17.29590397289294
2020-07-18 00:00:00+02:00,98,3,95,12.969802473207528,107,3,104,14.594273950490571
2020-07-18 01:00:00+02:00,65,2,63,6.612960189648945,69,2,67,6.084524746870145
2020-07-18 02:00:00+02:00,67,2,65,6.903137595840754,69,2,67,6.084524746870145
2020-07-18 03:00:00+02:00,101,3,98,15.166655061563866,104,3,101,14.922189003690542
2020-07-18 04:00:00+02:00,131,4,127,16.939966253796925,141,4,137,17.969717742952817
2020-07-18 05:00:00+02:00,169,5,164,18.059406370116463,177,6,171,18.32493748209408
2020-07-18 06:00:00+02:00,277,9,268,15.66436341783579,287,10,277,18.44694466552339
2020-07-18 07:00:00+02:00,398,15,383,18.935796743863577,428,17,411,18.508932401616175
2020-07-18 08:00:00+02:00,546,20,526,16.77191706374956,563,19,544,15.54072112529785
2020-07-18 09:00:00+02:00,572,22,550,18.032329321067635,597,22,575,20.54947528411044
2020-07-18 10:00:00+02:00,521,19,502,18.717785760371264,526,18,508,19.410346918594843
2020-07-18 11:00:00+02:00,412,15,397,18.68690829245824,428,16,412,18.508932401616175
2020-07-18 12:00:00+02:00,409,15,394,15.464491050485762,421,14,407,20.884695937787182
2020-07-18 13:00:00+02:00,435,15,420,20.183878117421074,459,16,443,16.959180503378708
2020-07-18 14:00:00+02:00,410,15,395,19.263485804042553,421,14,407,20.884695937787182
2020-07-18 15:00:00+02:00,468,16,452,23.213262344869758,503,16,487,14.977719066049488
2020-07-18 16:00:00+02:00,472,18,454,19.642234119942152,502,18,484,18.657977723274794
2020-07-18 17:00:00+02:00,534,21,513,20.03764105486615,570,19,551,21.123025347766156
2020-07-18 18:00:00+02:00,498,19,479,18.48397287248944,535,20,515,18.92923559959552
2020-07-18 19:00:00+02:00,395,15,380,16.372238321812947,428,17,411,18.508932401616175
2020-07-18 20:00:00+02:00,375,14,361,16.704197755382875,387,13,374,21.912479739058885
2020-07-18 21:00:00+02:00,332,13,319,15.16114852603342,359,14,345,19.769371874945296
2020-07-18 22:00:00+02:00,276,10,266,15.563245118983389,281,8,273,17.76246032663056
2020-07-18 23:00:00+02:00,133,4,129,17.252916687553505,143,5,138,18.615052540091806
2020-07-19 00:00:00+02:00,55,1,54,6.735175375295225,58,1,57,5.956962867511296
2020-07-19 01:00:00+02:00,37,0,37,0.10616208206304878,41,0,41,0.5461031644139451
2020-07-19 02:00:00+02:00,37,0,37,0.10616208206304878,41,0,41,0.5461031644139451
2020-07-19 03:00:00+02:00,56,1,55,6.305580858028862,58,1,57,5.956962867511296
2020-07-19 04:00:00+02:00,75,1,74,8.496916082820329,85,1,84,10.605360902000728
2020-07-19 05:00:00+02:00,94,2,92,10.834275936241724,102,2,100,16.872085686095776
2020-07-19 06:00:00+02:00,151,3,148,16.104558405426747,190,4,186,15.722923549480257
2020-07-19 07:00:00+02:00,235,5,230,17.818698986618266,291,7,284,18.65765369075301
2020-07-19 08:00:00+02:00,308,6,302,20.6154927249965,400,8,392,13.326534837992975
2020-07-19 09:00:00+02:00,337,7,330,20.830111150980965,424,10,414,22.23934640472396
2020-07-19 10:00:00+02:00,280,6,274,18.140570207306258,388,8,380,21.335919297359776
2020-07-19 11:00:00+02:00,220,5,215,17.165789561846236,259,6,253,19.654896199931585
2020-07-19 12:00:00+02:00,235,6,229,17.818698986618266,291,7,284,18.65765369075301
2020-07-19 13:00:00+02:00,250,5,245,19.87213099739703,298,6,292,20.492105699574804
2020-07-19 14:00:00+02:00,217,5,212,18.524303511273022,268,6,262,17.48234396673468
2020-07-19 15:00:00+02:00,270,6,264,17.758193366652176,296,6,290,20.22658197049654
2020-07-19 16:00:00+02:00,253,6,247,19.52264004070869,321,6,315,14.798236545220965
2020-07-19 17:00:00+02:00,292,7,285,20.98379645720198,346,7,339,19.574962836525334
2020-07-19 18:00:00+02:00,284,6,278,20.19042731002901,392,10,382,19.81318580010203
2020-07-19 19:00:00+02:00,220,5,215,17.165789561846236,259,6,253,19.654896199931585
2020-07-19 20:00:00+02:00,216,5,211,18.982366806375833,245,6,239,18.942695865735725
2020-07-19 21:00:00+02:00,193,4,189,17.477315732472185,239,5,234,21.954537826783962
2020-07-19 22:00:00+02:00,151,3,148,16.104558405426747,190,4,186,15.722923549480257
2020-07-19 23:00:00+02:00,78,1,77,11.28019362112849,80,2,78,10.935892759042927
2020-07-20 00:00:00+02:00,100,6,94,11.498666007215672,103,6,97,15.382954428343787
2020-07-20 01:00:00+02:00,69,4,65,9.088019179013875,67,4,63,8.7820789764259
2020-07-20 02:00:00+02:00,70,4,66,10.058368549125793,70,4,66,10.058368549125793
2020-07-20 03:00:00+02:00,105,6,99,17.275457667249523,107,7,100,14.468560125293688
2020-07-20 04:00:00+02:00,174,10,164,15.16870194582857,173,10,163,15.973662407262577
2020-07-20 05:00:00+02:00,296,16,280,17.712986272610788,316,19,297,20.62407905935427
2020-07-20 06:00:00+02:00,366,19,347,21.55465930066985,393,26,367,18.9997609120005
2020-07-20 07:00:00+02:00,564,37,527,17.894997027868744,596,44,552,15.907225472203114
2020-07-20 08:00:00+02:00,634,37,597,21.632607746428658,608,34,574,18.32520001541616
2020-07-20 09:00:00+02:00,421,23,398,17.020475847067946,405,30,375,22.019042003290508
2020-07-20 10:00:00+02:00,342,22,320,16.62954797709198,347,21,326,21.10654626064635
2020-07-20 11:00:00+02:00,428,27,401,16.577822504859213,417,30,387,13.5483310227481
2020-07-20 12:00:00+02:00,331,19,312,17.80556906191039,343,23,320,17.146295462927593
2020-07-20 13:00:00+02:00,346,22,324,20.055561008235962,349,26,323,20.36491253730765
2020-07-20 14:00:00+02:00,354,20,334,15.564128092786257,339,25,314,18.816064403360887
2020-07-20 15:00:00+02:00,391,24,367,17.400151250985424,383,26,357,16.374944526750998
2020-07-20 16:00:00+02:00,393,23,370,18.9997609120005,412,31,381,21.656867998631252
2020-07-20 17:00:00+02:00,586,34,552,15.95701591247249,595,34,561,19.26058236025398
2020-07-20 18:00:00+02:00,634,37,597,21.632607746428658,608,34,574,18.32520001541616
2020-07-20 19:00:00+02:00,457,25,432,20.79697956139564,466,29,437,21.78555834863052
2020-07-20 20:00:00+02:00,461,28,433,20.137663055422987,458,32,426,16.012859161215747
2020-07-20 21:00:00+02:00,339,20,319,18.816064403360887,347,21,326,21.10654626064635
2020-07-20 22:00:00+02:00,250,16,234,16.293795315544642,246,15,231,18.77282817762498
2020-07-20 23:00:00+02:00,174,11,163,15.16870194582857,173,10,163,15.973662407262577
2020-07-21 00:00:00+02:00,93,4,89,10.49382362978423,107,7,100,14.468560125293688
2020-07-21 01:00:00+02:00,69,3,66,9.088019179013875,67,4,63,8.7820789764259
2020-07-21 02:00:00+02:00,66,3,63,9.023232667771104,71,4,67,10.892283890515856
2020-07-21 03:00:00+02:00,91,5,86,14.700579974090408,102,5,97,17.16228969519664
2020-07-21 04:00:00+02:00,161,9,152,14.047611523096029,176,11,165,18.2097920432382
2020-07-21 05:00:00+02:00,312,18,294,19.5654328807172,310,17,293,21.07594915875671
2020-07-21 06:00:00+02:00,353,18,335,15.611986263428733,373,25,348,21.959269594519817
2020-07-21 07:00:00+02:00,541,27,514,18.36315252401368,579,36,543,12.500832250048951
2020-07-21 08:00:00+02:00,602,31,571,14.48243267179175,636,41,595,18.93496792452342
2020-07-21 09:00:00+02:00,365,18,347,13.841509085955579,435,22,413,18.12903545838282
2020-07-21 10:00:00+02:00,318,17,301,18.935672225662945,355,21,334,15.9786287907944
2020-07-21 11:00:00+02:00,369,21,348,21.780887786449522,435,29,406,18.12903545838282
2020-07-21 12:00:00+02:00,318,17,301,18.935672225662945,355,21,334,15.9786287907944
2020-07-21 13:00:00+02:00,307,18,289,20.191149474612537,361,23,338,12.998769947964982
2020-07-21 14:00:00+02:00,335,17,318,19.015260784783788,358,24,334,17.266463146446004
2020-07-21 15:00:00+02:00,353,18,335,15.611986263428733,373,25,348,21.959269594519817
2020-07-21 16:00:00+02:00,382,19,363,20.125902913903722,439,25,414,20.7127910874839
2020-07-21 17:00:00+02:00,587,31,556,17.036830920372932,581,32,549,18.750194352465222
2020-07-21 18:00:00+02:00,602,31,571,14.48243267179175,636,41,595,18.93496792452342
2020-07-21 19:00:00+02:00,396,19,377,21.767956053046117,446,30,416,21.950882073931346
2020-07-21 20:00:00+02:00,409,20,389,18.9629233186537,447,30,417,20.70189340508245
2020-07-21 21:00:00+02:00,313,17,296,19.597411881440696,369,25,344,21.780887786449522
2020-07-21 22:00:00+02:00,243,13,230,20.047908047539842,242,15,227,20.177962707598695
2020-07-21 23:00:00+02:00,156,8,148,15.494343228884324,180,10,170,17.911677234460093
2020-07-22 00:00:00+02:00,103,7,96,12.113442962320551,101,7,94,11.280950715811313
2020-07-22 01:00:00+02:00,69,5,64,19.29595730158091,62,4,58,14.48690450543278
2020-07-22 02:00:00+02:00,67,4,63,12.5039951599288,69,5,64,19.29595730158091
2020-07-22 03:00:00+02:00,102,7,95,13.093305626972347,103,6,97,12.113442962320551
2020-07-22 04:00:00+02:00,173,13,160,20.37647841384157,168,12,156,20.304807772345505
2020-07-22 05:00:00+02:00,310,22,288,16.921651532922695,297,18,279,18.348417493587977
2020-07-22 06:00:00+02:00,374,25,349,18.17629135420491,363,22,341,20.037936765942277
2020-07-22 07:00:00+02:00,583,47,536,17.990582160320795,580,39,541,24.24750544028644
2020-07-22 08:00:00+02:00,617,48,569,19.739247366719148,561,34,527,19.266161028294455
2020-07-22 09:00:00+02:00,411,29,382,21.89950881174465,378,28,350,19.765573549462566
2020-07-22 10:00:00+02:00,345,24,321,18.48984602659702,339,25,314,21.378284288972047
2020-07-22 11:00:00+02:00,416,28,388,17.117872401421668,372,24,348,17.388398109436665
2020-07-22 12:00:00+02:00,344,24,320,17.416933285982235,339,25,314,21.378284288972047
2020-07-22 13:00:00+02:00,347,23,324,19.399384547744187,337,22,315,21.494538760895587
2020-07-22 14:00:00+02:00,342,25,317,17.147818156889407,305,22,283,19.342371998402466
2020-07-22 15:00:00+02:00,375,26,349,22.64494297948435,363,22,341,20.037936765942277
2020-07-22 16:00:00+02:00,411,33,378,21.89950881174465,378,28,350,19.765573549462566
2020-07-22 17:00:00+02:00,587,41,546,20.028899672241884,580,39,541,24.24750544028644
2020-07-22 18:00:00+02:00,617,48,569,19.739247366719148,561,34,527,19.266161028294455
2020-07-22 19:00:00+02:00,446,32,414,22.957333740469338,413,27,386,24.398754434847095
2020-07-22 20:00:00+02:00,440,32,408,19.57754243382943,422,30,392,20.257299015157166
2020-07-22 21:00:00+02:00,341,27,314,14.480776847696712,342,19,323,17.147818156889407
2020-07-22 22:00:00+02:00,236,18,218,19.106111918840778,235,17,218,20.674840106170866
2020-07-22 23:00:00+02:00,172,13,159,19.644113972447897,166,12,154,18.57114730689396
2020-07-23 00:00:00+02:00,102,5,97,17.16228969519664,101,9,92,15.722824076028786
2020-07-23 01:00:00+02:00,67,3,64,8.7820789764259,68,5,63,8.76838954329883
2020-07-23 02:00:00+02:00,58,3,55,9.553390843343198,64,5,59,10.861502998298342
2020-07-23 03:00:00+02:00,96,4,92,14.216912378866963,97,9,88,12.899076821727318
2020-07-23 04:00:00+02:00,147,6,141,15.368688681481572,168,12,156,18.826549160784868
2020-07-23 05:00:00+02:00,281,12,269,13.335471171698996,302,25,277,15.388460750733547
2020-07-23 06:00:00+02:00,324,17,307,16.73552361007021,371,31,340,22.160808065992768
2020-07-23 07:00:00+02:00,585,31,554,19.939414463599903,552,41,511,19.146280906772695
2020-07-23 08:00:00+02:00,562,27,535,16.760248746749884,621,49,572,16.83849858700539
2020-07-23 09:00:00+02:00,383,20,363,16.374944526750998,380,32,348,17.309275284538113
2020-07-23 10:00:00+02:00,336,17,319,15.958874822620459,333,32,301,20.32010801444679
2020-07-23 11:00:00+02:00,357,18,339,17.217656619200195,386,33,353,16.144755675484674
2020-07-23 12:00:00+02:00,295,14,281,18.124850955878475,321,30,291,16.145632477670972
2020-07-23 13:00:00+02:00,305,13,292,17.950849983805522,316,29,287,20.62407905935427
2020-07-23 14:00:00+02:00,305,13,292,17.950849983805522,316,29,287,20.62407905935427
2020-07-23 15:00:00+02:00,336,15,321,15.958874822620459,367,35,332,17.587667378831867
2020-07-23 16:00:00+02:00,411,18,393,20.19047191446031,384,34,350,18.328255577407415
2020-07-23 17:00:00+02:00,589,28,561,18.12336350672661,542,52,490,19.962845961808647
2020-07-23 18:00:00+02:00,534,24,510,17.863758913120975,613,49,564,19.97690214137227
2020-07-23 19:00:00+02:00,446,20,426,21.950882073931346,446,41,405,21.950882073931346
2020-07-23 20:00:00+02:00,452,20,432,20.457835069065744,451,41,410,18.26483114220407
2020-07-23 21:00:00+02:00,304,13,291,17.388899925714064,316,29,287,20.62407905935427
2020-07-23 22:00:00+02:00,214,9,205,15.924572551583156,237,19,218,19.639472056784783
2020-07-23 23:00:00+02:00,159,7,152,14.902124069206264,164,15,149,17.04508883203371
2020-07-24 00:00:00+02:00,104,6,98,15.419008920479554,103,6,97,15.382954428343787
2020-07-24 01:00:00+02:00,69,4,65,9.088019179013875,63,4,59,10.388662642002918
2020-07-24 02:00:00+02:00,66,4,62,9.023232667771104,67,4,63,8.7820789764259
2020-07-24 03:00:00+02:00,102,6,96,17.16228969519664,101,6,95,15.722824076028786
2020-07-24 04:00:00+02:00,167,10,157,16.326460423959446,162,8,154,16.74566421039952
2020-07-24 05:00:00+02:00,306,19,287,17.29338931061959,295,19,276,18.124850955878475
2020-07-24 06:00:00+02:00,365,23,342,13.841509085955579,374,19,355,19.74351641083776
2020-07-24 07:00:00+02:00,581,32,549,18.750194352465222,561,31,530,19.46521037670725
2020-07-24 08:00:00+02:00,589,37,552,18.12336350672661,574,39,535,15.684649835412802
2020-07-24 09:00:00+02:00,399,24,375,19.41491988156679,385,26,359,20.421424085503357
2020-07-24 10:00:00+02:00,337,20,317,17.267378436340927,346,19,327,20.055561008235962
2020-07-24 11:00:00+02:00,405,26,379,22.019042003290508,397,26,371,18.199028450046157
2020-07-24 12:00:00+02:00,329,19,310,19.42296356680245,331,21,310,17.80556906191039
2020-07-24 13:00:00+02:00,332,20,312,16.51343902542064,339,17,322,18.816064403360887
2020-07-24 14:00:00+02:00,335,19,316,19.015260784783788,336,22,314,15.958874822620459
2020-07-24 15:00:00+02:00,379,24,355,21.848351584441453,348,20,328,19.874294449784557
2020-07-24 16:00:00+02:00,405,26,379,22.019042003290508,397,26,371,18.199028450046157
2020-07-24 17:00:00+02:00,560,33,527,19.224282894636197,586,32,554,15.95701591247249
2020-07-24 18:00:00+02:00,610,33,577,21.63574172729095,592,35,557,19.04359843442914
2020-07-24 19:00:00+02:00,426,25,401,17.1824615006757,420,22,398,17.41043484577572
2020-07-24 20:00:00+02:00,446,28,418,21.950882073931346,446,28,418,21.950882073931346
2020-07-24 21:00:00+02:00,332,18,314,16.51343902542064,339,17,322,18.816064403360887
2020-07-24 22:00:00+02:00,235,13,222,17.312504441342213,229,14,215,17.77127130389445
2020-07-24 23:00:00+02:00,165,9,156,14.577535715178616,172,10,162,17.29590397289294
2020-07-25 00:00:00+02:00,98,3,95,12.969802473207528,107,3,104,14.594273950490571
2020-07-25 01:00:00+02:00,65,2,63,6.612960189648945,69,2,67,6.084524746870145
2020-07-25 02:00:00+02:00,67,2,65,6.903137595840754,69,2,67,6.084524746870145
2020-07-25 03:00:00+02:00,101,3,98,15.166655061563866,104,3,101,14.922189003690542
2020-07-25 04:00:00+02:00,131,4,127,16.939966253796925,141,4,137,17.969717742952817
2020-07-25 05:00:00+02:00,169,5,164,18.059406370116463,177,6,171,18.32493748209408
2020-07-25 06:00:00+02:00,277,9,268,15.66436341783579,287,10,277,18.44694466552339
2020-07-25 07:00:00+02:00,398,15,383,18.935796743863577,428,17,411,18.508932401616175
2020-07-25 08:00:00+02:00,546,20,526,16.77191706374956,563,19,544,15.54072112529785
2020-07-25 09:00:00+02:00,572,22,550,18.032329321067635,597,22,575,20.54947528411044
2020-07-25 10:00:00+02:00,521,19,502,18.717785760371264,526,18,508,19.410346918594843
2020-07-25 11:00:00+02:00,412,15,397,18.68690829245824,428,16,412,18.508932401616175
2020-07-25 12:00:00+02:00,409,15,394,15.464491050485762,421,14,407,20.884695937787182
2020-07-25 13:00:00+02:00,435,15,420,20.183878117421074,459,16,443,16.959180503378708
2020-07-25 14:00:00+02:00,410,15,395,19.263485804042553,421,14,407,20.884695937787182
2020-07-25 15:00:00+02:00,468,16,452,23.213262344869758,503,16,487,14.977719066049488
2020-07-25 16:00:00+02:00,472,18,454,19.642234119942152,502,18,484,18.657977723274794
2020-07-25 17:00:00+02:00,534,21,513,20.03764105486615,570,19,551,21.123025347766156
2020-07-25 18:00:00+02:00,498,19,479,18.48397287248944,535,20,515,18.92923559959552
2020-07-25 19:00:00+02:00,395,15,380,16.372238321812947,428,17,411,18.508932401616175
2020-07-25 20:00:00+02:00,375,14,361,16.704197755382875,387,13,374,21.912479739058885
2020-07-25 21:00:00+02:00,332,13,319,15.16114852603342,359,14,345,19.769371874945296
2020-07-25 22:00:00+02:00,276,10,266,15.563245118983389,281,8,273,17.76246032663056
2020-07-25 23:00:00+02:00,133,4,129,17.252916687553505,143,5,138,18.615052540091806
2020-07-26 00:00:00+02:00,55,1,54,6.735175375295225,58,1,57,5.956962867511296
2020-07-26 01:00:00+02:00,37,0,37,0.10616208206304878,41,0,41,0.5461031644139451
2020-07-26 02:00:00+02:00,37,0,37,0.10616208206304878,41,0,41,0.5461031644139451
2020-07-26 03:00:00+02:00,56,1,55,6.305580858028862,58,1,57,5.956962867511296
2020-07-26 04:00:00+02:00,75,1,74,8.496916082820329,85,1,84,10.605360902000728
2020-07-26 05:00:00+02:00,94,2,92,10.834275936241724,102,2,100,16.872085686095776
2020-07-26 06:00:00+02:00,151,3,148,16.104558405426747,190,4,186,15.722923549480257
2020-07-26 07:00:00+02:00,235,5,230,17.818698986618266,291,7,284,18.65765369075301
2020-07-26 08:00:00+02:00,308,6,302,20.6154927249965,400,8,392,13.326534837992975
2020-07-26 09:00:00+02:00,337,7,330,20.830111150980965,424,10,414,22.23934640472396
2020-07-26 10:00:00+02:00,280,6,274,18.140570207306258,388,8,380,21.335919297359776
2020-07-26 11:00:00+02:00,220,5,215,17.165789561846236,259,6,253,19.654896199931585
2020-07-26 12:00:00+02:00,235,6,229,17.818698986618266,291,7,284,18.65765369075301
2020-07-26 13:00:00+02:00,250,5,245,19.87213099739703,298,6,292,20.492105699574804
2020-07-26 14:00:00+02:00,217,5,212,18.524303511273022,268,6,262,17.48234396673468
2020-07-26 15:00:00+02:00,270,6,264,17.758193366652176,296,6,290,20.22658197049654
2020-07-26 16:00:00+02:00,253,6,247,19.52264004070869,321,6,315,14.798236545220965
2020-07-26 17:00:00+02:00,292,7,285,20.98379645720198,346,7,339,19.574962836525334
2020-07-26 18:00:00+02:00,284,6,278,20.19042731002901,392,10,382,19.81318580010203
2020-07-26 19:00:00+02:00,220,5,215,17.165789561846236,259,6,253,19.654896199931585
2020-07-26 20:00:00+02:00,216,5,211,18.982366806375833,245,6,239,18.942695865735725
2020-07-26 21:00:00+02:00,193,4,189,17.477315732472185,239,5,234,21.954537826783962
2020-07-26 22:00:00+02:00,151,3,148,16.104558405426747,190,4,186,15.722923549480257
2020-07-26 23:00:00+02:00,78,1,77,11.28019362112849,80,2,78,10.935892759042927
2020-07-27 00:00:00+02:00,100,6,94,11.498666007215672,103,6,97,15.382954428343787
2020-07-27 01:00:00+02:00,69,4,65,9.088019179013875,67,4,63,8.7820789764259
2020-07-27 02:00:00+02:00,70,4,66,10.058368549125793,70,4,66,10.058368549125793
2020-07-27 03:00:00+02:00,105,6,99,17.275457667249523,107,7,100,14.468560125293688
2020-07-27 04:00:00+02:00,174,10,164,15.16870194582857,173,10,163,15.973662407262577
2020-07-27 05:00:00+02:00,296,16,280,17.712986272610788,316,19,297,20.62407905935427
2020-07-27 06:00:00+02:00,366,19,347,21.55465930066985,393,26,367,18.9997609120005
2020-07-27 07:00:00+02:00,564,37,527,17.894997027868744,596,44,552,15.907225472203114
2020-07-27 08:00:00+02:00,634,37,597,21.632607746428658,608,34,574,18.32520001541616
2020-07-27 09:00:00+02:00,421,23,398,17.020475847067946,405,30,375,22.019042003290508
2020-07-27 10:00:00+02:00,342,22,320,16.62954797709198,347,21,326,21.10654626064635
2020-07-27 11:00:00+02:00,428,27,401,16.577822504859213,417,30,387,13.5483310227481
2020-07-27 12:00:00+02:00,331,19,312,17.80556906191039,343,23,320,17.146295462927593
2020-07-27 13:00:00+02:00,346,22,324,20.055561008235962,349,26,323,20.36491253730765
2020-07-27 14:00:00+02:00,354,20,334,15.564128092786257,339,25,314,18.816064403360887
2020-07-27 15:00:00+02:00,391,24,367,17.400151250985424,383,26,357,16.374944526750998
2020-07-27 16:00:00+02:00,393,23,370,18.9997609120005,412,31,381,21.656867998631252
2020-07-27 17:00:00+02:00,586,34,552,15.95701591247249,595,34,561,19.26058236025398
2020-07-27 18:00:00+02:00,634,37,597,21.632607746428658,608,34,574,18.32520001541616
2020-07-27 19:00:00+02:00,457,25,432,20.79697956139564,466,29,437,21.78555834863052
2020-07-27 20:00:00+02:00,461,28,433,20.137663055422987,458,32,426,16.012859161215747
2020-07-27 21:00:00+02:00,339,20,319,18.816064403360887,347,21,326,21.10654626064635
2020-07-27 22:00:00+02:00,250,16,234,16.293795315544642,246,15,231,18.77282817762498
2020-07-27 23:00:00+02:00,174,11,163,15.16870194582857,173,10,163,15.973662407262577
2020-07-28 00:00:00+02:00,93,4,89,10.49382362978423,107,7,100,14.468560125293688
2020-07-28 01:00:00+02:00,69,3,66,9.088019179013875,67,4,63,8.7820789764259
2020-07-28 02:00:00+02:00,66,3,63,9.023232667771104,71,4,67,10.892283890515856
2020-07-28 03:00:00+02:00,91,5,86,14.700579974090408,102,5,97,17.16228969519664
2020-07-28 04:00:00+02:00,161,9,152,14.047611523096029,176,11,165,18.2097920432382
2020-07-28 05:00:00+02:00,312,18,294,19.5654328807172,310,17,293,21.07594915875671
2020-07-28 06:00:00+02:00,353,18,335,15.611986263428733,373,25,348,21.959269594519817
2020-07-28 07:00:00+02:00,541,27,514,18.36315252401368,579,36,543,12.500832250048951
2020-07-28 08:00:00+02:00,602,31,571,14.48243267179175,636,41,595,18.93496792452342
2020-07-28 09:00:00+02:00,365,18,347,13.841509085955579,435,22,413,18.12903545838282
2020-07-28 10:00:00+02:00,318,17,301,18.935672225662945,355,21,334,15.9786287907944
2020-07-28 11:00:00+02:00,369,21,348,21.780887786449522,435,29,406,18.12903545838282
2020-07-28 12:00:00+02:00,318,17,301,18.935672225662945,355,21,334,15.9786287907944
2020-07-28 13:00:00+02:00,307,18,289,20.191149474612537,361,23,338,12.998769947964982
2020-07-28 14:00:00+02:00,335,17,318,19.015260784783788,358,24,334,17.266463146446004
2020-07-28 15:00:00+02:00,353,18,335,15.611986263428733,373,25,348,21.959269594519817
2020-07-28 16:00:00+02:00,382,19,363,20.125902913903722,439,25,414,20.7127910874839
2020-07-28 17:00:00+02:00,587,31,556,17.036830920372932,581,32,549,18.750194352465222
2020-07-28 18:00:00+02:00,602,31,571,14.48243267179175,636,41,595,18.93496792452342
2020-07-28 19:00:00+02:00,396,19,377,21.767956053046117,446,30,416,21.950882073931346
2020-07-28 20:00:00+02:00,409,20,389,18.9629233186537,447,30,417,20.70189340508245
2020-07-28 21:00:00+02:00,313,17,296,19.597411881440696,369,25,344,21.780887786449522
2020-07-28 22:00:00+02:00,243,13,230,20.047908047539842,242,15,227,20.177962707598695
2020-07-28 23:00:00+02:00,156,8,148,15.494343228884324,180,10,170,17.911677234460093
2020-07-29 00:00:00+02:00,103,7,96,12.113442962320551,101,7,94,11.280950715811313
2020-07-29 01:00:00+02:00,69,5,64,19.29595730158091,62,4,58,14.48690450543278
2020-07-29 02:00:00+02:00,67,4,63,12.5039951599288,69,5,64,19.29595730158091
2020-07-29 03:00:00+02:00,102,7,95,13.093305626972347,103,6,97,12.113442962320551
2020-07-29 04:00:00+02:00,173,13,160,20.37647841384157,168,12,156,20.304807772345505
2020-07-29 05:00:00+02:00,310,22,288,16.921651532922695,297,18,279,18.348417493587977
2020-07-29 06:00:00+02:00,374,25,349,18.17629135420491,363,22,341,20.037936765942277
2020-07-29 07:00:00+02:00,583,47,536,17.990582160320795,580,39,541,24.24750544028644
2020-07-29 08:00:00+02:00,617,48,569,19.739247366719148,561,34,527,19.266161028294455
2020-07-29 09:00:00+02:00,411,29,382,21.89950881174465,378,28,350,19.765573549462566
2020-07-29 10:00:00+02:00,345,24,321,18.48984602659702,339,25,314,21.378284288972047
2020-07-29 11:00:00+02:00,416,28,388,17.117872401421668,372,24,348,17.388398109436665
2020-07-29 12:00:00+02:00,344,24,320,17.416933285982235,339,25,314,21.378284288972047
2020-07-29 13:00:00+02:00,347,23,324,19.399384547744187,337,22,315,21.494538760895587
2020-07-29 14:00:00+02:00,342,25,317,17.147818156889407,305,22,283,19.342371998402466
2020-07-29 15:00:00+02:00,375,26,349,22.64494297948435,363,22,341,20.037936765942277
2020-07-29 16:00:00+02:00,411,33,378,21.89950881174465,378,28,350,19.765573549462566
2020-07-29 17:00:00+02:00,587,41,546,20.028899672241884,580,39,541,24.24750544028644
2020-07-29 18:00:00+02:00,617,48,569,19.739247366719148,561,34,527,19.266161028294455
2020-07-29 19:00:00+02:00,446,32,414,22.957333740469338,413,27,386,24.398754434847095
2020-07-29 20:00:00+02:00,440,32,408,19.57754243382943,422,30,392,20.257299015157166
2020-07-29 21:00:00+02:00,341,27,314,14.480776847696712,342,19,323,17.147818156889407
2020-07-29 22:00:00+02:00,236,18,218,19.106111918840778,235,17,218,20.674840106170866
2020-07-29 23:00:00+02:00,172,13,159,19.644113972447897,166,12,154,18.57114730689396
2020-07-30 00:00:00+02:00,102,5,97,17.16228969519664,101,9,92,15.722824076028786
2020-07-30 01:00:00+02:00,67,3,64,8.7820789764259,68,5,63,8.76838954329883
2020-07-30 02:00:00+02:00,58,3,55,9.553390843343198,64,5,59,10.861502998298342
2020-07-30 03:00:00+02:00,96,4,92,14.216912378866963,97,9,88,12.899076821727318
2020-07-30 04:00:00+02:00,147,6,141,15.368688681481572,168,12,156,18.826549160784868
2020-07-30 05:00:00+02:00,281,12,269,13.335471171698996,302,25,277,15.388460750733547
2020-07-30 06:00:00+02:00,324,17,307,16.73552361007021,371,31,340,22.160808065992768
2020-07-30 07:00:00+02:00,585,31,554,19.939414463599903,552,41,511,19.146280906772695
2020-07-30 08:00:00+02:00,562,27,535,16.760248746749884,621,49,572,16.83849858700539
2020-07-30 09:00:00+02:00,383,20,363,16.374944526750998,380,32,348,17.309275284538113
2020-07-30 10:00:00+02:00,336,17,319,15.958874822620459,333,32,301,20.32010801444679
2020-07-30 11:00:00+02:00,357,18,339,17.217656619200195,386,33,353,16.144755675484674
2020-07-30 12:00:00+02:00,295,14,281,18.124850955878475,321,30,291,16.145632477670972
2020-07-30 13:00:00+02:00,305,13,292,17.950849983805522,316,29,287,20.62407905935427
2020-07-30 14:00:00+02:00,305,13,292,17.950849983805522,316,29,287,20.62407905935427
2020-07-30 15:00:00+02:00,336,15,321,15.958874822620459,367,35,332,17.587667378831867
2020-07-30 16:00:00+02:00,411,18,393,20.19047191446031,384,34,350,18.328255577407415
2020-07-30 17:00:00+02:00,589,28,561,18.12336350672661,542,52,490,19.962845961808647
2020-07-30 18:00:00+02:00,534,24,510,17.863758913120975,613,49,564,19.97690214137227
2020-07-30 19:00:00+02:00,446,20,426,21.950882073931346,446,41,405,21.950882073931346
2020-07-30 20:00:00+02:00,452,20,432,20.457835069065744,451,41,410,18.26483114220407
2020-07-30 21:00:00+02:00,304,13,291,17.388899925714064,316,29,287,20.62407905935427
2020-07-30 22:00:00+02:00,214,9,205,15.924572551583156,237,19,218,19.639472056784783
2020-07-30 23:00:00+02:00,159,7,152,14.902124069206264,164,15,149,17.04508883203371
2020-07-31 00:00:00+02:00,104,6,98,15.419008920479554,103,6,97,15.382954428343787
2020-07-31 01:00:00+02:00,69,4,65,9.088019179013875,63,4,59,10.388662642002918
2020-07-31 02:00:00+02:00,66,4,62,9.023232667771104,67,4,63,8.7820789764259
2020-07-31 03:00:00+02:00,102,6,96,17.16228969519664,101,6,95,15.722824076028786
2020-07-31 04:00:00+02:00,167,10,157,16.326460423959446,162,8,154,16.74566421039952
2020-07-31 05:00:00+02:00,306,19,287,17.29338931061959,295,19,276,18.124850955878475
2020-07-31 06:00:00+02:00,365,23,342,13.841509085955579,374,19,355,19.74351641083776
2020-07-31 07:00:00+02:00,581,32,549,18.750194352465222,561,31,530,19.46521037670725
2020-07-31 08:00:00+02:00,589,37,552,18.12336350672661,574,39,535,15.684649835412802
2020-07-31 09:00:00+02:00,399,24,375,19.41491988156679,385,26,359,20.421424085503357
2020-07-31 10:00:00+02:00,337,20,317,17.267378436340927,346,19,327,20.055561008235962
2020-07-31 11:00:00+02:00,405,26,379,22.019042003290508,397,26,371,18.199028450046157
2020-07-31 12:00:00+02:00,329,19,310,19.42296356680245,331,21,310,17.80556906191039
2020-07-31 13:00:00+02:00,332,20,312,16.51343902542064,339,17,322,18.816064403360887
2020-07-31 14:00:00+02:00,335,19,316,19.015260784783788,336,22,314,15.958874822620459
2020-07-31 15:00:00+02:00,379,24,355,21.848351584441453,348,20,328,19.874294449784557
2020-07-31 16:00:00+02:00,405,26,379,22.019042003290508,397,26,371,18.199028450046157
2020-07-31 17:00:00+02:00,560,33,527,19.224282894636197,586,32,554,15.95701591247249
2020-07-31 18:00:00+02:00,610,33,577,21.63574172729095,592,35,557,19.04359843442914
2020-07-31 19:00:00+02:00,426,25,401,17.1824615006757,420,22,398,17.41043484577572
2020-07-31 20:00:00+02:00,446,28,418,21.950882073931346,446,28,418,21.950882073931346
2020-07-31 21:00:00+02:00,332,18,314,16.51343902542064,339,17,322,18.816064403360887
2020-07-31 22:00:00+02:00,235,13,222,17.312504441342213,229,14,215,17.77127130389445
2020-07-31 23:00:00+02:00,165,9,156,14.577535715178616,172,10,162,17.29590397289294
2020-08-01 00:00:00+02:00,98,3,95,12.969802473207528,107,3,104,14.594273950490571
2020-08-01 01:00:00+02:00,65,2,63,6.612960189648945,69,2,67,6.084524746870145
2020-08-01 02:00:00+02:00,67,2,65,6.903137595840754,69,2,67,6.084524746870145
2020-08-01 03:00:00+02:00,101,3,98,15.166655061563866,104,3,101,14.922189003690542
2020-08-01 04:00:00+02:00,131,4,127,16.939966253796925,141,4,137,17.969717742952817
2020-08-01 05:00:00+02:00,169,5,164,18.059406370116463,177,6,171,18.32493748209408
2020-08-01 06:00:00+02:00,277,9,268,15.66436341783579,287,10,277,18.44694466552339
2020-08-01 07:00:00+02:00,398,15,383,18.935796743863577,428,17,411,18.508932401616175
2020-08-01 08:00:00+02:00,546,20,526,16.77191706374956,563,19,544,15.54072112529785
2020-08-01 09:00:00+02:00,572,22,550,18.032329321067635,597,22,575,20.54947528411044
2020-08-01 10:00:00+02:00,521,19,502,18.717785760371264,526,18,508,19.410346918594843
2020-08-01 11:00:00+02:00,412,15,397,18.68690829245824,428,16,412,18.508932401616175
2020-08-01 12:00:00+02:00,409,15,394,15.464491050485762,421,14,407,20.884695937787182
2020-08-01 13:00:00+02:00,435,15,420,20.183878117421074,459,16,443,16.959180503378708
2020-08-01 14:00:00+02:00,410,15,395,19.263485804042553,421,14,407,20.884695937787182
2020-08-01 15:00:00+02:00,468,16,452,23.213262344869758,503,16,487,14.977719066049488
2020-08-01 16:00:00+02:00,472,18,454,19.642234119942152,502,18,484,18.657977723274794
2020-08-01 17:00:00+02:00,534,21,513,20.03764105486615,570,19,551,21.123025347766156
2020-08-01 18:00:00+02:00,498,19,479,18.48397287248944,535,20,515,18.92923559959552
2020-08-01 19:00:00+02:00,395,15,380,16.372238321812947,428,17,411,18.508932401616175
2020-08-01 20:00:00+02:00,375,14,361,16.704197755382875,387,13,374,21.912479739058885
2020-08-01 21:00:00+02:00,332,13,319,15.16114852603342,359,14,345,19.769371874945296
2020-08-01 22:00:00+02:00,276,10,266,15.563245118983389,281,8,273,17.76246032663056
2020-08-01 23:00:00+02:00,133,4,129,17.252916687553505,143,5,138,18.615052540091806
2020-08-02 00:00:00+02:00,55,1,54,6.735175375295225,58,1,57,5.956962867511296
2020-08-02 01:00:00+02:00,37,0,37,0.10616208206304878,41,0,41,0.5461031644139451
2020-08-02 02:00:00+02:00,37,0,37,0.10616208206304878,41,0,41,0.5461031644139451
2020-08-02 03:00:00+02:00,56,1,55,6.305580858028862,58,1,57,5.956962867511296
2020-08-02 04:00:00+02:00,75,1,74,8.496916082820329,85,1,84,10.605360902000728
2020-08-02 05:00:00+02:00,94,2,92,10.834275936241724,102,2,100,16.872085686095776
2020-08-02 06:00:00+02:00,151,3,148,16.104558405426747,190,4,186,15.722923549480257
2020-08-02 07:00:00+02:00,235,5,230,17.818698986618266,291,7,284,18.65765369075301
2020-08-02 08:00:00+02:00,308,6,302,20.6154927249965,400,8,392,13.326534837992975
2020-08-02 09:00:00+02:00,337,7,330,20.830111150980965,424,10,414,22.23934640472396
2020-08-02 10:00:00+02:00,280,6,274,18.140570207306258,388,8,380,21.335919297359776
2020-08-02 11:00:00+02:00,220,5,215,17.165789561846236,259,6,253,19.654896199931585
2020-08-02 12:00:00+02:00,235,6,229,17.818698986618266,291,7,284,18.65765369075301
2020-08-02 13:00:00+02:00,250,5,245,19.87213099739703,298,6,292,20.492105699574804
2020-08-02 14:00:00+02:00,217,5,212,18.524303511273022,268,6,262,17.48234396673468
2020-08-02 15:00:00+02:00,270,6,264,17.758193366652176,296,6,290,20.22658197049654
2020-08-02 16:00:00+02:00,253,6,247,19.52264004070869,321,6,315,14.798236545220965
2020-08-02 17:00:00+02:00,292,7,285,20.98379645720198,346,7,339,19.574962836525334
2020-08-02 18:00:00+02:00,284,6,278,20.19042731002901,392,10,382,19.81318580010203
2020-08-02 19:00:00+02:00,220,5,215,17.165789561846236,259,6,253,19.654896199931585
2020-08-02 20:00:00+02:00,216,5,211,18.982366806375833,245,6,239,18.942695865735725
2020-08-02 21:00:00+02:00,193,4,189,17.477315732472185,239,5,234,21.954537826783962
2020-08-02 22:00:00+02:00,151,3,148,16.104558405426747,190,4,186,15.722923549480257
2020-08-02 23:00:00+02:00,78,1,77,11.28019362112849,80,2,78,10.935892759042927
2020-08-03 00:00:00+02:00,100,6,94,11.498666007215672,103,6,97,15.382954428343787
2020-08-03 01:00:00+02:00,69,4,65,9.088019179013875,67,4,63,8.7820789764259
2020-08-03 02:00:00+02:00,70,4,66,10.058368549125793,70,4,66,10.058368549125793
2020-08-03 03:00:00+02:00,105,6,99,17.275457667249523,107,7,100,14.468560125293688
2020-08-03 04:00:00+02:00,174,10,164,15.16870194582857,173,10,163,15.973662407262577
2020-08-03 05:00:00+02:00,296,16,280,17.712986272610788,316,19,297,20.62407905935427
2020-08-03 06:00:00+02:00,366,19,347,21.55465930066985,393,26,367,18.9997609120005
2020-08-03 07:00:00+02:00,564,37,527,17.894997027868744,596,44,552,15.907225472203114
2020-08-03 08:00:00+02:00,634,37,597,21.632607746428658,608,34,574,18.32520001541616
2020-08-03 09:00:00+02:00,421,23,398,17.020475847067946,405,30,375,22.019042003290508
2020-08-03 10:00:00+02:00,342,22,320,16.62954797709198,347,21,326,21.10654626064635
2020-08-03 11:00:00+02:00,428,27,401,16.577822504859213,417,30,387,13.5483310227481
2020-08-03 12:00:00+02:00,331,19,312,17.80556906191039,343,23,320,17.146295462927593
2020-08-03 13:00:00+02:00,346,22,324,20.055561008235962,349,26,323,20.36491253730765
2020-08-03 14:00:00+02:00,354,20,334,15.564128092786257,339,25,314,18.816064403360887
2020-08-03 15:00:00+02:00,391,24,367,17.400151250985424,383,26,357,16.374944526750998
2020-08-03 16:00:00+02:00,393,23,370,18.9997609120005,412,31,381,21.656867998631252
2020-08-03 17:00:00+02:00,586,34,552,15.95701591247249,595,34,561,19.26058236025398
2020-08-03 18:00:00+02:00,634,37,597,21.632607746428658,608,34,574,18.32520001541616
2020-08-03 19:00:00+02:00,457,25,432,20.79697956139564,466,29,437,21.78555834863052
2020-08-03 20:00:00+02:00,461,28,433,20.137663055422987,458,32,426,16.012859161215747
2020-08-03 21:00:00+02:00,339,20,319,18.816064403360887,347,21,326,21.10654626064635
2020-08-03 22:00:00+02:00,250,16,234,16.293795315544642,246,15,231,18.77282817762498
2020-08-03 23:00:00+02:00,174,11,163,15.16870194582857,173,10,163,15.973662407262577
2020-08-04 00:00:00+02:00,93,4,89,10.49382362978423,107,7,100,14.468560125293688
2020-08-04 01:00:00+02:00,69,3,66,9.088019179013875,67,4,63,8.7820789764259
2020-08-04 02:00:00+02:00,66,3,63,9.023232667771104,71,4,67,10.892283890515856
2020-08-04 03:00:00+02:00,91,5,86,14.700579974090408,102,5,97,17.16228969519664
2020-08-04 04:00:00+02:00,161,9,152,14.047611523096029,176,11,165,18.2097920432382
2020-08-04 05:00:00+02:00,312,18,294,19.5654328807172,310,17,293,21.07594915875671
2020-08-04 06:00:00+02:00,353,18,335,15.611986263428733,373,25,348,21.959269594519817
2020-08-04 07:00:00+02:00,541,27,514,18.36315252401368,579,36,543,12.500832250048951
2020-08-04 08:00:00+02:00,602,31,571,14.48243267179175,636,41,595,18.93496792452342
2020-08-04 09:00:00+02:00,365,18,347,13.841509085955579,435,22,413,18.12903545838282
2020-08-04 10:00:00+02:00,318,17,301,18.935672225662945,355,21,334,15.9786287907944
2020-08-04 11:00:00+02:00,369,21,348,21.780887786449522,435,29,406,18.12903545838282
2020-08-04 12:00:00+02:00,318,17,301,18.935672225662945,355,21,334,15.9786287907944
2020-08-04 13:00:00+02:00,307,18,289,20.191149474612537,361,23,338,12.998769947964982
2020-08-04 14:00:00+02:00,335,17,318,19.015260784783788,358,24,334,17.266463146446004
2020-08-04 15:00:00+02:00,353,18,335,15.611986263428733,373,25,348,21.959269594519817
2020-08-04 16:00:00+02:00,382,19,363,20.125902913903722,439,25,414,20.7127910874839
2020-08-04 17:00:00+02:00,587,31,556,17.036830920372932,581,32,549,18.750194352465222
2020-08-04 18:00:00+02:00,602,31,571,14.48243267179175,636,41,595,18.93496792452342
2020-08-04 19:00:00+02:00,396,19,377,21.767956053046117,446,30,416,21.950882073931346
2020-08-04 20:00:00+02:00,409,20,389,18.9629233186537,447,30,417,20.70189340508245
2020-08-04 21:00:00+02:00,313,17,296,19.597411881440696,369,25,344,21.780887786449522
2020-08-04 22:00:00+02:00,243,13,230,20.047908047539842,242,15,227,20.177962707598695
2020-08-04 23:00:00+02:00,156,8,148,15.494343228884324,180,10,170,17.911677234460093
2020-08-05 00:00:00+02:00,103,7,96,12.113442962320551,101,7,94,11.280950715811313
2020-08-05 01:00:00+02:00,69,5,64,19.29595730158091,62,4,58,14.48690450543278
2020-08-05 02:00:00+02:00,67,4,63,12.5039951599288,69,5,64,19.29595730158091
2020-08-05 03:00:00+02:00,102,7,95,13.093305626972347,103,6,97,12.113442962320551
2020-08-05 04:00:00+02:00,173,13,160,20.37647841384157,168,12,156,20.304807772345505
2020-08-05 05:00:00+02:00,310,22,288,16.921651532922695,297,18,279,18.348417493587977
2020-08-05 06:00:00+02:00,374,25,349,18.17629135420491,363,22,341,20.037936765942277
2020-08-05 07:00:00+02:00,583,47,536,17.990582160320795,580,39,541,24.24750544028644
2020-08-05 08:00:00+02:00,617,48,569,19.739247366719148,561,34,527,19.266161028294455
2020-08-05 09:00:00+02:00,411,29,382,21.89950881174465,378,28,350,19.765573549462566
2020-08-05 10:00:00+02:00,345,24,321,18.48984602659702,339,25,314,21.378284288972047
2020-08-05 11:00:00+02:00,416,28,388,17.117872401421668,372,24,348,17.388398109436665
2020-08-05 12:00:00+02:00,344,24,320,17.416933285982235,339,25,314,21.378284288972047
2020-08-05 13:00:00+02:00,347,23,324,19.399384547744187,337,22,315,21.494538760895587
2020-08-05 14:00:00+02:00,342,25,317,17.147818156889407,305,22,283,19.342371998402466
2020-08-05 15:00:00+02:00,375,26,349,22.64494297948435,363,22,341,20.037936765942277
2020-08-05 16:00:00+02:00,411,33,378,21.89950881174465,378,28,350,19.765573549462566
2020-08-05 17:00:00+02:00,587,41,546,20.028899672241884,580,39,541,24.24750544028644
2020-08-05 18:00:00+02:00,617,48,569,19.739247366719148,561,34,527,19.266161028294455
2020-08-05 19:00:00+02:00,446,32,414,22.957333740469338,413,27,386,24.398754434847095
2020-08-05 20:00:00+02:00,440,32,408,19.57754243382943,422,30,392,20.257299015157166
2020-08-05 21:00:00+02:00,341,27,314,14.480776847696712,342,19,323,17.147818156889407
2020-08-05 22:00:00+02:00,236,18,218,19.106111918840778,235,17,218,20.674840106170866
2020-08-05 23:00:00+02:00,172,13,159,19.644113972447897,166,12,154,18.57114730689396
2020-08-06 00:00:00+02:00,102,5,97,17.16228969519664,101,9,92,15.722824076028786
2020-08-06 01:00:00+02:00,67,3,64,8.7820789764259,68,5,63,8.76838954329883
2020-08-06 02:00:00+02:00,58,3,55,9.553390843343198,64,5,59,10.861502998298342
2020-08-06 03:00:00+02:00,96,4,92,14.216912378866963,97,9,88,12.899076821727318
2020-08-06 04:00:00+02:00,147,6,141,15.368688681481572,168,12,156,18.826549160784868
2020-08-06 05:00:00+02:00,281,12,269,13.335471171698996,302,25,277,15.388460750733547
2020-08-06 06:00:00+02:00,324,17,307,16.73552361007021,371,31,340,22.160808065992768
2020-08-06 07:00:00+02:00,585,31,554,19.939414463599903,552,41,511,19.146280906772695
2020-08-06 08:00:00+02:00,562,27,535,16.760248746749884,621,49,572,16.83849858700539
2020-08-06 09:00:00+02:00,383,20,363,16.374944526750998,380,32,348,17.309275284538113
2020-08-06 10:00:00+02:00,336,17,319,15.958874822620459,333,32,301,20.32010801444679
2020-08-06 11:00:00+02:00,357,18,339,17.217656619200195,386,33,353,16.144755675484674
2020-08-06 12:00:00+02:00,295,14,281,18.124850955878475,321,30,291,16.145632477670972
2020-08-06 13:00:00+02:00,305,13,292,17.950849983805522,316,29,287,20.62407905935427
2020-08-06 14:00:00+02:00,305,13,292,17.950849983805522,316,29,287,20.62407905935427
2020-08-06 15:00:00+02:00,336,15,321,15.958874822620459,367,35,332,17.587667378831867
2020-08-06 16:00:00+02:00,411,18,393,20.19047191446031,384,34,350,18.328255577407415
2020-08-06 17:00:00+02:00,589,28,561,18.12336350672661,542,52,490,19.962845961808647
2020-08-06 18:00:00+02:00,534,24,510,17.863758913120975,613,49,564,19.97690214137227
2020-08-06 19:00:00+02:00,446,20,426,21.950882073931346,446,41,405,21.950882073931346
2020-08-06 20:00:00+02:00,452,20,432,20.457835069065744,451,41,410,18.26483114220407
2020-08-06 21:00:00+02:00,304,13,291,17.388899925714064,316,29,287,20.62407905935427
2020-08-06 22:00:00+02:00,214,9,205,15.924572551583156,237,19,218,19.639472056784783
2020-08-06 23:00:00+02:00,159,7,152,14.902124069206264,164,15,149,17.04508883203371
2020-08-07 00:00:00+02:00,104,6,98,15.419008920479554,103,6,97,15.382954428343787
2020-08-07 01:00:00+02:00,69,4,65,9.088019179013875,63,4,59,10.388662642002918
2020-08-07 02:00:00+02:00,66,4,62,9.023232667771104,67,4,63,8.7820789764259
2020-08-07 03:00:00+02:00,102,6,96,17.16228969519664,101,6,95,15.722824076028786
2020-08-07 04:00:00+02:00,167,10,157,16.326460423959446,162,8,154,16.74566421039952
2020-08-07 05:00:00+02:00,306,19,287,17.29338931061959,295,19,276,18.124850955878475
2020-08-07 06:00:00+02:00,365,23,342,13.841509085955579,374,19,355,19.74351641083776
2020-08-07 07:00:00+02:00,581,32,549,18.750194352465222,561,31,530,19.46521037670725
2020-08-07 08:00:00+02:00,589,37,552,18.12336350672661,574,39,535,15.684649835412802
2020-08-07 09:00:00+02:00,399,24,375,19.41491988156679,385,26,359,20.421424085503357
2020-08-07 10:00:00+02:00,337,20,317,17.267378436340927,346,19,327,20.055561008235962
2020-08-07 11:00:00+02:00,405,26,379,22.019042003290508,397,26,371,18.199028450046157
2020-08-07 12:00:00+02:00,329,19,310,19.42296356680245,331,21,310,17.80556906191039
2020-08-07 13:00:00+02:00,332,20,312,16.51343902542064,339,17,322,18.816064403360887
2020-08-07 14:00:00+02:00,335,19,316,19.015260784783788,336,22,314,15.958874822620459
2020-08-07 15:00:00+02:00,379,24,355,21.848351584441453,348,20,328,19.874294449784557
2020-08-07 16:00:00+02:00,405,26,379,22.019042003290508,397,26,371,18.199028450046157
2020-08-07 17:00:00+02:00,560,33,527,19.224282894636197,586,32,554,15.95701591247249
2020-08-07 18:00:00+02:00,610,33,577,21.63574172729095,592,35,557,19.04359843442914
2020-08-07 19:00:00+02:00,426,25,401,17.1824615006757,420,22,398,17.41043484577572
2020-08-07 20:00:00+02:00,446,28,418,21.950882073931346,446,28,418,21.950882073931346
2020-08-07 21:00:00+02:00,332,18,314,16.51343902542064,339,17,322,18.816064403360887
2020-08-07 22:00:00+02:00,235,13,222,17.312504441342213,229,14,215,17.77127130389445
2020-08-07 23:00:00+02:00,165,9,156,14.577535715178616,172,10,162,17.29590397289294
2020-08-08 00:00:00+02:00,98,3,95,12.969802473207528,107,3,104,14.594273950490571
2020-08-08 01:00:00+02:00,65,2,63,6.612960189648945,69,2,67,6.084524746870145
2020-08-08 02:00:00+02:00,67,2,65,6.903137595840754,69,2,67,6.084524746870145
2020-08-08 03:00:00+02:00,101,3,98,15.166655061563866,104,3,101,14.922189003690542
2020-08-08 04:00:00+02:00,131,4,127,16.939966253796925,141,4,137,17.969717742952817
2020-08-08 05:00:00+02:00,169,5,164,18.059406370116463,177,6,171,18.32493748209408
2020-08-08 06:00:00+02:00,277,9,268,15.66436341783579,287,10,277,18.44694466552339
2020-08-08 07:00:00+02:00,398,15,383,18.935796743863577,428,17,411,18.508932401616175
2020-08-08 08:00:00+02:00,546,20,526,16.77191706374956,563,19,544,15.54072112529785
2020-08-08 09:00:00+02:00,572,22,550,18.032329321067635,597,22,575,20.54947528411044
2020-08-08 10:00:00+02:00,521,19,502,18.717785760371264,526,18,508,19.410346918594843
2020-08-08 11:00:00+02:00,412,15,397,18.68690829245824,428,16,412,18.508932401616175
2020-08-08 12:00:00+02:00,409,15,394,15.464491050485762,421,14,407,20.884695937787182
2020-08-08 13:00:00+02:00,435,15,420,20.183878117421074,459,16,443,16.959180503378708
2020-08-08 14:00:00+02:00,410,15,395,19.263485804042553,421,14,407,20.884695937787182
2020-08-08 15:00:00+02:00,468,16,452,23.213262344869758,503,16,487,14.977719066049488
2020-08-08 16:00:00+02:00,472,18,454,19.642234119942152,502,18,484,18.657977723274794
2020-08-08 17:00:00+02:00,534,21,513,20.03764105486615,570,19,551,21.123025347766156
2020-08-08 18:00:00+02:00,498,19,479,18.48397287248944,535,20,515,18.92923559959552
2020-08-08 19:00:00+02:00,395,15,380,16.372238321812947,428,17,411,18.508932401616175
2020-08-08 20:00:00+02:00,375,14,361,16.704197755382875,387,13,374,21.912479739058885
2020-08-08 21:00:00+02:00,332,13,319,15.16114852603342,359,14,345,19.769371874945296
2020-08-08 22:00:00+02:00,276,10,266,15.563245118983389,281,8,273,17.76246032663056
2020-08-08 23:00:00+02:00,133,4,129,17.252916687553505,143,5,138,18.615052540091806
2020-08-09 00:00:00+02:00,55,1,54,6.735175375295225,58,1,57,5.956962867511296
2020-08-09 01:00:00+02:00,37,0,37,0.10616208206304878,41,0,41,0.5461031644139451
2020-08-09 02:00:00+02:00,37,0,37,0.10616208206304878,41,0,41,0.5461031644139451
2020-08-09 03:00:00+02:00,56,1,55,6.305580858028862,58,1,57,5.956962867511296
2020-08-09 04:00:00+02:00,75,1,74,8.496916082820329,85,1,84,10.605360902000728
2020-08-09 05:00:00+02:00,94,2,92,10.834275936241724,102,2,100,16.872085686095776
2020-08-09 06:00:00+02:00,151,3,148,16.104558405426747,190,4,186,15.722923549480257
2020-08-09 07:00:00+02:00,235,5,230,17.818698986618266,291,7,284,18.65765369075301
2020-08-09 08:00:00+02:00,308,6,302,20.6154927249965,400,8,392,13.326534837992975
2020-08-09 09:00:00+02:00,337,7,330,20.830111150980965,424,10,414,22.23934640472396
2020-08-09 10:00:00+02:00,280,6,274,18.140570207306258,388,8,380,21.335919297359776
2020-08-09 11:00:00+02:00,220,5,215,17.165789561846236,259,6,253,19.654896199931585
2020-08-09 12:00:00+02:00,235,6,229,17.818698986618266,291,7,284,18.65765369075301
2020-08-09 13:00:00+02:00,250,5,245,19.87213099739703,298,6,292,20.492105699574804
2020-08-09 14:00:00+02:00,217,5,212,18.524303511273022,268,6,262,17.48234396673468
2020-08-09 15:00:00+02:00,270,6,264,17.758193366652176,296,6,290,20.22658197049654
2020-08-09 16:00:00+02:00,253,6,247,19.52264004070869,321,6,315,14.798236545220965
2020-08-09 17:00:00+02:00,292,7,285,20.98379645720198,346,7,339,19.574962836525334
2020-08-09 18:00:00+02:00,284,6,278,20.19042731002901,392,10,382,19.81318580010203
2020-08-09 19:00:00+02:00,220,5,215,17.165789561846236,259,6,253,19.654896199931585
2020-08-09 20:00:00+02:00,216,5,211,18.982366806375833,245,6,239,18.942695865735725
2020-08-09 21:00:00+02:00,193,4,189,17.477315732472185,239,5,234,21.954537826783962
2020-08-09 22:00:00+02:00,151,3,148,16.104558405426747,190,4,186,15.722923549480257
2020-08-09 23:00:00+02:00,78,1,77,11.28019362112849,80,2,78,10.935892759042927
2020-08-10 00:00:00+02:00,100,6,94,11.498666007215672,103,6,97,15.382954428343787
2020-08-10 01:00:00+02:00,69,4,65,9.088019179013875,67,4,63,8.7820789764259
2020-08-10 02:00:00+02:00,70,4,66,10.058368549125793,70,4,66,10.058368549125793
2020-08-10 03:00:00+02:00,105,6,99,17.275457667249523,107,7,100,14.468560125293688
2020-08-10 04:00:00+02:00,174,10,164,15.16870194582857,173,10,163,15.973662407262577
2020-08-10 05:00:00+02:00,296,16,280,17.712986272610788,316,19,297,20.62407905935427
2020-08-10 06:00:00+02:00,366,19,347,21.55465930066985,393,26,367,18.9997609120005
2020-08-10 07:00:00+02:00,564,37,527,17.894997027868744,596,44,552,15.907225472203114
2020-08-10 08:00:00+02:00,634,37,597,21.632607746428658,608,34,574,18.32520001541616
2020-08-10 09:00:00+02:00,421,23,398,17.020475847067946,405,30,375,22.019042003290508
2020-08-10 10:00:00+02:00,342,22,320,16.62954797709198,347,21,326,21.10654626064635
2020-08-10 11:00:00+02:00,428,27,401,16.577822504859213,417,30,387,13.5483310227481
2020-08-10 12:00:00+02:00,331,19,312,17.80556906191039,343,23,320,17.146295462927593
2020-08-10 13:00:00+02:00,346,22,324,20.055561008235962,349,26,323,20.36491253730765
2020-08-10 14:00:00+02:00,354,20,334,15.564128092786257,339,25,314,18.816064403360887
2020-08-10 15:00:00+02:00,391,24,367,17.400151250985424,383,26,357,16.374944526750998
2020-08-10 16:00:00+02:00,393,23,370,18.9997609120005,412,31,381,21.656867998631252
2020-08-10 17:00:00+02:00,586,34,552,15.95701591247249,595,34,561,19.26058236025398
2020-08-10 18:00:00+02:00,634,37,597,21.632607746428658,608,34,574,18.32520001541616
2020-08-10 19:00:00+02:00,457,25,432,20.79697956139564,466,29,437,21.78555834863052
2020-08-10 20:00:00+02:00,461,28,433,20.137663055422987,458,32,426,16.012859161215747
2020-08-10 21:00:00+02:00,339,20,319,18.816064403360887,347,21,326,21.10654626064635
2020-08-10 22:00:00+02:00,250,16,234,16.293795315544642,246,15,231,18.77282817762498
2020-08-10 23:00:00+02:00,174,11,163,15.16870194582857,173,10,163,15.973662407262577
2020-08-11 00:00:00+02:00,93,4,89,10.49382362978423,107,7,100,14.468560125293688
2020-08-11 01:00:00+02:00,69,3,66,9.088019179013875,67,4,63,8.7820789764259
2020-08-11 02:00:00+02:00,66,3,63,9.023232667771104,71,4,67,10.892283890515856
2020-08-11 03:00:00+02:00,91,5,86,14.700579974090408,102,5,97,17.16228969519664
2020-08-11 04:00:00+02:00,161,9,152,14.047611523096029,176,11,165,18.2097920432382
2020-08-11 05:00:00+02:00,312,18,294,19.5654328807172,310,17,293,21.07594915875671
2020-08-11 06:00:00+02:00,353,18,335,15.611986263428733,373,25,348,21.959269594519817
2020-08-11 07:00:00+02:00,541,27,514,18.36315252401368,579,36,543,12.500832250048951
2020-08-11 08:00:00+02:00,602,31,571,14.48243267179175,636,41,595,18.93496792452342
2020-08-11 09:00:00+02:00,365,18,347,13.841509085955579,435,22,413,18.12903545838282
2020-08-11 10:00:00+02:00,318,17,301,18.935672225662945,355,21,334,15.9786287907944
2020-08-11 11:00:00+02:00,369,21,348,21.780887786449522,435,29,406,18.12903545838282
2020-08-11 12:00:00+02:00,318,17,301,18.935672225662945,355,21,334,15.9786287907944
2020-08-11 13:00:00+02:00,307,18,289,20.191149474612537,361,23,338,12.998769947964982
2020-08-11 14:00:00+02:00,335,17,318,19.015260784783788,358,24,334,17.266463146446004
2020-08-11 15:00:00+02:00,353,18,335,15.611986263428733,373,25,348,21.959269594519817
2020-08-11 16:00:00+02:00,382,19,363,20.125902913903722,439,25,414,20.7127910874839
2020-08-11 17:00:00+02:00,587,31,556,17.036830920372932,581,32,549,18.750194352465222
2020-08-11 18:00:00+02:00,602,31,571,14.48243267179175,636,41,595,18.93496792452342
2020-08-11 19:00:00+02:00,396,19,377,21.767956053046117,446,30,416,21.950882073931346
2020-08-11 20:00:00+02:00,409,20,389,18.9629233186537,447,30,417,20.70189340508245
2020-08-11 21:00:00+02:00,313,17,296,19.597411881440696,369,25,344,21.780887786449522
2020-08-11 22:00:00+02:00,243,13,230,20.047908047539842,242,15,227,20.177962707598695
2020-08-11 23:00:00+02:00,156,8,148,15.494343228884324,180,10,170,17.911677234460093
2020-08-12 00:00:00+02:00,103,7,96,12.113442962320551,101,7,94,11.280950715811313
2020-08-12 01:00:00+02:00,69,5,64,19.29595730158091,62,4,58,14.48690450543278
2020-08-12 02:00:00+02:00,67,4,63,12.5039951599288,69,5,64,19.29595730158091
2020-08-12 03:00:00+02:00,102,7,95,13.093305626972347,103,6,97,12.113442962320551
2020-08-12 04:00:00+02:00,173,13,160,20.37647841384157,168,12,156,20.304807772345505
2020-08-12 05:00:00+02:00,310,22,288,16.921651532922695,297,18,279,18.348417493587977
2020-08-12 06:00:00+02:00,374,25,349,18.17629135420491,363,22,341,20.037936765942277
2020-08-12 07:00:00+02:00,583,47,536,17.990582160320795,580,39,541,24.24750544028644
2020-08-12 08:00:00+02:00,617,48,569,19.739247366719148,561,34,527,19.266161028294455
2020-08-12 09:00:00+02:00,411,29,382,21.89950881174465,378,28,350,19.765573549462566
2020-08-12 10:00:00+02:00,345,24,321,18.48984602659702,339,25,314,21.378284288972047
2020-08-12 11:00:00+02:00,416,28,388,17.117872401421668,372,24,348,17.388398109436665
2020-08-12 12:00:00+02:00,344,24,320,17.416933285982235,339,25,314,21.378284288972047
2020-08-12 13:00:00+02:00,347,23,324,19.399384547744187,337,22,315,21.494538760895587
2020-08-12 14:00:00+02:00,342,25,317,17.147818156889407,305,22,283,19.342371998402466
2020-08-12 15:00:00+02:00,375,26,349,22.64494297948435,363,22,341,20.037936765942277
2020-08-12 16:00:00+02:00,411,33,378,21.89950881174465,378,28,350,19.765573549462566
2020-08-12 17:00:00+02:00,587,41,546,20.028899672241884,580,39,541,24.24750544028644
2020-08-12 18:00:00+02:00,617,48,569,19.739247366719148,561,34,527,19.266161028294455
2020-08-12 19:00:00+02:00,446,32,414,22.957333740469338,413,27,386,24.398754434847095
2020-08-12 20:00:00+02:00,440,32,408,19.57754243382943,422,30,392,20.257299015157166
2020-08-12 21:00:00+02:00,341,27,314,14.480776847696712,342,19,323,17.147818156889407
2020-08-12 22:00:00+02:00,236,18,218,19.106111918840778,235,17,218,20.674840106170866
2020-08-12 23:00:00+02:00,172,13,159,19.644113972447897,166,12,154,18.57114730689396
2020-08-13 00:00:00+02:00,102,5,97,17.16228969519664,101,9,92,15.722824076028786
2020-08-13 01:00:00+02:00,67,3,64,8.7820789764259,68,5,63,8.76838954329883
2020-08-13 02:00:00+02:00,58,3,55,9.553390843343198,64,5,59,10.861502998298342
2020-08-13 03:00:00+02:00,96,4,92,14.216912378866963,97,9,88,12.899076821727318
2020-08-13 04:00:00+02:00,147,6,141,15.368688681481572,168,12,156,18.826549160784868
2020-08-13 05:00:00+02:00,281,12,269,13.335471171698996,302,25,277,15.388460750733547
2020-08-13 06:00:00+02:00,324,17,307,16.73552361007021,371,31,340,22.160808065992768
2020-08-13 07:00:00+02:00,585,31,554,19.939414463599903,552,41,511,19.146280906772695
2020-08-13 08:00:00+02:00,562,27,535,16.760248746749884,621,49,572,16.83849858700539
2020-08-13 09:00:00+02:00,383,20,363,16.374944526750998,380,32,348,17.309275284538113
2020-08-13 10:00:00+02:00,336,17,319,15.958874822620459,333,32,301,20.32010801444679
2020-08-13 11:00:00+02:00,357,18,339,17.217656619200195,386,33,353,16.144755675484674
2020-08-13 12:00:00+02:00,295,14,281,18.124850955878475,321,30,291,16.145632477670972
2020-08-13 13:00:00+02:00,305,13,292,17.950849983805522,316,29,287,20.62407905935427
2020-08-13 14:00:00+02:00,305,13,292,17.950849983805522,316,29,287,20.62407905935427
2020-08-13 15:00:00+02:00,336,15,321,15.958874822620459,367,35,332,17.587667378831867
2020-08-13 16:00:00+02:00,411,18,393,20.19047191446031,384,34,350,18.328255577407415
2020-08-13 17:00:00+02:00,589,28,561,18.12336350672661,542,52,490,19.962845961808647
2020-08-13 18:00:00+02:00,534,24,510,17.863758913120975,613,49,564,19.97690214137227
2020-08-13 19:00:00+02:00,446,20,426,21.950882073931346,446,41,405,21.950882073931346
2020-08-13 20:00:00+02:00,452,20,432,20.457835069065744,451,41,410,18.26483114220407
2020-08-13 21:00:00+02:00,304,13,291,17.388899925714064,316,29,287,20.62407905935427
2020-08-13 22:00:00+02:00,214,9,205,15.924572551583156,237,19,218,19.639472056784783
2020-08-13 23:00:00+02:00,159,7,152,14.902124069206264,164,15,149,17.04508883203371
2020-08-14 00:00:00+02:00,104,6,98,15.419008920479554,103,6,97,15.382954428343787
2020-08-14 01:00:00+02:00,69,4,65,9.088019179013875,63,4,59,10.388662642002918
2020-08-14 02:00:00+02:00,66,4,62,9.023232667771104,67,4,63,8.7820789764259
2020-08-14 03:00:00+02:00,102,6,96,17.16228969519664,101,6,95,15.722824076028786
2020-08-14 04:00:00+02:00,167,10,157,16.326460423959446,162,8,154,16.74566421039952
2020-08-14 05:00:00+02:00,306,19,287,17.29338931061959,295,19,276,18.124850955878475
2020-08-14 06:00:00+02:00,365,23,342,13.841509085955579,374,19,355,19.74351641083776
2020-08-14 07:00:00+02:00,581,32,549,18.750194352465222,561,31,530,19.46521037670725
2020-08-14 08:00:00+02:00,589,37,552,18.12336350672661,574,39,535,15.684649835412802
2020-08-14 09:00:00+02:00,399,24,375,19.41491988156679,385,26,359,20.421424085503357
2020-08-14 10:00:00+02:00,337,20,317,17.267378436340927,346,19,327,20.055561008235962
2020-08-14 11:00:00+02:00,405,26,379,22.019042003290508,397,26,371,18.199028450046157
2020-08-14 12:00:00+02:00,329,19,310,19.42296356680245,331,21,310,17.80556906191039
2020-08-14 13:00:00+02:00,332,20,312,16.51343902542064,339,17,322,18.816064403360887
2020-08-14 14:00:00+02:00,335,19,316,19.015260784783788,336,22,314,15.958874822620459
2020-08-14 15:00:00+02:00,379,24,355,21.848351584441453,348,20,328,19.874294449784557
2020-08-14 16:00:00+02:00,405,26,379,22.019042003290508,397,26,371,18.199028450046157
2020-08-14 17:00:00+02:00,560,33,527,19.224282894636197,586,32,554,15.95701591247249
2020-08-14 18:00:00+02:00,610,33,577,21.63574172729095,592,35,557,19.04359843442914
2020-08-14 19:00:00+02:00,426,25,401,17.1824615006757,420,22,398,17.41043484577572
2020-08-14 20:00:00+02:00,446,28,418,21.950882073931346,446,28,418,21.950882073931346
2020-08-14 21:00:00+02:00,332,18,314,16.51343902542064,339,17,322,18.816064403360887
2020-08-14 22:00:00+02:00,235,13,222,17.312504441342213,229,14,215,17.77127130389445
2020-08-14 23:00:00+02:00,165,9,156,14.577535715178616,172,10,162,17.29590397289294
2020-08-15 00:00:00+02:00,98,3,95,12.969802473207528,107,3,104,14.594273950490571
2020-08-15 01:00:00+02:00,65,2,63,6.612960189648945,69,2,67,6.084524746870145
2020-08-15 02:00:00+02:00,67,2,65,6.903137595840754,69,2,67,6.084524746870145
2020-08-15 03:00:00+02:00,101,3,98,15.166655061563866,104,3,101,14.922189003690542
2020-08-15 04:00:00+02:00,131,4,127,16.939966253796925,141,4,137,17.969717742952817
2020-08-15 05:00:00+02:00,169,5,164,18.059406370116463,177,6,171,18.32493748209408
2020-08-15 06:00:00+02:00,277,9,268,15.66436341783579,287,10,277,18.44694466552339
2020-08-15 07:00:00+02:00,398,15,383,18.935796743863577,428,17,411,18.508932401616175
2020-08-15 08:00:00+02:00,546,20,526,16.77191706374956,563,19,544,15.54072112529785
2020-08-15 09:00:00+02:00,572,22,550,18.032329321067635,597,22,575,20.54947528411044
2020-08-15 10:00:00+02:00,521,19,502,18.717785760371264,526,18,508,19.410346918594843
2020-08-15 11:00:00+02:00,412,15,397,18.68690829245824,428,16,412,18.508932401616175
2020-08-15 12:00:00+02:00,409,15,394,15.464491050485762,421,14,407,20.884695937787182
2020-08-15 13:00:00+02:00,435,15,420,20.183878117421074,459,16,443,16.959180503378708
2020-08-15 14:00:00+02:00,410,15,395,19.263485804042553,421,14,407,20.884695937787182
2020-08-15 15:00:00+02:00,468,16,452,23.213262344869758,503,16,487,14.977719066049488
2020-08-15 16:00:00+02:00,472,18,454,19.642234119942152,502,18,484,18.657977723274794
2020-08-15 17:00:00+02:00,534,21,513,20.03764105486615,570,19,551,21.123025347766156
2020-08-15 18:00:00+02:00,498,19,479,18.48397287248944,535,20,515,18.92923559959552
2020-08-15 19:00:00+02:00,395,15,380,16.372238321812947,428,17,411,18.508932401616175
2020-08-15 20:00:00+02:00,375,14,361,16.704197755382875,387,13,374,21.912479739058885
2020-08-15 21:00:00+02:00,332,13,319,15.16114852603342,359,14,345,19.769371874945296
2020-08-15 22:00:00+02:00,276,10,266,15.563245118983389,281,8,273,17.76246032663056
2020-08-15 23:00:00+02:00,133,4,129,17.252916687553505,143,5,138,18.615052540091806
2020-08-16 00:00:00+02:00,55,1,54,6.735175375295225,58,1,57,5.956962867511296
2020-08-16 01:00:00+02:00,37,0,37,0.10616208206304878,41,0,41,0.5461031644139451
2020-08-16 02:00:00+02:00,37,0,37,0.10616208206304878,41,0,41,0.5461031644139451
2020-08-16 03:00:00+02:00,56,1,55,6.305580858028862,58,1,57,5.956962867511296
2020-08-16 04:00:00+02:00,75,1,74,8.496916082820329,85,1,84,10.605360902000728
2020-08-16 05:00:00+02:00,94,2,92,10.834275936241724,102,2,100,16.872085686095776
2020-08-16 06:00:00+02:00,151,3,148,16.104558405426747,190,4,186,15.722923549480257
2020-08-16 07:00:00+02:00,235,5,230,17.818698986618266,291,7,284,18.65765369075301
2020-08-16 08:00:00+02:00,308,6,302,20.6154927249965,400,8,392,13.326534837992975
2020-08-16 09:00:00+02:00,337,7,330,20.830111150980965,424,10,414,22.23934640472396
2020-08-16 10:00:00+02:00,280,6,274,18.140570207306258,388,8,380,21.335919297359776
2020-08-16 11:00:00+02:00,220,5,215,17.165789561846236,259,6,253,19.654896199931585
2020-08-16 12:00:00+02:00,235,6,229,17.818698986618266,291,7,284,18.65765369075301
2020-08-16 13:00:00+02:00,250,5,245,19.87213099739703,298,6,292,20.492105699574804
2020-08-16 14:00:00+02:00,217,5,212,18.524303511273022,268,6,262,17.48234396673468
2020-08-16 15:00:00+02:00,270,6,264,17.758193366652176,296,6,290,20.22658197049654
2020-08-16 16:00:00+02:00,253,6,247,19.52264004070869,321,6,315,14.798236545220965
2020-08-16 17:00:00+02:00,292,7,285,20.98379645720198,346,7,339,19.574962836525334
2020-08-16 18:00:00+02:00,284,6,278,20.19042731002901,392,10,382,19.81318580010203
2020-08-16 19:00:00+02:00,220,5,215,17.165789561846236,259,6,253,19.654896199931585
2020-08-16 20:00:00+02:00,216,5,211,18.982366806375833,245,6,239,18.942695865735725
2020-08-16 21:00:00+02:00,193,4,189,17.477315732472185,239,5,234,21.954537826783962
2020-08-16 22:00:00+02:00,151,3,148,16.104558405426747,190,4,186,15.722923549480257
2020-08-16 23:00:00+02:00,78,1,77,11.28019362112849,80,2,78,10.935892759042927
2020-08-17 00:00:00+02:00,100,6,94,11.498666007215672,103,6,97,15.382954428343787
2020-08-17 01:00:00+02:00,69,4,65,9.088019179013875,67,4,63,8.7820789764259
2020-08-17 02:00:00+02:00,70,4,66,10.058368549125793,70,4,66,10.058368549125793
2020-08-17 03:00:00+02:00,105,6,99,17.275457667249523,107,7,100,14.468560125293688
2020-08-17 04:00:00+02:00,174,10,164,15.16870194582857,173,10,163,15.973662407262577
2020-08-17 05:00:00+02:00,296,16,280,17.712986272610788,316,19,297,20.62407905935427
2020-08-17 06:00:00+02:00,366,19,347,21.55465930066985,393,26,367,18.9997609120005
2020-08-17 07:00:00+02:00,564,37,527,17.894997027868744,596,44,552,15.907225472203114
2020-08-17 08:00:00+02:00,634,37,597,21.632607746428658,608,34,574,18.32520001541616
2020-08-17 09:00:00+02:00,421,23,398,17.020475847067946,405,30,375,22.019042003290508
2020-08-17 10:00:00+02:00,342,22,320,16.62954797709198,347,21,326,21.10654626064635
2020-08-17 11:00:00+02:00,428,27,401,16.577822504859213,417,30,387,13.5483310227481
2020-08-17 12:00:00+02:00,331,19,312,17.80556906191039,343,23,320,17.146295462927593
2020-08-17 13:00:00+02:00,346,22,324,20.055561008235962,349,26,323,20.36491253730765
2020-08-17 14:00:00+02:00,354,20,334,15.564128092786257,339,25,314,18.816064403360887
2020-08-17 15:00:00+02:00,391,24,367,17.400151250985424,383,26,357,16.374944526750998
2020-08-17 16:00:00+02:00,393,23,370,18.9997609120005,412,31,381,21.656867998631252
2020-08-17 17:00:00+02:00,586,34,552,15.95701591247249,595,34,561,19.26058236025398
2020-08-17 18:00:00+02:00,634,37,597,21.632607746428658,608,34,574,18.32520001541616
2020-08-17 19:00:00+02:00,457,25,432,20.79697956139564,466,29,437,21.78555834863052
2020-08-17 20:00:00+02:00,461,28,433,20.137663055422987,458,32,426,16.012859161215747
2020-08-17 21:00:00+02:00,339,20,319,18.816064403360887,347,21,326,21.10654626064635
2020-08-17 22:00:00+02:00,250,16,234,16.293795315544642,246,15,231,18.77282817762498
2020-08-17 23:00:00+02:00,174,11,163,15.16870194582857,173,10,163,15.973662407262577
2020-08-18 00:00:00+02:00,93,4,89,10.49382362978423,107,7,100,14.468560125293688
2020-08-18 01:00:00+02:00,69,3,66,9.088019179013875,67,4,63,8.7820789764259
2020-08-18 02:00:00+02:00,66,3,63,9.023232667771104,71,4,67,10.892283890515856
2020-08-18 03:00:00+02:00,91,5,86,14.700579974090408,102,5,97,17.16228969519664
2020-08-18 04:00:00+02:00,161,9,152,14.047611523096029,176,11,165,18.2097920432382
2020-08-18 05:00:00+02:00,312,18,294,19.5654328807172,310,17,293,21.07594915875671
2020-08-18 06:00:00+02:00,353,18,335,15.611986263428733,373,25,348,21.959269594519817
2020-08-18 07:00:00+02:00,541,27,514,18.36315252401368,579,36,543,12.500832250048951
2020-08-18 08:00:00+02:00,602,31,571,14.48243267179175,636,41,595,18.93496792452342
2020-08-18 09:00:00+02:00,365,18,347,13.841509085955579,435,22,413,18.12903545838282
2020-08-18 10:00:00+02:00,318,17,301,18.935672225662945,355,21,334,15.9786287907944
2020-08-18 11:00:00+02:00,369,21,348,21.780887786449522,435,29,406,18.12903545838282
2020-08-18 12:00:00+02:00,318,17,301,18.935672225662945,355,21,334,15.9786287907944
2020-08-18 13:00:00+02:00,307,18,289,20.191149474612537,361,23,338,12.998769947964982
2020-08-18 14:00:00+02:00,335,17,318,19.015260784783788,358,24,334,17.266463146446004
2020-08-18 15:00:00+02:00,353,18,335,15.611986263428733,373,25,348,21.959269594519817
2020-08-18 16:00:00+02:00,382,19,363,20.125902913903722,439,25,414,20.7127910874839
2020-08-18 17:00:00+02:00,587,31,556,17.036830920372932,581,32,549,18.750194352465222
2020-08-18 18:00:00+02:00,602,31,571,14.48243267179175,636,41,595,18.93496792452342
2020-08-18 19:00:00+02:00,396,19,377,21.767956053046117,446,30,416,21.950882073931346
2020-08-18 20:00:00+02:00,409,20,389,18.9629233186537,447,30,417,20.70189340508245
2020-08-18 21:00:00+02:00,313,17,296,19.597411881440696,369,25,344,21.780887786449522
2020-08-18 22:00:00+02:00,243,13,230,20.047908047539842,242,15,227,20.177962707598695
2020-08-18 23:00:00+02:00,156,8,148,15.494343228884324,180,10,170,17.911677234460093
2020-08-19 00:00:00+02:00,103,7,96,12.113442962320551,101,7,94,11.280950715811313
2020-08-19 01:00:00+02:00,69,5,64,19.29595730158091,62,4,58,14.48690450543278
2020-08-19 02:00:00+02:00,67,4,63,12.5039951599288,69,5,64,19.29595730158091
2020-08-19 03:00:00+02:00,102,7,95,13.093305626972347,103,6,97,12.113442962320551
2020-08-19 04:00:00+02:00,173,13,160,20.37647841384157,168,12,156,20.304807772345505
2020-08-19 05:00:00+02:00,310,22,288,16.921651532922695,297,18,279,18.348417493587977
2020-08-19 06:00:00+02:00,374,25,349,18.17629135420491,363,22,341,20.037936765942277
2020-08-19 07:00:00+02:00,583,47,536,17.990582160320795,580,39,541,24.24750544028644
2020-08-19 08:00:00+02:00,617,48,569,19.739247366719148,561,34,527,19.266161028294455
2020-08-19 09:00:00+02:00,411,29,382,21.89950881174465,378,28,350,19.765573549462566
2020-08-19 10:00:00+02:00,345,24,321,18.48984602659702,339,25,314,21.378284288972047
2020-08-19 11:00:00+02:00,416,28,388,17.117872401421668,372,24,348,17.388398109436665
2020-08-19 12:00:00+02:00,344,24,320,17.416933285982235,339,25,314,21.378284288972047
2020-08-19 13:00:00+02:00,347,23,324,19.399384547744187,337,22,315,21.494538760895587
2020-08-19 14:00:00+02:00,342,25,317,17.147818156889407,305,22,283,19.342371998402466
2020-08-19 15:00:00+02:00,375,26,349,22.64494297948435,363,22,341,20.037936765942277
2020-08-19 16:00:00+02:00,411,33,378,21.89950881174465,378,28,350,19.765573549462566
2020-08-19 17:00:00+02:00,587,41,546,20.028899672241884,580,39,541,24.24750544028644
2020-08-19 18:00:00+02:00,617,48,569,19.739247366719148,561,34,527,19.266161028294455
2020-08-19 19:00:00+02:00,446,32,414,22.957333740469338,413,27,386,24.398754434847095
2020-08-19 20:00:00+02:00,440,32,408,19.57754243382943,422,30,392,20.257299015157166
2020-08-19 21:00:00+02:00,341,27,314,14.480776847696712,342,19,323,17.147818156889407
2020-08-19 22:00:00+02:00,236,18,218,19.106111918840778,235,17,218,20.674840106170866
2020-08-19 23:00:00+02:00,172,13,159,19.644113972447897,166,12,154,18.57114730689396
2020-08-20 00:00:00+02:00,102,5,97,17.16228969519664,101,9,92,15.722824076028786
2020-08-20 01:00:00+02:00,67,3,64,8.7820789764259,68,5,63,8.76838954329883
2020-08-20 02:00:00+02:00,58,3,55,9.553390843343198,64,5,59,10.861502998298342
2020-08-20 03:00:00+02:00,96,4,92,14.216912378866963,97,9,88,12.899076821727318
2020-08-20 04:00:00+02:00,147,6,141,15.368688681481572,168,12,156,18.826549160784868
2020-08-20 05:00:00+02:00,281,12,269,13.335471171698996,302,25,277,15.388460750733547
2020-08-20 06:00:00+02:00,324,17,307,16.73552361007021,371,31,340,22.160808065992768
2020-08-20 07:00:00+02:00,585,31,554,19.939414463599903,552,41,511,19.146280906772695
2020-08-20 08:00:00+02:00,562,27,535,16.760248746749884,621,49,572,16.83849858700539
2020-08-20 09:00:00+02:00,383,20,363,16.374944526750998,380,32,348,17.309275284538113
2020-08-20 10:00:00+02:00,336,17,319,15.958874822620459,333,32,301,20.32010801444679
2020-08-20 11:00:00+02:00,357,18,339,17.217656619200195,386,33,353,16.144755675484674
2020-08-20 12:00:00+02:00,295,14,281,18.124850955878475,321,30,291,16.145632477670972
2020-08-20 13:00:00+02:00,305,13,292,17.950849983805522,316,29,287,20.62407905935427
2020-08-20 14:00:00+02:00,305,13,292,17.950849983805522,316,29,287,20.62407905935427
2020-08-20 15:00:00+02:00,336,15,321,15.958874822620459,367,35,332,17.587667378831867
2020-08-20 16:00:00+02:00,411,18,393,20.19047191446031,384,34,350,18.328255577407415
2020-08-20 17:00:00+02:00,589,28,561,18.12336350672661,542,52,490,19.962845961808647
2020-08-20 18:00:00+02:00,534,24,510,17.863758913120975,613,49,564,19.97690214137227
2020-08-20 19:00:00+02:00,446,20,426,21.950882073931346,446,41,405,21.950882073931346
2020-08-20 20:00:00+02:00,452,20,432,20.457835069065744,451,41,410,18.26483114220407
2020-08-20 21:00:00+02:00,304,13,291,17.388899925714064,316,29,287,20.62407905935427
2020-08-20 22:00:00+02:00,214,9,205,15.924572551583156,237,19,218,19.639472056784783
2020-08-20 23:00:00+02:00,159,7,152,14.902124069206264,164,15,149,17.04508883203371
2020-08-21 00:00:00+02:00,104,6,98,15.419008920479554,103,6,97,15.382954428343787
2020-08-21 01:00:00+02:00,69,4,65,9.088019179013875,63,4,59,10.388662642002918
2020-08-21 02:00:00+02:00,66,4,62,9.023232667771104,67,4,63,8.7820789764259
2020-08-21 03:00:00+02:00,102,6,96,17.16228969519664,101,6,95,15.722824076028786
2020-08-21 04:00:00+02:00,167,10,157,16.326460423959446,162,8,154,16.74566421039952
2020-08-21 05:00:00+02:00,306,19,287,17.29338931061959,295,19,276,18.124850955878475
2020-08-21 06:00:00+02:00,365,23,342,13.841509085955579,374,19,355,19.74351641083776
2020-08-21 07:00:00+02:00,581,32,549,18.750194352465222,561,31,530,19.46521037670725
2020-08-21 08:00:00+02:00,589,37,552,18.12336350672661,574,39,535,15.684649835412802
2020-08-21 09:00:00+02:00,399,24,375,19.41491988156679,385,26,359,20.421424085503357
2020-08-21 10:00:00+02:00,337,20,317,17.267378436340927,346,19,327,20.055561008235962
2020-08-21 11:00:00+02:00,405,26,379,22.019042003290508,397,26,371,18.199028450046157
2020-08-21 12:00:00+02:00,329,19,310,19.42296356680245,331,21,310,17.80556906191039
2020-08-21 13:00:00+02:00,332,20,312,16.51343902542064,339,17,322,18.816064403360887
2020-08-21 14:00:00+02:00,335,19,316,19.015260784783788,336,22,314,15.958874822620459
2020-08-21 15:00:00+02:00,379,24,355,21.848351584441453,348,20,328,19.874294449784557
2020-08-21 16:00:00+02:00,405,26,379,22.019042003290508,397,26,371,18.199028450046157
2020-08-21 17:00:00+02:00,560,33,527,19.224282894636197,586,32,554,15.95701591247249
2020-08-21 18:00:00+02:00,610,33,577,21.63574172729095,592,35,557,19.04359843442914
2020-08-21 19:00:00+02:00,426,25,401,17.1824615006757,420,22,398,17.41043484577572
2020-08-21 20:00:00+02:00,446,28,418,21.950882073931346,446,28,418,21.950882073931346
2020-08-21 21:00:00+02:00,332,18,314,16.51343902542064,339,17,322,18.816064403360887
2020-08-21 22:00:00+02:00,235,13,222,17.312504441342213,229,14,215,17.77127130389445
2020-08-21 23:00:00+02:00,165,9,156,14.577535715178616,172,10,162,17.29590397289294
2020-08-22 00:00:00+02:00,98,3,95,12.969802473207528,107,3,104,14.594273950490571
2020-08-22 01:00:00+02:00,65,2,63,6.612960189648945,69,2,67,6.084524746870145
2020-08-22 02:00:00+02:00,67,2,65,6.903137595840754,69,2,67,6.084524746870145
2020-08-22 03:00:00+02:00,101,3,98,15.166655061563866,104,3,101,14.922189003690542
2020-08-22 04:00:00+02:00,131,4,127,16.939966253796925,141,4,137,17.969717742952817
2020-08-22 05:00:00+02:00,169,5,164,18.059406370116463,177,6,171,18.32493748209408
2020-08-22 06:00:00+02:00,277,9,268,15.66436341783579,287,10,277,18.44694466552339
2020-08-22 07:00:00+02:00,398,15,383,18.935796743863577,428,17,411,18.508932401616175
2020-08-22 08:00:00+02:00,546,20,526,16.77191706374956,563,19,544,15.54072112529785
2020-08-22 09:00:00+02:00,572,22,550,18.032329321067635,597,22,575,20.54947528411044
2020-08-22 10:00:00+02:00,521,19,502,18.717785760371264,526,18,508,19.410346918594843
2020-08-22 11:00:00+02:00,412,15,397,18.68690829245824,428,16,412,18.508932401616175
2020-08-22 12:00:00+02:00,409,15,394,15.464491050485762,421,14,407,20.884695937787182
2020-08-22 13:00:00+02:00,435,15,420,20.183878117421074,459,16,443,16.959180503378708
2020-08-22 14:00:00+02:00,410,15,395,19.263485804042553,421,14,407,20.884695937787182
2020-08-22 15:00:00+02:00,468,16,452,23.213262344869758,503,16,487,14.977719066049488
2020-08-22 16:00:00+02:00,472,18,454,19.642234119942152,502,18,484,18.657977723274794
2020-08-22 17:00:00+02:00,534,21,513,20.03764105486615,570,19,551,21.123025347766156
2020-08-22 18:00:00+02:00,498,19,479,18.48397287248944,535,20,515,18.92923559959552
2020-08-22 19:00:00+02:00,395,15,380,16.372238321812947,428,17,411,18.508932401616175
2020-08-22 20:00:00+02:00,375,14,361,16.704197755382875,387,13,374,21.912479739058885
2020-08-22 21:00:00+02:00,332,13,319,15.16114852603342,359,14,345,19.769371874945296
2020-08-22 22:00:00+02:00,276,10,266,15.563245118983389,281,8,273,17.76246032663056
2020-08-22 23:00:00+02:00,133,4,129,17.252916687553505,143,5,138,18.615052540091806
2020-08-23 00:00:00+02:00,55,1,54,6.735175375295225,58,1,57,5.956962867511296
2020-08-23 01:00:00+02:00,37,0,37,0.10616208206304878,41,0,41,0.5461031644139451
2020-08-23 02:00:00+02:00,37,0,37,0.10616208206304878,41,0,41,0.5461031644139451
2020-08-23 03:00:00+02:00,56,1,55,6.305580858028862,58,1,57,5.956962867511296
2020-08-23 04:00:00+02:00,75,1,74,8.496916082820329,85,1,84,10.605360902000728
2020-08-23 05:00:00+02:00,94,2,92,10.834275936241724,102,2,100,16.872085686095776
2020-08-23 06:00:00+02:00,151,3,148,16.104558405426747,190,4,186,15.722923549480257
2020-08-23 07:00:00+02:00,235,5,230,17.818698986618266,291,7,284,18.65765369075301
2020-08-23 08:00:00+02:00,308,6,302,20.6154927249965,400,8,392,13.326534837992975
2020-08-23 09:00:00+02:00,337,7,330,20.830111150980965,424,10,414,22.23934640472396
2020-08-23 10:00:00+02:00,280,6,274,18.140570207306258,388,8,380,21.335919297359776
2020-08-23 11:00:00+02:00,220,5,215,17.165789561846236,259,6,253,19.654896199931585
2020-08-23 12:00:00+02:00,235,6,229,17.818698986618266,291,7,284,18.65765369075301
2020-08-23 13:00:00+02:00,250,5,245,19.87213099739703,298,6,292,20.492105699574804
2020-08-23 14:00:00+02:00,217,5,212,18.524303511273022,268,6,262,17.48234396673468
2020-08-23 15:00:00+02:00,270,6,264,17.758193366652176,296,6,290,20.22658197049654
2020-08-23 16:00:00+02:00,253,6,247,19.52264004070869,321,6,315,14.798236545220965
2020-08-23 17:00:00+02:00,292,7,285,20.98379645720198,346,7,339,19.574962836525334
2020-08-23 18:00:00+02:00,284,6,278,20.19042731002901,392,10,382,19.81318580010203
2020-08-23 19:00:00+02:00,220,5,215,17.165789561846236,259,6,253,19.654896199931585
2020-08-23 20:00:00+02:00,216,5,211,18.982366806375833,245,6,239,18.942695865735725
2020-08-23 21:00:00+02:00,193,4,189,17.477315732472185,239,5,234,21.954537826783962
2020-08-23 22:00:00+02:00,151,3,148,16.104558405426747,190,4,186,15.722923549480257
2020-08-23 23:00:00+02:00,78,1,77,11.28019362112849,80,2,78,10.935892759042927
2020-08-24 00:00:00+02:00,100,6,94,11.498666007215672,103,6,97,15.382954428343787
2020-08-24 01:00:00+02:00,69,4,65,9.088019179013875,67,4,63,8.7820789764259
2020-08-24 02:00:00+02:00,70,4,66,10.058368549125793,70,4,66,10.058368549125793
2020-08-24 03:00:00+02:00,105,6,99,17.275457667249523,107,7,100,14.468560125293688
2020-08-24 04:00:00+02:00,174,10,164,15.16870194582857,173,10,163,15.973662407262577
2020-08-24 05:00:00+02:00,296,16,280,17.712986272610788,316,19,297,20.62407905935427
2020-08-24 06:00:00+02:00,366,19,347,21.55465930066985,393,26,367,18.9997609120005
2020-08-24 07:00:00+02:00,564,37,527,17.894997027868744,596,44,552,15.907225472203114
2020-08-24 08:00:00+02:00,634,37,597,21.632607746428658,608,34,574,18.32520001541616
2020-08-24 09:00:00+02:00,421,23,398,17.020475847067946,405,30,375,22.019042003290508
2020-08-24 10:00:00+02:00,342,22,320,16.62954797709198,347,21,326,21.10654626064635
2020-08-24 11:00:00+02:00,428,27,401,16.577822504859213,417,30,387,13.5483310227481
2020-08-24 12:00:00+02:00,331,19,312,17.80556906191039,343,23,320,17.146295462927593
2020-08-24 13:00:00+02:00,346,22,324,20.055561008235962,349,26,323,20.36491253730765
2020-08-24 14:00:00+02:00,354,20,334,15.564128092786257,339,25,314,18.816064403360887
2020-08-24 15:00:00+02:00,391,24,367,17.400151250985424,383,26,357,16.374944526750998
2020-08-24 16:00:00+02:00,393,23,370,18.9997609120005,412,31,381,21.656867998631252
2020-08-24 17:00:00+02:00,586,34,552,15.95701591247249,595,34,561,19.26058236025398
2020-08-24 18:00:00+02:00,634,37,597,21.632607746428658,608,34,574,18.32520001541616
2020-08-24 19:00:00+02:00,457,25,432,20.79697956139564,466,29,437,21.78555834863052
2020-08-24 20:00:00+02:00,461,28,433,20.137663055422987,458,32,426,16.012859161215747
2020-08-24 21:00:00+02:00,339,20,319,18.816064403360887,347,21,326,21.10654626064635
2020-08-24 22:00:00+02:00,250,16,234,16.293795315544642,246,15,231,18.77282817762498
2020-08-24 23:00:00+02:00,174,11,163,15.16870194582857,173,10,163,15.973662407262577
2020-08-25 00:00:00+02:00,93,4,89,10.49382362978423,107,7,100,14.468560125293688
2020-08-25 01:00:00+02:00,69,3,66,9.088019179013875,67,4,63,8.7820789764259
2020-08-25 02:00:00+02:00,66,3,63,9.023232667771104,71,4,67,10.892283890515856
2020-08-25 03:00:00+02:00,91,5,86,14.700579974090408,102,5,97,17.16228969519664
2020-08-25 04:00:00+02:00,161,9,152,14.047611523096029,176,11,165,18.2097920432382
2020-08-25 05:00:00+02:00,312,18,294,19.5654328807172,310,17,293,21.07594915875671
2020-08-25 06:00:00+02:00,353,18,335,15.611986263428733,373,25,348,21.959269594519817
2020-08-25 07:00:00+02:00,541,27,514,18.36315252401368,579,36,543,12.500832250048951
2020-08-25 08:00:00+02:00,602,31,571,14.48243267179175,636,41,595,18.93496792452342
2020-08-25 09:00:00+02:00,365,18,347,13.841509085955579,435,22,413,18.12903545838282
2020-08-25 10:00:00+02:00,318,17,301,18.935672225662945,355,21,334,15.9786287907944
2020-08-25 11:00:00+02:00,369,21,348,21.780887786449522,435,29,406,18.12903545838282
2020-08-25 12:00:00+02:00,318,17,301,18.935672225662945,355,21,334,15.9786287907944
2020-08-25 13:00:00+02:00,307,18,289,20.191149474612537,361,23,338,12.998769947964982
2020-08-25 14:00:00+02:00,335,17,318,19.015260784783788,358,24,334,17.266463146446004
2020-08-25 15:00:00+02:00,353,18,335,15.611986263428733,373,25,348,21.959269594519817
2020-08-25 16:00:00+02:00,382,19,363,20.125902913903722,439,25,414,20.7127910874839
2020-08-25 17:00:00+02:00,587,31,556,17.036830920372932,581,32,549,18.750194352465222
2020-08-25 18:00:00+02:00,602,31,571,14.48243267179175,636,41,595,18.93496792452342
2020-08-25 19:00:00+02:00,396,19,377,21.767956053046117,446,30,416,21.950882073931346
2020-08-25 20:00:00+02:00,409,20,389,18.9629233186537,447,30,417,20.70189340508245
2020-08-25 21:00:00+02:00,313,17,296,19.597411881440696,369,25,344,21.780887786449522
2020-08-25 22:00:00+02:00,243,13,230,20.047908047539842,242,15,227,20.177962707598695
2020-08-25 23:00:00+02:00,156,8,148,15.494343228884324,180,10,170,17.911677234460093
2020-08-26 00:00:00+02:00,103,7,96,12.113442962320551,101,7,94,11.280950715811313
2020-08-26 01:00:00+02:00,69,5,64,19.29595730158091,62,4,58,14.48690450543278
2020-08-26 02:00:00+02:00,67,4,63,12.5039951599288,69,5,64,19.29595730158091
2020-08-26 03:00:00+02:00,102,7,95,13.093305626972347,103,6,97,12.113442962320551
2020-08-26 04:00:00+02:00,173,13,160,20.37647841384157,168,12,156,20.304807772345505
2020-08-26 05:00:00+02:00,310,22,288,16.921651532922695,297,18,279,18.348417493587977
2020-08-26 06:00:00+02:00,374,25,349,18.17629135420491,363,22,341,20.037936765942277
2020-08-26 07:00:00+02:00,583,47,536,17.990582160320795,580,39,541,24.24750544028644
2020-08-26 08:00:00+02:00,617,48,569,19.739247366719148,561,34,527,19.266161028294455
2020-08-26 09:00:00+02:00,411,29,382,21.89950881174465,378,28,350,19.765573549462566
2020-08-26 10:00:00+02:00,345,24,321,18.48984602659702,339,25,314,21.378284288972047
2020-08-26 11:00:00+02:00,416,28,388,17.117872401421668,372,24,348,17.388398109436665
2020-08-26 12:00:00+02:00,344,24,320,17.416933285982235,339,25,314,21.378284288972047
2020-08-26 13:00:00+02:00,347,23,324,19.399384547744187,337,22,315,21.494538760895587
2020-08-26 14:00:00+02:00,342,25,317,17.147818156889407,305,22,283,19.342371998402466
2020-08-26 15:00:00+02:00,375,26,349,22.64494297948435,363,22,341,20.037936765942277
2020-08-26 16:00:00+02:00,411,33,378,21.89950881174465,378,28,350,19.765573549462566
2020-08-26 17:00:00+02:00,587,41,546,20.028899672241884,580,39,541,24.24750544028644
2020-08-26 18:00:00+02:00,617,48,569,19.739247366719148,561,34,527,19.266161028294455
2020-08-26 19:00:00+02:00,446,32,414,22.957333740469338,413,27,386,24.398754434847095
2020-08-26 20:00:00+02:00,440,32,408,19.57754243382943,422,30,392,20.257299015157166
2020-08-26 21:00:00+02:00,341,27,314,14.480776847696712,342,19,323,17.147818156889407
2020-08-26 22:00:00+02:00,236,18,218,19.106111918840778,235,17,218,20.674840106170866
2020-08-26 23:00:00+02:00,172,13,159,19.644113972447897,166,12,154,18.57114730689396
2020-08-27 00:00:00+02:00,102,5,97,17.16228969519664,101,9,92,15.722824076028786
2020-08-27 01:00:00+02:00,67,3,64,8.7820789764259,68,5,63,8.76838954329883
2020-08-27 02:00:00+02:00,58,3,55,9.553390843343198,64,5,59,10.861502998298342
2020-08-27 03:00:00+02:00,96,4,92,14.216912378866963,97,9,88,12.899076821727318
2020-08-27 04:00:00+02:00,147,6,141,15.368688681481572,168,12,156,18.826549160784868
2020-08-27 05:00:00+02:00,281,12,269,13.335471171698996,302,25,277,15.388460750733547
2020-08-27 06:00:00+02:00,324,17,307,16.73552361007021,371,31,340,22.160808065992768
2020-08-27 07:00:00+02:00,585,31,554,19.939414463599903,552,41,511,19.146280906772695
2020-08-27 08:00:00+02:00,562,27,535,16.760248746749884,621,49,572,16.83849858700539
2020-08-27 09:00:00+02:00,383,20,363,16.374944526750998,380,32,348,17.309275284538113
2020-08-27 10:00:00+02:00,336,17,319,15.958874822620459,333,32,301,20.32010801444679
2020-08-27 11:00:00+02:00,357,18,339,17.217656619200195,386,33,353,16.144755675484674
2020-08-27 12:00:00+02:00,295,14,281,18.124850955878475,321,30,291,16.145632477670972
2020-08-27 13:00:00+02:00,305,13,292,17.950849983805522,316,29,287,20.62407905935427
2020-08-27 14:00:00+02:00,305,13,292,17.950849983805522,316,29,287,20.62407905935427
2020-08-27 15:00:00+02:00,336,15,321,15.958874822620459,367,35,332,17.587667378831867
2020-08-27 16:00:00+02:00,411,18,393,20.19047191446031,384,34,350,18.328255577407415
2020-08-27 17:00:00+02:00,589,28,561,18.12336350672661,542,52,490,19.962845961808647
2020-08-27 18:00:00+02:00,534,24,510,17.863758913120975,613,49,564,19.97690214137227
2020-08-27 19:00:00+02:00,446,20,426,21.950882073931346,446,41,405,21.950882073931346
2020-08-27 20:00:00+02:00,452,20,432,20.457835069065744,451,41,410,18.26483114220407
2020-08-27 21:00:00+02:00,304,13,291,17.388899925714064,316,29,287,20.62407905935427
2020-08-27 22:00:00+02:00,214,9,205,15.924572551583156,237,19,218,19.639472056784783
2020-08-27 23:00:00+02:00,159,7,152,14.902124069206264,164,15,149,17.04508883203371
2020-08-28 00:00:00+02:00,104,6,98,15.419008920479554,103,6,97,15.382954428343787
2020-08-28 01:00:00+02:00,69,4,65,9.088019179013875,63,4,59,10.388662642002918
2020-08-28 02:00:00+02:00,66,4,62,9.023232667771104,67,4,63,8.7820789764259
2020-08-28 03:00:00+02:00,102,6,96,17.16228969519664,101,6,95,15.722824076028786
2020-08-28 04:00:00+02:00,167,10,157,16.326460423959446,162,8,154,16.74566421039952
2020-08-28 05:00:00+02:00,306,19,287,17.29338931061959,295,19,276,18.124850955878475
2020-08-28 06:00:00+02:00,365,23,342,13.841509085955579,374,19,355,19.74351641083776
2020-08-28 07:00:00+02:00,581,32,549,18.750194352465222,561,31,530,19.46521037670725
2020-08-28 08:00:00+02:00,589,37,552,18.12336350672661,574,39,535,15.684649835412802
2020-08-28 09:00:00+02:00,399,24,375,19.41491988156679,385,26,359,20.421424085503357
2020-08-28 10:00:00+02:00,337,20,317,17.267378436340927,346,19,327,20.055561008235962
2020-08-28 11:00:00+02:00,405,26,379,22.019042003290508,397,26,371,18.199028450046157
2020-08-28 12:00:00+02:00,329,19,310,19.42296356680245,331,21,310,17.80556906191039
2020-08-28 13:00:00+02:00,332,20,312,16.51343902542064,339,17,322,18.816064403360887
2020-08-28 14:00:00+02:00,335,19,316,19.015260784783788,336,22,314,15.958874822620459
2020-08-28 15:00:00+02:00,379,24,355,21.848351584441453,348,20,328,19.874294449784557
2020-08-28 16:00:00+02:00,405,26,379,22.019042003290508,397,26,371,18.199028450046157
2020-08-28 17:00:00+02:00,560,33,527,19.224282894636197,586,32,554,15.95701591247249
2020-08-28 18:00:00+02:00,610,33,577,21.63574172729095,592,35,557,19.04359843442914
2020-08-28 19:00:00+02:00,426,25,401,17.1824615006757,420,22,398,17.41043484577572
2020-08-28 20:00:00+02:00,446,28,418,21.950882073931346,446,28,418,21.950882073931346
2020-08-28 21:00:00+02:00,332,18,314,16.51343902542064,339,17,322,18.816064403360887
2020-08-28 22:00:00+02:00,235,13,222,17.312504441342213,229,14,215,17.77127130389445
2020-08-28 23:00:00+02:00,165,9,156,14.577535715178616,172,10,162,17.29590397289294
2020-08-29 00:00:00+02:00,98,3,95,12.969802473207528,107,3,104,14.594273950490571
2020-08-29 01:00:00+02:00,65,2,63,6.612960189648945,69,2,67,6.084524746870145
2020-08-29 02:00:00+02:00,67,2,65,6.903137595840754,69,2,67,6.084524746870145
2020-08-29 03:00:00+02:00,101,3,98,15.166655061563866,104,3,101,14.922189003690542
2020-08-29 04:00:00+02:00,131,4,127,16.939966253796925,141,4,137,17.969717742952817
2020-08-29 05:00:00+02:00,169,5,164,18.059406370116463,177,6,171,18.32493748209408
2020-08-29 06:00:00+02:00,277,9,268,15.66436341783579,287,10,277,18.44694466552339
2020-08-29 07:00:00+02:00,398,15,383,18.935796743863577,428,17,411,18.508932401616175
2020-08-29 08:00:00+02:00,546,20,526,16.77191706374956,563,19,544,15.54072112529785
2020-08-29 09:00:00+02:00,572,22,550,18.032329321067635,597,22,575,20.54947528411044
2020-08-29 10:00:00+02:00,521,19,502,18.717785760371264,526,18,508,19.410346918594843
2020-08-29 11:00:00+02:00,412,15,397,18.68690829245824,428,16,412,18.508932401616175
2020-08-29 12:00:00+02:00,409,15,394,15.464491050485762,421,14,407,20.884695937787182
2020-08-29 13:00:00+02:00,435,15,420,20.183878117421074,459,16,443,16.959180503378708
2020-08-29 14:00:00+02:00,410,15,395,19.263485804042553,421,14,407,20.884695937787182
2020-08-29 15:00:00+02:00,468,16,452,23.213262344869758,503,16,487,14.977719066049488
2020-08-29 16:00:00+02:00,472,18,454,19.642234119942152,502,18,484,18.657977723274794
2020-08-29 17:00:00+02:00,534,21,513,20.03764105486615,570,19,551,21.123025347766156
2020-08-29 18:00:00+02:00,498,19,479,18.48397287248944,535,20,515,18.92923559959552
2020-08-29 19:00:00+02:00,395,15,380,16.372238321812947,428,17,411,18.508932401616175
2020-08-29 20:00:00+02:00,375,14,361,16.704197755382875,387,13,374,21.912479739058885
2020-08-29 21:00:00+02:00,332,13,319,15.16114852603342,359,14,345,19.769371874945296
2020-08-29 22:00:00+02:00,276,10,266,15.563245118983389,281,8,273,17.76246032663056
2020-08-29 23:00:00+02:00,133,4,129,17.252916687553505,143,5,138,18.615052540091806
2020-08-30 00:00:00+02:00,22,0,22,0.10978017057340601,27,1,26,0.2711247026271743
2020-08-30 01:00:00+02:00,14,0,14,0.0,18,0,18,0.014449312499738909
2020-08-30 02:00:00+02:00,13,0,13,0.0,18,0,18,0.014449312499738909
2020-08-30 03:00:00+02:00,20,0,20,0.04910283862897408,25,0,25,0.10677168789919293
2020-08-30 04:00:00+02:00,29,1,28,0.5419439371488394,36,1,35,2.727177547566476
2020-08-30 05:00:00+02:00,36,1,35,2.727177547566476,48,1,47,9.964553643509852
2020-08-30 06:00:00+02:00,57,2,55,11.247345675463038,74,3,71,9.886934519670994
2020-08-30 07:00:00+02:00,87,3,84,9.504121716770046,119,3,116,9.275729661817119
2020-08-30 08:00:00+02:00,110,4,106,20.964248322238312,128,4,124,16.268122259148125
2020-08-30 09:00:00+02:00,118,4,114,16.65435568776215,166,6,160,16.094287115128708
2020-08-30 10:00:00+02:00,106,4,102,19.560878716092326,149,5,144,17.937448228249327
2020-08-30 11:00:00+02:00,82,3,79,8.6962433625344,98,3,95,9.366341704429512
2020-08-30 12:00:00+02:00,86,3,83,9.565861223121674,119,3,116,9.275729661817119
2020-08-30 13:00:00+02:00,89,3,86,10.527801976587284,98,4,94,9.366341704429512
2020-08-30 14:00:00+02:00,86,3,83,9.565861223121674,119,3,116,9.275729661817119
2020-08-30 15:00:00+02:00,96,4,92,10.792244903732447,127,4,123,18.022773693841014
2020-08-30 16:00:00+02:00,97,4,93,12.91170780960746,118,4,114,16.65435568776215
2020-08-30 17:00:00+02:00,117,4,113,13.539944397802945,135,5,130,20.27811899595658
2020-08-30 18:00:00+02:00,109,4,105,18.214376818550008,139,5,134,19.408576933840735
2020-08-30 19:00:00+02:00,89,3,86,10.527801976587284,90,3,87,10.477669283936715
2020-08-30 20:00:00+02:00,74,3,71,9.886934519670994,107,4,103,12.742346635562697
2020-08-30 21:00:00+02:00,73,2,71,10.015349835153332,86,3,83,9.565861223121674
2020-08-30 22:00:00+02:00,59,2,57,11.512224289105106,74,3,71,9.886934519670994
2020-08-30 23:00:00+02:00,29,1,28,0.5419439371488394,36,1,35,2.727177547566476
2020-08-31 00:00:00+02:00,39,3,36,6.782457974710225,37,4,33,2.066086063070793
2020-08-31 01:00:00+02:00,26,2,24,1.5382661455122164,26,2,24,1.5382661455122164
2020-08-31 02:00:00+02:00,24,2,22,1.5004308879154395,26,2,24,1.5382661455122164
2020-08-31 03:00:00+02:00,37,3,34,2.066086063070793,39,4,35,6.782457974710225
2020-08-31 04:00:00+02:00,60,5,55,10.583722413773145,62,6,56,14.48690450543278
2020-08-31 05:00:00+02:00,108,10,98,14.813734676069407,112,11,101,14.898852003445265
2020-08-31 06:00:00+02:00,136,13,123,16.594078125250377,142,16,126,21.623487252479663
2020-08-31 07:00:00+02:00,226,22,204,20.308697708911414,214,23,191,18.560318290748608
2020-08-31 08:00:00+02:00,239,24,215,13.74553452780325,235,29,206,20.674840106170866
2020-08-31 09:00:00+02:00,154,16,138,23.457384968254527,151,18,133,19.408157188048275
2020-08-31 10:00:00+02:00,128,11,117,19.601953989978306,128,12,116,19.601953989978306
2020-08-31 11:00:00+02:00,152,13,139,20.188330220444417,154,15,139,23.457384968254527
2020-08-31 12:00:00+02:00,123,13,110,19.074654696202938,128,14,114,19.601953989978306
2020-08-31 13:00:00+02:00,127,11,116,19.116953333289125,125,13,112,23.026828253397017
2020-08-31 14:00:00+02:00,127,11,116,19.116953333289125,125,13,112,23.026828253397017
2020-08-31 15:00:00+02:00,139,12,127,18.732486269107348,137,15,122,18.928795118329443
2020-08-31 16:00:00+02:00,145,14,131,18.85528596371164,157,17,140,23.857880119976507
2020-08-31 17:00:00+02:00,216,21,195,21.273439412003903,220,27,193,16.758079648934128
2020-08-31 18:00:00+02:00,228,21,207,15.818609956751573,225,22,203,17.07968654570721
2020-08-31 19:00:00+02:00,168,15,153,20.304807772345505,167,18,149,21.39117903937357
2020-08-31 20:00:00+02:00,166,16,150,18.57114730689396,170,20,150,19.775542485132945
2020-08-31 21:00:00+02:00,122,13,109,20.245567873519157,131,15,116,14.183230975852695
2020-08-31 22:00:00+02:00,89,8,81,17.562315027840828,89,8,81,17.562315027840828
2020-08-31 23:00:00+02:00,63,5,58,14.929801273937542,62,6,56,14.48690450543278
2020-09-01 00:00:00+02:00,33,2,31,5.985660510090718,39,3,36,6.782457974710225
2020-09-01 01:00:00+02:00,22,1,21,0.1277873501672996,26,2,24,1.5382661455122164
2020-09-01 02:00:00+02:00,25,2,23,1.1875344360364632,27,2,25,1.9016023008994223
2020-09-01 03:00:00+02:00,38,3,35,11.101073107969722,40,4,36,5.275608835029151
2020-09-01 04:00:00+02:00,62,5,57,14.48690450543278,62,5,57,14.48690450543278
2020-09-01 05:00:00+02:00,101,8,93,11.280950715811313,121,12,109,20.317620945183666
2020-09-01 06:00:00+02:00,138,11,127,20.21600799483387,138,14,124,20.21600799483387
2020-09-01 07:00:00+02:00,192,17,175,21.295822766447603,225,21,204,17.07968654570721
2020-09-01 08:00:00+02:00,218,18,200,22.57742359713229,242,27,215,20.990360069331732
2020-09-01 09:00:00+02:00,142,13,129,21.623487252479663,164,16,148,22.827361263214527
2020-09-01 10:00:00+02:00,129,10,119,17.995114557081255,131,11,120,14.183230975852695
2020-09-01 11:00:00+02:00,142,11,131,21.623487252479663,164,16,148,22.827361263214527
2020-09-01 12:00:00+02:00,129,10,119,17.995114557081255,131,11,120,14.183230975852695
2020-09-01 13:00:00+02:00,119,9,110,22.46945513312648,129,12,117,17.995114557081255
2020-09-01 14:00:00+02:00,119,9,110,22.46945513312648,129,12,117,17.995114557081255
2020-09-01 15:00:00+02:00,130,10,120,15.65660051079879,144,12,132,22.91915418498221
2020-09-01 16:00:00+02:00,139,13,126,18.732486269107348,150,15,135,17.939622434692456
2020-09-01 17:00:00+02:00,209,17,192,22.16757043059366,224,19,205,16.30248157536985
2020-09-01 18:00:00+02:00,213,17,196,20.488166305452438,246,24,222,17.57126233227549
2020-09-01 19:00:00+02:00,153,14,139,14.915022999208679,172,15,157,19.644113972447897
2020-09-01 20:00:00+02:00,155,15,140,19.469409355748308,165,18,147,20.56038540292619
2020-09-01 21:00:00+02:00,119,11,108,22.46945513312648,129,12,117,17.995114557081255
2020-09-01 22:00:00+02:00,83,6,77,18.699193296190067,90,9,81,13.960700117154147
2020-09-01 23:00:00+02:00,58,4,54,10.505136369992313,67,7,60,12.5039951599288
2020-09-02 00:00:00+02:00,38,4,34,7.590795833711637,34,3,31,11.019687492562438
2020-09-02 01:00:00+02:00,25,3,22,4.851536786659508,25,2,23,4.851536786659508
2020-09-02 02:00:00+02:00,25,2,23,4.851536786659508,25,2,23,4.851536786659508
2020-09-02 03:00:00+02:00,38,4,34,7.590795833711637,34,3,31,11.019687492562438
2020-09-02 04:00:00+02:00,63,7,56,13.630126271531418,62,6,56,12.779859753427614
2020-09-02 05:00:00+02:00,114,13,101,17.516346710171707,112,12,100,16.537505199847164
2020-09-02 06:00:00+02:00,140,19,121,17.88117043007633,141,14,127,16.082921323202
2020-09-02 07:00:00+02:00,214,24,190,24.48806340301503,203,19,184,21.5050173548228
2020-09-02 08:00:00+02:00,226,28,198,20.105295377891462,220,27,193,18.729640796362187
2020-09-02 09:00:00+02:00,153,19,134,18.89706115395996,139,16,123,21.474746575274906
2020-09-02 10:00:00+02:00,126,17,109,16.250667590352332,123,13,110,15.262138605096247
2020-09-02 11:00:00+02:00,153,18,135,18.89706115395996,139,16,123,21.474746575274906
2020-09-02 12:00:00+02:00,126,17,109,16.250667590352332,123,13,110,15.262138605096247
2020-09-02 13:00:00+02:00,127,15,112,19.95892802947898,120,14,106,10.291257377501918
2020-09-02 14:00:00+02:00,127,16,111,19.95892802947898,120,14,106,10.291257377501918
2020-09-02 15:00:00+02:00,140,18,122,17.88117043007633,141,14,127,16.082921323202
2020-09-02 16:00:00+02:00,151,17,134,19.198981193831877,149,16,133,18.476483571588744
2020-09-02 17:00:00+02:00,217,26,191,20.47500927792046,213,24,189,16.70464389525102
2020-09-02 18:00:00+02:00,232,26,206,24.606618615768106,205,22,183,18.29833304368066
2020-09-02 19:00:00+02:00,167,22,145,16.493575022686013,154,14,140,25.102227050596255
2020-09-02 20:00:00+02:00,167,21,146,16.493575022686013,154,14,140,25.102227050596255
2020-09-02 21:00:00+02:00,129,16,113,12.321757402623772,125,13,112,14.698947587184879
2020-09-02 22:00:00+02:00,89,11,78,16.127888447212325,79,9,70,16.621554061874914
2020-09-02 23:00:00+02:00,63,8,55,13.630126271531418,62,6,56,12.779859753427614
2020-09-03 00:00:00+02:00,35,2,33,7.122002820118646,36,5,31,3.0873599992209124
2020-09-03 01:00:00+02:00,23,1,22,0.4122417358964417,25,3,22,1.1875344360364632
2020-09-03 02:00:00+02:00,25,2,23,1.1875344360364632,25,3,22,1.1875344360364632
2020-09-03 03:00:00+02:00,37,3,34,2.066086063070793,38,5,33,11.101073107969722
2020-09-03 04:00:00+02:00,59,5,54,10.572210467564378,58,7,51,10.505136369992313
2020-09-03 05:00:00+02:00,106,9,97,12.94750706735717,114,18,96,18.09348958441383
2020-09-03 06:00:00+02:00,124,11,113,17.53992981591413,129,19,110,17.995114557081255
2020-09-03 07:00:00+02:00,195,14,181,23.83440770251287,216,27,189,21.273439412003903
2020-09-03 08:00:00+02:00,212,19,193,18.597605283865732,231,33,198,16.702836426900134
2020-09-03 09:00:00+02:00,140,10,130,15.331768592489755,140,20,120,15.331768592489755
2020-09-03 10:00:00+02:00,109,9,100,14.645038576883659,117,15,102,21.891304075969387
2020-09-03 11:00:00+02:00,150,12,138,17.939622434692456,153,18,135,14.915022999208679
2020-09-03 12:00:00+02:00,115,8,107,27.52702584121565,121,19,102,20.317620945183666
2020-09-03 13:00:00+02:00,122,9,113,20.245567873519157,128,19,109,19.601953989978306
2020-09-03 14:00:00+02:00,114,8,106,18.09348958441383,121,19,102,20.317620945183666
2020-09-03 15:00:00+02:00,134,10,124,14.701306049248211,135,21,114,21.280002906629502
2020-09-03 16:00:00+02:00,149,11,138,20.003285796587473,153,18,135,14.915022999208679
2020-09-03 17:00:00+02:00,196,15,181,20.04912381427717,216,27,189,21.273439412003903
2020-09-03 18:00:00+02:00,212,19,193,18.597605283865732,231,33,198,16.702836426900134
2020-09-03 19:00:00+02:00,152,11,141,20.188330220444417,162,21,141,19.08849102929865
2020-09-03 20:00:00+02:00,165,13,152,20.56038540292619,160,24,136,19.89239402952506
2020-09-03 21:00:00+02:00,127,10,117,19.116953333289125,117,15,102,21.891304075969387
2020-09-03 22:00:00+02:00,87,7,80,17.896548892855574,85,10,75,19.289671453475872
2020-09-03 23:00:00+02:00,56,4,52,10.152150256689218,64,8,56,14.414592943793718
2020-09-04 00:00:00+02:00,38,3,35,11.101073107969722,38,4,34,11.101073107969722
2020-09-04 01:00:00+02:00,25,2,23,1.1875344360364632,25,2,23,1.1875344360364632
2020-09-04 02:00:00+02:00,25,2,23,1.1875344360364632,25,2,23,1.1875344360364632
2020-09-04 03:00:00+02:00,37,3,34,2.066086063070793,38,4,34,11.101073107969722
2020-09-04 04:00:00+02:00,63,6,57,14.929801273937542,58,5,53,10.505136369992313
2020-09-04 05:00:00+02:00,113,12,101,20.093188266697116,113,11,102,20.093188266697116
2020-09-04 06:00:00+02:00,140,13,127,15.331768592489755,129,13,116,17.995114557081255
2020-09-04 07:00:00+02:00,210,19,191,16.3212742992447,212,18,194,18.597605283865732
2020-09-04 08:00:00+02:00,228,23,205,15.818609956751573,211,19,192,18.759232281731908
2020-09-04 09:00:00+02:00,147,14,133,20.208056467665056,153,13,140,14.915022999208679
2020-09-04 10:00:00+02:00,124,11,113,17.53992981591413,117,12,105,21.891304075969387
2020-09-04 11:00:00+02:00,153,15,138,14.915022999208679,148,13,135,18.058884943386857
2020-09-04 12:00:00+02:00,129,13,116,17.995114557081255,123,10,113,19.074654696202938
2020-09-04 13:00:00+02:00,124,12,112,17.53992981591413,117,12,105,21.891304075969387
2020-09-04 14:00:00+02:00,128,12,116,19.601953989978306,123,10,113,19.074654696202938
2020-09-04 15:00:00+02:00,136,14,122,16.594078125250377,138,14,124,20.21600799483387
2020-09-04 16:00:00+02:00,145,14,131,18.85528596371164,154,15,139,23.457384968254527
2020-09-04 17:00:00+02:00,207,22,185,21.877297854955202,202,19,183,22.500350864850866
2020-09-04 18:00:00+02:00,218,21,197,22.57742359713229,227,25,202,19.269071808142694
2020-09-04 19:00:00+02:00,158,15,143,21.67102174389251,159,15,144,17.78748005044877
2020-09-04 20:00:00+02:00,160,14,146,19.89239402952506,159,13,146,17.78748005044877
2020-09-04 21:00:00+02:00,123,11,112,19.074654696202938,123,12,111,19.074654696202938
2020-09-04 22:00:00+02:00,86,8,78,21.204994436842384,85,7,78,19.289671453475872
2020-09-04 23:00:00+02:00,61,6,55,12.362973378192347,58,5,53,10.505136369992313
2020-09-05 00:00:00+02:00,37,2,35,3.5125252112896685,39,2,37,6.913338666308079
2020-09-05 01:00:00+02:00,24,1,23,0.16633697306049489,26,1,25,0.13434729751860394
2020-09-05 02:00:00+02:00,25,1,24,0.10677168789919293,26,1,25,0.13434729751860394
2020-09-05 03:00:00+02:00,38,2,36,5.960450042509954,39,2,37,6.913338666308079
2020-09-05 04:00:00+02:00,48,3,45,9.964553643509852,52,2,50,14.472017643602554
2020-09-05 05:00:00+02:00,62,4,58,14.019247608895405,65,4,61,10.13470849860639
2020-09-05 06:00:00+02:00,101,6,95,14.022694861996197,105,6,99,16.343560716114418
2020-09-05 07:00:00+02:00,147,9,138,16.306492316544293,159,10,149,19.89258263570152
2020-09-05 08:00:00+02:00,206,11,195,20.90053052788098,208,12,196,18.807092053665322
2020-09-05 09:00:00+02:00,213,14,199,20.238518600536185,223,14,209,18.802339292525456
2020-09-05 10:00:00+02:00,187,12,175,15.611538170802525,198,12,186,20.173795644408123
2020-09-05 11:00:00+02:00,152,10,142,18.686880121910534,155,8,147,18.708796369633056
2020-09-05 12:00:00+02:00,145,8,137,19.922746131926434,158,8,150,19.40470350916573
2020-09-05 13:00:00+02:00,167,9,158,19.047083059371815,172,10,162,18.863206387348974
2020-09-05 14:00:00+02:00,154,8,146,19.868163821621103,155,8,147,18.708796369633056
2020-09-05 15:00:00+02:00,169,9,160,20.526675282456768,185,10,175,20.88033942284811
2020-09-05 16:00:00+02:00,172,10,162,18.863206387348974,186,9,177,20.400698976924794
2020-09-05 17:00:00+02:00,199,12,187,19.11274068140836,209,10,199,16.60419034744366
2020-09-05 18:00:00+02:00,190,11,179,20.182913119811044,197,10,187,19.118279085736297
2020-09-05 19:00:00+02:00,146,9,137,19.4340926707284,157,8,149,19.700921436065542
2020-09-05 20:00:00+02:00,142,8,134,19.57947604189084,146,8,138,19.4340926707284
2020-09-05 21:00:00+02:00,124,7,117,14.467255533674502,129,7,122,12.81298343964759
2020-09-05 22:00:00+02:00,100,6,94,12.129363492765288,105,7,98,16.343560716114418
2020-09-05 23:00:00+02:00,49,3,46,12.126419816698254,52,2,50,14.472017643602554
2020-09-06 00:00:00+02:00,21,0,21,0.0727095127790566,25,0,25,0.10677168789919293
2020-09-06 01:00:00+02:00,14,0,14,0.0,18,0,18,0.014449312499738909
2020-09-06 02:00:00+02:00,13,0,13,0.0,18,0,18,0.014449312499738909
2020-09-06 03:00:00+02:00,20,0,20,0.04910283862897408,25,0,25,0.10677168789919293
2020-09-06 04:00:00+02:00,29,1,28,0.5419439371488394,36,1,35,2.727177547566476
2020-09-06 05:00:00+02:00,36,1,35,2.727177547566476,48,1,47,9.964553643509852
2020-09-06 06:00:00+02:00,57,2,55,11.247345675463038,74,3,71,9.886934519670994
2020-09-06 07:00:00+02:00,87,3,84,9.504121716770046,119,3,116,9.275729661817119
2020-09-06 08:00:00+02:00,110,4,106,20.964248322238312,128,4,124,16.268122259148125
2020-09-06 09:00:00+02:00,118,4,114,16.65435568776215,166,6,160,16.094287115128708
2020-09-06 10:00:00+02:00,106,4,102,19.560878716092326,149,5,144,17.937448228249327
2020-09-06 11:00:00+02:00,82,3,79,8.6962433625344,98,3,95,9.366341704429512
2020-09-06 12:00:00+02:00,86,3,83,9.565861223121674,119,3,116,9.275729661817119
2020-09-06 13:00:00+02:00,89,3,86,10.527801976587284,98,4,94,9.366341704429512
2020-09-06 14:00:00+02:00,86,3,83,9.565861223121674,119,3,116,9.275729661817119
2020-09-06 15:00:00+02:00,96,4,92,10.792244903732447,127,4,123,18.022773693841014
2020-09-06 16:00:00+02:00,97,4,93,12.91170780960746,118,4,114,16.65435568776215
2020-09-06 17:00:00+02:00,117,4,113,13.539944397802945,135,5,130,20.27811899595658
2020-09-06 18:00:00+02:00,109,4,105,18.214376818550008,139,5,134,19.408576933840735
2020-09-06 19:00:00+02:00,89,3,86,10.527801976587284,90,3,87,10.477669283936715
2020-09-06 20:00:00+02:00,74,3,71,9.886934519670994,107,4,103,12.742346635562697
2020-09-06 21:00:00+02:00,73,2,71,10.015349835153332,86,3,83,9.565861223121674
2020-09-06 22:00:00+02:00,59,2,57,11.512224289105106,74,3,71,9.886934519670994
2020-09-06 23:00:00+02:00,29,1,28,0.5419439371488394,36,1,35,2.727177547566476
2020-09-07 00:00:00+02:00,39,3,36,6.782457974710225,37,4,33,2.066086063070793
2020-09-07 01:00:00+02:00,26,2,24,1.5382661455122164,26,2,24,1.5382661455122164
2020-09-07 02:00:00+02:00,24,2,22,1.5004308879154395,26,2,24,1.5382661455122164
2020-09-07 03:00:00+02:00,37,3,34,2.066086063070793,39,4,35,6.782457974710225
2020-09-07 04:00:00+02:00,60,5,55,10.583722413773145,62,6,56,14.48690450543278
2020-09-07 05:00:00+02:00,108,10,98,14.813734676069407,112,11,101,14.898852003445265
2020-09-07 06:00:00+02:00,136,13,123,16.594078125250377,142,16,126,21.623487252479663
2020-09-07 07:00:00+02:00,226,22,204,20.308697708911414,214,23,191,18.560318290748608
2020-09-07 08:00:00+02:00,239,24,215,13.74553452780325,235,29,206,20.674840106170866
2020-09-07 09:00:00+02:00,154,16,138,23.457384968254527,151,18,133,19.408157188048275
2020-09-07 10:00:00+02:00,128,11,117,19.601953989978306,128,12,116,19.601953989978306
2020-09-07 11:00:00+02:00,152,13,139,20.188330220444417,154,15,139,23.457384968254527
2020-09-07 12:00:00+02:00,123,13,110,19.074654696202938,128,14,114,19.601953989978306
2020-09-07 13:00:00+02:00,127,11,116,19.116953333289125,125,13,112,23.026828253397017
2020-09-07 14:00:00+02:00,127,11,116,19.116953333289125,125,13,112,23.026828253397017
2020-09-07 15:00:00+02:00,139,12,127,18.732486269107348,137,15,122,18.928795118329443
2020-09-07 16:00:00+02:00,145,14,131,18.85528596371164,157,17,140,23.857880119976507
2020-09-07 17:00:00+02:00,216,21,195,21.273439412003903,220,27,193,16.758079648934128
2020-09-07 18:00:00+02:00,228,21,207,15.818609956751573,225,22,203,17.07968654570721
2020-09-07 19:00:00+02:00,168,15,153,20.304807772345505,167,18,149,21.39117903937357
2020-09-07 20:00:00+02:00,166,16,150,18.57114730689396,170,20,150,19.775542485132945
2020-09-07 21:00:00+02:00,122,13,109,20.245567873519157,131,15,116,14.183230975852695
2020-09-07 22:00:00+02:00,89,8,81,17.562315027840828,89,8,81,17.562315027840828
2020-09-07 23:00:00+02:00,63,5,58,14.929801273937542,62,6,56,14.48690450543278
2020-09-08 00:00:00+02:00,33,2,31,5.985660510090718,39,3,36,6.782457974710225
2020-09-08 01:00:00+02:00,22,1,21,0.1277873501672996,26,2,24,1.5382661455122164
2020-09-08 02:00:00+02:00,25,2,23,1.1875344360364632,27,2,25,1.9016023008994223
2020-09-08 03:00:00+02:00,38,3,35,11.101073107969722,40,4,36,5.275608835029151
2020-09-08 04:00:00+02:00,62,5,57,14.48690450543278,62,5,57,14.48690450543278
2020-09-08 05:00:00+02:00,101,8,93,11.280950715811313,121,12,109,20.317620945183666
2020-09-08 06:00:00+02:00,138,11,127,20.21600799483387,138,14,124,20.21600799483387
2020-09-08 07:00:00+02:00,192,17,175,21.295822766447603,225,21,204,17.07968654570721
2020-09-08 08:00:00+02:00,218,18,200,22.57742359713229,242,27,215,20.990360069331732
2020-09-08 09:00:00+02:00,142,13,129,21.623487252479663,164,16,148,22.827361263214527
2020-09-08 10:00:00+02:00,129,10,119,17.995114557081255,131,11,120,14.183230975852695
2020-09-08 11:00:00+02:00,142,11,131,21.623487252479663,164,16,148,22.827361263214527
2020-09-08 12:00:00+02:00,129,10,119,17.995114557081255,131,11,120,14.183230975852695
2020-09-08 13:00:00+02:00,119,9,110,22.46945513312648,129,12,117,17.995114557081255
2020-09-08 14:00:00+02:00,119,9,110,22.46945513312648,129,12,117,17.995114557081255
2020-09-08 15:00:00+02:00,130,10,120,15.65660051079879,144,12,132,22.91915418498221
2020-09-08 16:00:00+02:00,139,13,126,18.732486269107348,150,15,135,17.939622434692456
2020-09-08 17:00:00+02:00,209,17,192,22.16757043059366,224,19,205,16.30248157536985
2020-09-08 18:00:00+02:00,213,17,196,20.488166305452438,246,24,222,17.57126233227549
2020-09-08 19:00:00+02:00,153,14,139,14.915022999208679,172,15,157,19.644113972447897
2020-09-08 20:00:00+02:00,155,15,140,19.469409355748308,165,18,147,20.56038540292619
2020-09-08 21:00:00+02:00,119,11,108,22.46945513312648,129,12,117,17.995114557081255
2020-09-08 22:00:00+02:00,83,6,77,18.699193296190067,90,9,81,13.960700117154147
2020-09-08 23:00:00+02:00,58,4,54,10.505136369992313,67,7,60,12.5039951599288
2020-09-09 00:00:00+02:00,38,4,34,7.590795833711637,34,3,31,11.019687492562438
2020-09-09 01:00:00+02:00,25,3,22,4.851536786659508,25,2,23,4.851536786659508
2020-09-09 02:00:00+02:00,25,2,23,4.851536786659508,25,2,23,4.851536786659508
2020-09-09 03:00:00+02:00,38,4,34,7.590795833711637,34,3,31,11.019687492562438
2020-09-09 04:00:00+02:00,63,7,56,13.630126271531418,62,6,56,12.779859753427614
2020-09-09 05:00:00+02:00,114,13,101,17.516346710171707,112,12,100,16.537505199847164
2020-09-09 06:00:00+02:00,140,19,121,17.88117043007633,141,14,127,16.082921323202
2020-09-09 07:00:00+02:00,214,24,190,24.48806340301503,203,19,184,21.5050173548228
2020-09-09 08:00:00+02:00,226,28,198,20.105295377891462,220,27,193,18.729640796362187
2020-09-09 09:00:00+02:00,153,19,134,18.89706115395996,139,16,123,21.474746575274906
2020-09-09 10:00:00+02:00,126,17,109,16.250667590352332,123,13,110,15.262138605096247
2020-09-09 11:00:00+02:00,153,18,135,18.89706115395996,139,16,123,21.474746575274906
2020-09-09 12:00:00+02:00,126,17,109,16.250667590352332,123,13,110,15.262138605096247
2020-09-09 13:00:00+02:00,127,15,112,19.95892802947898,120,14,106,10.291257377501918
2020-09-09 14:00:00+02:00,127,16,111,19.95892802947898,120,14,106,10.291257377501918
2020-09-09 15:00:00+02:00,140,18,122,17.88117043007633,141,14,127,16.082921323202
2020-09-09 16:00:00+02:00,151,17,134,19.198981193831877,149,16,133,18.476483571588744
2020-09-09 17:00:00+02:00,217,26,191,20.47500927792046,213,24,189,16.70464389525102
2020-09-09 18:00:00+02:00,232,26,206,24.606618615768106,205,22,183,18.29833304368066
2020-09-09 19:00:00+02:00,167,22,145,16.493575022686013,154,14,140,25.102227050596255
2020-09-09 20:00:00+02:00,167,21,146,16.493575022686013,154,14,140,25.102227050596255
2020-09-09 21:00:00+02:00,129,16,113,12.321757402623772,125,13,112,14.698947587184879
2020-09-09 22:00:00+02:00,89,11,78,16.127888447212325,79,9,70,16.621554061874914
2020-09-09 23:00:00+02:00,63,8,55,13.630126271531418,62,6,56,12.779859753427614
2020-09-10 00:00:00+02:00,35,2,33,7.122002820118646,36,5,31,3.0873599992209124
2020-09-10 01:00:00+02:00,23,1,22,0.4122417358964417,25,3,22,1.1875344360364632
2020-09-10 02:00:00+02:00,25,2,23,1.1875344360364632,25,3,22,1.1875344360364632
2020-09-10 03:00:00+02:00,37,3,34,2.066086063070793,38,5,33,11.101073107969722
2020-09-10 04:00:00+02:00,59,5,54,10.572210467564378,58,7,51,10.505136369992313
2020-09-10 05:00:00+02:00,106,9,97,12.94750706735717,114,18,96,18.09348958441383
2020-09-10 06:00:00+02:00,124,11,113,17.53992981591413,129,19,110,17.995114557081255
2020-09-10 07:00:00+02:00,195,14,181,23.83440770251287,216,27,189,21.273439412003903
2020-09-10 08:00:00+02:00,212,19,193,18.597605283865732,231,33,198,16.702836426900134
2020-09-10 09:00:00+02:00,140,10,130,15.331768592489755,140,20,120,15.331768592489755
2020-09-10 10:00:00+02:00,109,9,100,14.645038576883659,117,15,102,21.891304075969387
2020-09-10 11:00:00+02:00,150,12,138,17.939622434692456,153,18,135,14.915022999208679
2020-09-10 12:00:00+02:00,115,8,107,27.52702584121565,121,19,102,20.317620945183666
2020-09-10 13:00:00+02:00,122,9,113,20.245567873519157,128,19,109,19.601953989978306
2020-09-10 14:00:00+02:00,114,8,106,18.09348958441383,121,19,102,20.317620945183666
2020-09-10 15:00:00+02:00,134,10,124,14.701306049248211,135,21,114,21.280002906629502
2020-09-10 16:00:00+02:00,149,11,138,20.003285796587473,153,18,135,14.915022999208679
2020-09-10 17:00:00+02:00,196,15,181,20.04912381427717,216,27,189,21.273439412003903
2020-09-10 18:00:00+02:00,212,19,193,18.597605283865732,231,33,198,16.702836426900134
2020-09-10 19:00:00+02:00,152,11,141,20.188330220444417,162,21,141,19.08849102929865
2020-09-10 20:00:00+02:00,165,13,152,20.56038540292619,160,24,136,19.89239402952506
2020-09-10 21:00:00+02:00,127,10,117,19.116953333289125,117,15,102,21.891304075969387
2020-09-10 22:00:00+02:00,87,7,80,17.896548892855574,85,10,75,19.289671453475872
2020-09-10 23:00:00+02:00,56,4,52,10.152150256689218,64,8,56,14.414592943793718
2020-09-11 00:00:00+02:00,38,3,35,11.101073107969722,38,4,34,11.101073107969722
2020-09-11 01:00:00+02:00,25,2,23,1.1875344360364632,25,2,23,1.1875344360364632
2020-09-11 02:00:00+02:00,25,2,23,1.1875344360364632,25,2,23,1.1875344360364632
2020-09-11 03:00:00+02:00,37,3,34,2.066086063070793,38,4,34,11.101073107969722
2020-09-11 04:00:00+02:00,63,6,57,14.929801273937542,58,5,53,10.505136369992313
2020-09-11 05:00:00+02:00,113,12,101,20.093188266697116,113,11,102,20.093188266697116
2020-09-11 06:00:00+02:00,140,13,127,15.331768592489755,129,13,116,17.995114557081255
2020-09-11 07:00:00+02:00,210,19,191,16.3212742992447,212,18,194,18.597605283865732
2020-09-11 08:00:00+02:00,228,23,205,15.818609956751573,211,19,192,18.759232281731908
2020-09-11 09:00:00+02:00,147,14,133,20.208056467665056,153,13,140,14.915022999208679
2020-09-11 10:00:00+02:00,124,11,113,17.53992981591413,117,12,105,21.891304075969387
2020-09-11 11:00:00+02:00,153,15,138,14.915022999208679,148,13,135,18.058884943386857
2020-09-11 12:00:00+02:00,129,13,116,17.995114557081255,123,10,113,19.074654696202938
2020-09-11 13:00:00+02:00,124,12,112,17.53992981591413,117,12,105,21.891304075969387
2020-09-11 14:00:00+02:00,128,12,116,19.601953989978306,123,10,113,19.074654696202938
2020-09-11 15:00:00+02:00,136,14,122,16.594078125250377,138,14,124,20.21600799483387
2020-09-11 16:00:00+02:00,145,14,131,18.85528596371164,154,15,139,23.457384968254527
2020-09-11 17:00:00+02:00,207,22,185,21.877297854955202,202,19,183,22.500350864850866
2020-09-11 18:00:00+02:00,218,21,197,22.57742359713229,227,25,202,19.269071808142694
2020-09-11 19:00:00+02:00,158,15,143,21.67102174389251,159,15,144,17.78748005044877
2020-09-11 20:00:00+02:00,160,14,146,19.89239402952506,159,13,146,17.78748005044877
2020-09-11 21:00:00+02:00,123,11,112,19.074654696202938,123,12,111,19.074654696202938
2020-09-11 22:00:00+02:00,86,8,78,21.204994436842384,85,7,78,19.289671453475872
2020-09-11 23:00:00+02:00,61,6,55,12.362973378192347,58,5,53,10.505136369992313
2020-09-12 00:00:00+02:00,37,2,35,3.5125252112896685,39,2,37,6.913338666308079
2020-09-12 01:00:00+02:00,24,1,23,0.16633697306049489,26,1,25,0.13434729751860394
2020-09-12 02:00:00+02:00,25,1,24,0.10677168789919293,26,1,25,0.13434729751860394
2020-09-12 03:00:00+02:00,38,2,36,5.960450042509954,39,2,37,6.913338666308079
2020-09-12 04:00:00+02:00,48,3,45,9.964553643509852,52,2,50,14.472017643602554
2020-09-12 05:00:00+02:00,62,4,58,14.019247608895405,65,4,61,10.13470849860639
2020-09-12 06:00:00+02:00,101,6,95,14.022694861996197,105,6,99,16.343560716114418
2020-09-12 07:00:00+02:00,147,9,138,16.306492316544293,159,10,149,19.89258263570152
2020-09-12 08:00:00+02:00,206,11,195,20.90053052788098,208,12,196,18.807092053665322
2020-09-12 09:00:00+02:00,213,14,199,20.238518600536185,223,14,209,18.802339292525456
2020-09-12 10:00:00+02:00,187,12,175,15.611538170802525,198,12,186,20.173795644408123
2020-09-12 11:00:00+02:00,152,10,142,18.686880121910534,155,8,147,18.708796369633056
2020-09-12 12:00:00+02:00,145,8,137,19.922746131926434,158,8,150,19.40470350916573
2020-09-12 13:00:00+02:00,167,9,158,19.047083059371815,172,10,162,18.863206387348974
2020-09-12 14:00:00+02:00,154,8,146,19.868163821621103,155,8,147,18.708796369633056
2020-09-12 15:00:00+02:00,169,9,160,20.526675282456768,185,10,175,20.88033942284811
2020-09-12 16:00:00+02:00,172,10,162,18.863206387348974,186,9,177,20.400698976924794
2020-09-12 17:00:00+02:00,199,12,187,19.11274068140836,209,10,199,16.60419034744366
2020-09-12 18:00:00+02:00,190,11,179,20.182913119811044,197,10,187,19.118279085736297
2020-09-12 19:00:00+02:00,146,9,137,19.4340926707284,157,8,149,19.700921436065542
2020-09-12 20:00:00+02:00,142,8,134,19.57947604189084,146,8,138,19.4340926707284
2020-09-12 21:00:00+02:00,124,7,117,14.467255533674502,129,7,122,12.81298343964759
2020-09-12 22:00:00+02:00,100,6,94,12.129363492765288,105,7,98,16.343560716114418
2020-09-12 23:00:00+02:00,49,3,46,12.126419816698254,52,2,50,14.472017643602554
2020-09-13 00:00:00+02:00,21,0,21,0.0727095127790566,25,0,25,0.10677168789919293
2020-09-13 01:00:00+02:00,14,0,14,0.0,18,0,18,0.014449312499738909
2020-09-13 02:00:00+02:00,13,0,13,0.0,18,0,18,0.014449312499738909
2020-09-13 03:00:00+02:00,20,0,20,0.04910283862897408,25,0,25,0.10677168789919293
2020-09-13 04:00:00+02:00,29,1,28,0.5419439371488394,36,1,35,2.727177547566476
2020-09-13 05:00:00+02:00,36,1,35,2.727177547566476,48,1,47,9.964553643509852
2020-09-13 06:00:00+02:00,57,2,55,11.247345675463038,74,3,71,9.886934519670994
2020-09-13 07:00:00+02:00,87,3,84,9.504121716770046,119,3,116,9.275729661817119
2020-09-13 08:00:00+02:00,110,4,106,20.964248322238312,128,4,124,16.268122259148125
2020-09-13 09:00:00+02:00,118,4,114,16.65435568776215,166,6,160,16.094287115128708
2020-09-13 10:00:00+02:00,106,4,102,19.560878716092326,149,5,144,17.937448228249327
2020-09-13 11:00:00+02:00,82,3,79,8.6962433625344,98,3,95,9.366341704429512
2020-09-13 12:00:00+02:00,86,3,83,9.565861223121674,119,3,116,9.275729661817119
2020-09-13 13:00:00+02:00,89,3,86,10.527801976587284,98,4,94,9.366341704429512
2020-09-13 14:00:00+02:00,86,3,83,9.565861223121674,119,3,116,9.275729661817119
2020-09-13 15:00:00+02:00,96,4,92,10.792244903732447,127,4,123,18.022773693841014
2020-09-13 16:00:00+02:00,97,4,93,12.91170780960746,118,4,114,16.65435568776215
2020-09-13 17:00:00+02:00,117,4,113,13.539944397802945,135,5,130,20.27811899595658
2020-09-13 18:00:00+02:00,109,4,105,18.214376818550008,139,5,134,19.408576933840735
2020-09-13 19:00:00+02:00,89,3,86,10.527801976587284,90,3,87,10.477669283936715
2020-09-13 20:00:00+02:00,74,3,71,9.886934519670994,107,4,103,12.742346635562697
2020-09-13 21:00:00+02:00,73,2,71,10.015349835153332,86,3,83,9.565861223121674
2020-09-13 22:00:00+02:00,59,2,57,11.512224289105106,74,3,71,9.886934519670994
2020-09-13 23:00:00+02:00,29,1,28,0.5419439371488394,36,1,35,2.727177547566476
2020-09-14 00:00:00+02:00,39,3,36,6.782457974710225,37,4,33,2.066086063070793
2020-09-14 01:00:00+02:00,26,2,24,1.5382661455122164,26,2,24,1.5382661455122164
2020-09-14 02:00:00+02:00,24,2,22,1.5004308879154395,26,2,24,1.5382661455122164
2020-09-14 03:00:00+02:00,37,3,34,2.066086063070793,39,4,35,6.782457974710225
2020-09-14 04:00:00+02:00,60,5,55,10.583722413773145,62,6,56,14.48690450543278
2020-09-14 05:00:00+02:00,108,10,98,14.813734676069407,112,11,101,14.898852003445265
2020-09-14 06:00:00+02:00,136,13,123,16.594078125250377,142,16,126,21.623487252479663
2020-09-14 07:00:00+02:00,226,22,204,20.308697708911414,214,23,191,18.560318290748608
2020-09-14 08:00:00+02:00,239,24,215,13.74553452780325,235,29,206,20.674840106170866
2020-09-14 09:00:00+02:00,154,16,138,23.457384968254527,151,18,133,19.408157188048275
2020-09-14 10:00:00+02:00,128,11,117,19.601953989978306,128,12,116,19.601953989978306
2020-09-14 11:00:00+02:00,152,13,139,20.188330220444417,154,15,139,23.457384968254527
2020-09-14 12:00:00+02:00,123,13,110,19.074654696202938,128,14,114,19.601953989978306
2020-09-14 13:00:00+02:00,127,11,116,19.116953333289125,125,13,112,23.026828253397017
2020-09-14 14:00:00+02:00,127,11,116,19.116953333289125,125,13,112,23.026828253397017
2020-09-14 15:00:00+02:00,139,12,127,18.732486269107348,137,15,122,18.928795118329443
2020-09-14 16:00:00+02:00,145,14,131,18.85528596371164,157,17,140,23.857880119976507
2020-09-14 17:00:00+02:00,216,21,195,21.273439412003903,220,27,193,16.758079648934128
2020-09-14 18:00:00+02:00,228,21,207,15.818609956751573,225,22,203,17.07968654570721
2020-09-14 19:00:00+02:00,168,15,153,20.304807772345505,167,18,149,21.39117903937357
2020-09-14 20:00:00+02:00,166,16,150,18.57114730689396,170,20,150,19.775542485132945
2020-09-14 21:00:00+02:00,122,13,109,20.245567873519157,131,15,116,14.183230975852695
2020-09-14 22:00:00+02:00,89,8,81,17.562315027840828,89,8,81,17.562315027840828
2020-09-14 23:00:00+02:00,63,5,58,14.929801273937542,62,6,56,14.48690450543278
2020-09-15 00:00:00+02:00,33,2,31,5.985660510090718,39,3,36,6.782457974710225
2020-09-15 01:00:00+02:00,22,1,21,0.1277873501672996,26,2,24,1.5382661455122164
2020-09-15 02:00:00+02:00,25,2,23,1.1875344360364632,27,2,25,1.9016023008994223
2020-09-15 03:00:00+02:00,38,3,35,11.101073107969722,40,4,36,5.275608835029151
2020-09-15 04:00:00+02:00,62,5,57,14.48690450543278,62,5,57,14.48690450543278
2020-09-15 05:00:00+02:00,101,8,93,11.280950715811313,121,12,109,20.317620945183666
2020-09-15 06:00:00+02:00,138,11,127,20.21600799483387,138,14,124,20.21600799483387
2020-09-15 07:00:00+02:00,192,17,175,21.295822766447603,225,21,204,17.07968654570721
2020-09-15 08:00:00+02:00,218,18,200,22.57742359713229,242,27,215,20.990360069331732
2020-09-15 09:00:00+02:00,142,13,129,21.623487252479663,164,16,148,22.827361263214527
2020-09-15 10:00:00+02:00,129,10,119,17.995114557081255,131,11,120,14.183230975852695
2020-09-15 11:00:00+02:00,142,11,131,21.623487252479663,164,16,148,22.827361263214527
2020-09-15 12:00:00+02:00,129,10,119,17.995114557081255,131,11,120,14.183230975852695
2020-09-15 13:00:00+02:00,119,9,110,22.46945513312648,129,12,117,17.995114557081255
2020-09-15 14:00:00+02:00,119,9,110,22.46945513312648,129,12,117,17.995114557081255
2020-09-15 15:00:00+02:00,130,10,120,15.65660051079879,144,12,132,22.91915418498221
2020-09-15 16:00:00+02:00,139,13,126,18.732486269107348,150,15,135,17.939622434692456
2020-09-15 17:00:00+02:00,209,17,192,22.16757043059366,224,19,205,16.30248157536985
2020-09-15 18:00:00+02:00,213,17,196,20.488166305452438,246,24,222,17.57126233227549
2020-09-15 19:00:00+02:00,153,14,139,14.915022999208679,172,15,157,19.644113972447897
2020-09-15 20:00:00+02:00,155,15,140,19.469409355748308,165,18,147,20.56038540292619
2020-09-15 21:00:00+02:00,119,11,108,22.46945513312648,129,12,117,17.995114557081255
2020-09-15 22:00:00+02:00,83,6,77,18.699193296190067,90,9,81,13.960700117154147
2020-09-15 23:00:00+02:00,58,4,54,10.505136369992313,67,7,60,12.5039951599288
2020-09-16 00:00:00+02:00,38,4,34,7.590795833711637,34,3,31,11.019687492562438
2020-09-16 01:00:00+02:00,25,3,22,4.851536786659508,25,2,23,4.851536786659508
2020-09-16 02:00:00+02:00,25,2,23,4.851536786659508,25,2,23,4.851536786659508
2020-09-16 03:00:00+02:00,38,4,34,7.590795833711637,34,3,31,11.019687492562438
2020-09-16 04:00:00+02:00,63,7,56,13.630126271531418,62,6,56,12.779859753427614
2020-09-16 05:00:00+02:00,114,13,101,17.516346710171707,112,12,100,16.537505199847164
2020-09-16 06:00:00+02:00,140,19,121,17.88117043007633,141,14,127,16.082921323202
2020-09-16 07:00:00+02:00,214,24,190,24.48806340301503,203,19,184,21.5050173548228
2020-09-16 08:00:00+02:00,226,28,198,20.105295377891462,220,27,193,18.729640796362187
2020-09-16 09:00:00+02:00,153,19,134,18.89706115395996,139,16,123,21.474746575274906
2020-09-16 10:00:00+02:00,126,17,109,16.250667590352332,123,13,110,15.262138605096247
2020-09-16 11:00:00+02:00,153,18,135,18.89706115395996,139,16,123,21.474746575274906
2020-09-16 12:00:00+02:00,126,17,109,16.250667590352332,123,13,110,15.262138605096247
2020-09-16 13:00:00+02:00,127,15,112,19.95892802947898,120,14,106,10.291257377501918
2020-09-16 14:00:00+02:00,127,16,111,19.95892802947898,120,14,106,10.291257377501918
2020-09-16 15:00:00+02:00,140,18,122,17.88117043007633,141,14,127,16.082921323202
2020-09-16 16:00:00+02:00,151,17,134,19.198981193831877,149,16,133,18.476483571588744
2020-09-16 17:00:00+02:00,217,26,191,20.47500927792046,213,24,189,16.70464389525102
2020-09-16 18:00:00+02:00,232,26,206,24.606618615768106,205,22,183,18.29833304368066
2020-09-16 19:00:00+02:00,167,22,145,16.493575022686013,154,14,140,25.102227050596255
2020-09-16 20:00:00+02:00,167,21,146,16.493575022686013,154,14,140,25.102227050596255
2020-09-16 21:00:00+02:00,129,16,113,12.321757402623772,125,13,112,14.698947587184879
2020-09-16 22:00:00+02:00,89,11,78,16.127888447212325,79,9,70,16.621554061874914
2020-09-16 23:00:00+02:00,63,8,55,13.630126271531418,62,6,56,12.779859753427614
2020-09-17 00:00:00+02:00,35,2,33,7.122002820118646,36,5,31,3.0873599992209124
2020-09-17 01:00:00+02:00,23,1,22,0.4122417358964417,25,3,22,1.1875344360364632
2020-09-17 02:00:00+02:00,25,2,23,1.1875344360364632,25,3,22,1.1875344360364632
2020-09-17 03:00:00+02:00,37,3,34,2.066086063070793,38,5,33,11.101073107969722
2020-09-17 04:00:00+02:00,59,5,54,10.572210467564378,58,7,51,10.505136369992313
2020-09-17 05:00:00+02:00,106,9,97,12.94750706735717,114,18,96,18.09348958441383
2020-09-17 06:00:00+02:00,124,11,113,17.53992981591413,129,19,110,17.995114557081255
2020-09-17 07:00:00+02:00,195,14,181,23.83440770251287,216,27,189,21.273439412003903
2020-09-17 08:00:00+02:00,212,19,193,18.597605283865732,231,33,198,16.702836426900134
2020-09-17 09:00:00+02:00,140,10,130,15.331768592489755,140,20,120,15.331768592489755
2020-09-17 10:00:00+02:00,109,9,100,14.645038576883659,117,15,102,21.891304075969387
2020-09-17 11:00:00+02:00,150,12,138,17.939622434692456,153,18,135,14.915022999208679
2020-09-17 12:00:00+02:00,115,8,107,27.52702584121565,121,19,102,20.317620945183666
2020-09-17 13:00:00+02:00,122,9,113,20.245567873519157,128,19,109,19.601953989978306
2020-09-17 14:00:00+02:00,114,8,106,18.09348958441383,121,19,102,20.317620945183666
2020-09-17 15:00:00+02:00,134,10,124,14.701306049248211,135,21,114,21.280002906629502
2020-09-17 16:00:00+02:00,149,11,138,20.003285796587473,153,18,135,14.915022999208679
2020-09-17 17:00:00+02:00,196,15,181,20.04912381427717,216,27,189,21.273439412003903
2020-09-17 18:00:00+02:00,212,19,193,18.597605283865732,231,33,198,16.702836426900134
2020-09-17 19:00:00+02:00,152,11,141,20.188330220444417,162,21,141,19.08849102929865
2020-09-17 20:00:00+02:00,165,13,152,20.56038540292619,160,24,136,19.89239402952506
2020-09-17 21:00:00+02:00,127,10,117,19.116953333289125,117,15,102,21.891304075969387
2020-09-17 22:00:00+02:00,87,7,80,17.896548892855574,85,10,75,19.289671453475872
2020-09-17 23:00:00+02:00,56,4,52,10.152150256689218,64,8,56,14.414592943793718
2020-09-18 00:00:00+02:00,38,3,35,11.101073107969722,38,4,34,11.101073107969722
2020-09-18 01:00:00+02:00,25,2,23,1.1875344360364632,25,2,23,1.1875344360364632
2020-09-18 02:00:00+02:00,25,2,23,1.1875344360364632,25,2,23,1.1875344360364632
2020-09-18 03:00:00+02:00,37,3,34,2.066086063070793,38,4,34,11.101073107969722
2020-09-18 04:00:00+02:00,63,6,57,14.929801273937542,58,5,53,10.505136369992313
2020-09-18 05:00:00+02:00,113,12,101,20.093188266697116,113,11,102,20.093188266697116
2020-09-18 06:00:00+02:00,140,13,127,15.331768592489755,129,13,116,17.995114557081255
2020-09-18 07:00:00+02:00,210,19,191,16.3212742992447,212,18,194,18.597605283865732
2020-09-18 08:00:00+02:00,228,23,205,15.818609956751573,211,19,192,18.759232281731908
2020-09-18 09:00:00+02:00,147,14,133,20.208056467665056,153,13,140,14.915022999208679
2020-09-18 10:00:00+02:00,124,11,113,17.53992981591413,117,12,105,21.891304075969387
2020-09-18 11:00:00+02:00,153,15,138,14.915022999208679,148,13,135,18.058884943386857
2020-09-18 12:00:00+02:00,129,13,116,17.995114557081255,123,10,113,19.074654696202938
2020-09-18 13:00:00+02:00,124,12,112,17.53992981591413,117,12,105,21.891304075969387
2020-09-18 14:00:00+02:00,128,12,116,19.601953989978306,123,10,113,19.074654696202938
2020-09-18 15:00:00+02:00,136,14,122,16.594078125250377,138,14,124,20.21600799483387
2020-09-18 16:00:00+02:00,145,14,131,18.85528596371164,154,15,139,23.457384968254527
2020-09-18 17:00:00+02:00,207,22,185,21.877297854955202,202,19,183,22.500350864850866
2020-09-18 18:00:00+02:00,218,21,197,22.57742359713229,227,25,202,19.269071808142694
2020-09-18 19:00:00+02:00,158,15,143,21.67102174389251,159,15,144,17.78748005044877
2020-09-18 20:00:00+02:00,160,14,146,19.89239402952506,159,13,146,17.78748005044877
2020-09-18 21:00:00+02:00,123,11,112,19.074654696202938,123,12,111,19.074654696202938
2020-09-18 22:00:00+02:00,86,8,78,21.204994436842384,85,7,78,19.289671453475872
2020-09-18 23:00:00+02:00,61,6,55,12.362973378192347,58,5,53,10.505136369992313
2020-09-19 00:00:00+02:00,37,2,35,3.5125252112896685,39,2,37,6.913338666308079
2020-09-19 01:00:00+02:00,24,1,23,0.16633697306049489,26,1,25,0.13434729751860394
2020-09-19 02:00:00+02:00,25,1,24,0.10677168789919293,26,1,25,0.13434729751860394
2020-09-19 03:00:00+02:00,38,2,36,5.960450042509954,39,2,37,6.913338666308079
2020-09-19 04:00:00+02:00,48,3,45,9.964553643509852,52,2,50,14.472017643602554
2020-09-19 05:00:00+02:00,62,4,58,14.019247608895405,65,4,61,10.13470849860639
2020-09-19 06:00:00+02:00,101,6,95,14.022694861996197,105,6,99,16.343560716114418
2020-09-19 07:00:00+02:00,147,9,138,16.306492316544293,159,10,149,19.89258263570152
2020-09-19 08:00:00+02:00,206,11,195,20.90053052788098,208,12,196,18.807092053665322
2020-09-19 09:00:00+02:00,213,14,199,20.238518600536185,223,14,209,18.802339292525456
2020-09-19 10:00:00+02:00,187,12,175,15.611538170802525,198,12,186,20.173795644408123
2020-09-19 11:00:00+02:00,152,10,142,18.686880121910534,155,8,147,18.708796369633056
2020-09-19 12:00:00+02:00,145,8,137,19.922746131926434,158,8,150,19.40470350916573
2020-09-19 13:00:00+02:00,167,9,158,19.047083059371815,172,10,162,18.863206387348974
2020-09-19 14:00:00+02:00,154,8,146,19.868163821621103,155,8,147,18.708796369633056
2020-09-19 15:00:00+02:00,169,9,160,20.526675282456768,185,10,175,20.88033942284811
2020-09-19 16:00:00+02:00,172,10,162,18.863206387348974,186,9,177,20.400698976924794
2020-09-19 17:00:00+02:00,199,12,187,19.11274068140836,209,10,199,16.60419034744366
2020-09-19 18:00:00+02:00,190,11,179,20.182913119811044,197,10,187,19.118279085736297
2020-09-19 19:00:00+02:00,146,9,137,19.4340926707284,157,8,149,19.700921436065542
2020-09-19 20:00:00+02:00,142,8,134,19.57947604189084,146,8,138,19.4340926707284
2020-09-19 21:00:00+02:00,124,7,117,14.467255533674502,129,7,122,12.81298343964759
2020-09-19 22:00:00+02:00,100,6,94,12.129363492765288,105,7,98,16.343560716114418
2020-09-19 23:00:00+02:00,49,3,46,12.126419816698254,52,2,50,14.472017643602554
2020-09-20 00:00:00+02:00,21,0,21,0.0727095127790566,25,0,25,0.10677168789919293
2020-09-20 01:00:00+02:00,14,0,14,0.0,18,0,18,0.014449312499738909
2020-09-20 02:00:00+02:00,13,0,13,0.0,18,0,18,0.014449312499738909
2020-09-20 03:00:00+02:00,20,0,20,0.04910283862897408,25,0,25,0.10677168789919293
2020-09-20 04:00:00+02:00,29,1,28,0.5419439371488394,36,1,35,2.727177547566476
2020-09-20 05:00:00+02:00,36,1,35,2.727177547566476,48,1,47,9.964553643509852
2020-09-20 06:00:00+02:00,57,2,55,11.247345675463038,74,3,71,9.886934519670994
2020-09-20 07:00:00+02:00,87,3,84,9.504121716770046,119,3,116,9.275729661817119
2020-09-20 08:00:00+02:00,110,4,106,20.964248322238312,128,4,124,16.268122259148125
2020-09-20 09:00:00+02:00,118,4,114,16.65435568776215,166,6,160,16.094287115128708
2020-09-20 10:00:00+02:00,106,4,102,19.560878716092326,149,5,144,17.937448228249327
2020-09-20 11:00:00+02:00,82,3,79,8.6962433625344,98,3,95,9.366341704429512
2020-09-20 12:00:00+02:00,86,3,83,9.565861223121674,119,3,116,9.275729661817119
2020-09-20 13:00:00+02:00,89,3,86,10.527801976587284,98,4,94,9.366341704429512
2020-09-20 14:00:00+02:00,86,3,83,9.565861223121674,119,3,116,9.275729661817119
2020-09-20 15:00:00+02:00,96,4,92,10.792244903732447,127,4,123,18.022773693841014
2020-09-20 16:00:00+02:00,97,4,93,12.91170780960746,118,4,114,16.65435568776215
2020-09-20 17:00:00+02:00,117,4,113,13.539944397802945,135,5,130,20.27811899595658
2020-09-20 18:00:00+02:00,109,4,105,18.214376818550008,139,5,134,19.408576933840735
2020-09-20 19:00:00+02:00,89,3,86,10.527801976587284,90,3,87,10.477669283936715
2020-09-20 20:00:00+02:00,74,3,71,9.886934519670994,107,4,103,12.742346635562697
2020-09-20 21:00:00+02:00,73,2,71,10.015349835153332,86,3,83,9.565861223121674
2020-09-20 22:00:00+02:00,59,2,57,11.512224289105106,74,3,71,9.886934519670994
2020-09-20 23:00:00+02:00,29,1,28,0.5419439371488394,36,1,35,2.727177547566476
2020-09-21 00:00:00+02:00,39,3,36,6.782457974710225,37,4,33,2.066086063070793
2020-09-21 01:00:00+02:00,26,2,24,1.5382661455122164,26,2,24,1.5382661455122164
2020-09-21 02:00:00+02:00,24,2,22,1.5004308879154395,26,2,24,1.5382661455122164
2020-09-21 03:00:00+02:00,37,3,34,2.066086063070793,39,4,35,6.782457974710225
2020-09-21 04:00:00+02:00,60,5,55,10.583722413773145,62,6,56,14.48690450543278
2020-09-21 05:00:00+02:00,108,10,98,14.813734676069407,112,11,101,14.898852003445265
2020-09-21 06:00:00+02:00,136,13,123,16.594078125250377,142,16,126,21.623487252479663
2020-09-21 07:00:00+02:00,226,22,204,20.308697708911414,214,23,191,18.560318290748608
2020-09-21 08:00:00+02:00,239,24,215,13.74553452780325,235,29,206,20.674840106170866
2020-09-21 09:00:00+02:00,154,16,138,23.457384968254527,151,18,133,19.408157188048275
2020-09-21 10:00:00+02:00,128,11,117,19.601953989978306,128,12,116,19.601953989978306
2020-09-21 11:00:00+02:00,152,13,139,20.188330220444417,154,15,139,23.457384968254527
2020-09-21 12:00:00+02:00,123,13,110,19.074654696202938,128,14,114,19.601953989978306
2020-09-21 13:00:00+02:00,127,11,116,19.116953333289125,125,13,112,23.026828253397017
2020-09-21 14:00:00+02:00,127,11,116,19.116953333289125,125,13,112,23.026828253397017
2020-09-21 15:00:00+02:00,139,12,127,18.732486269107348,137,15,122,18.928795118329443
2020-09-21 16:00:00+02:00,145,14,131,18.85528596371164,157,17,140,23.857880119976507
2020-09-21 17:00:00+02:00,216,21,195,21.273439412003903,220,27,193,16.758079648934128
2020-09-21 18:00:00+02:00,228,21,207,15.818609956751573,225,22,203,17.07968654570721
2020-09-21 19:00:00+02:00,168,15,153,20.304807772345505,167,18,149,21.39117903937357
2020-09-21 20:00:00+02:00,166,16,150,18.57114730689396,170,20,150,19.775542485132945
2020-09-21 21:00:00+02:00,122,13,109,20.245567873519157,131,15,116,14.183230975852695
2020-09-21 22:00:00+02:00,89,8,81,17.562315027840828,89,8,81,17.562315027840828
2020-09-21 23:00:00+02:00,63,5,58,14.929801273937542,62,6,56,14.48690450543278
2020-09-22 00:00:00+02:00,33,2,31,5.985660510090718,39,3,36,6.782457974710225
2020-09-22 01:00:00+02:00,22,1,21,0.1277873501672996,26,2,24,1.5382661455122164
2020-09-22 02:00:00+02:00,25,2,23,1.1875344360364632,27,2,25,1.9016023008994223
2020-09-22 03:00:00+02:00,38,3,35,11.101073107969722,40,4,36,5.275608835029151
2020-09-22 04:00:00+02:00,62,5,57,14.48690450543278,62,5,57,14.48690450543278
2020-09-22 05:00:00+02:00,101,8,93,11.280950715811313,121,12,109,20.317620945183666
2020-09-22 06:00:00+02:00,138,11,127,20.21600799483387,138,14,124,20.21600799483387
2020-09-22 07:00:00+02:00,192,17,175,21.295822766447603,225,21,204,17.07968654570721
2020-09-22 08:00:00+02:00,218,18,200,22.57742359713229,242,27,215,20.990360069331732
2020-09-22 09:00:00+02:00,142,13,129,21.623487252479663,164,16,148,22.827361263214527
2020-09-22 10:00:00+02:00,129,10,119,17.995114557081255,131,11,120,14.183230975852695
2020-09-22 11:00:00+02:00,142,11,131,21.623487252479663,164,16,148,22.827361263214527
2020-09-22 12:00:00+02:00,129,10,119,17.995114557081255,131,11,120,14.183230975852695
2020-09-22 13:00:00+02:00,119,9,110,22.46945513312648,129,12,117,17.995114557081255
2020-09-22 14:00:00+02:00,119,9,110,22.46945513312648,129,12,117,17.995114557081255
2020-09-22 15:00:00+02:00,130,10,120,15.65660051079879,144,12,132,22.91915418498221
2020-09-22 16:00:00+02:00,139,13,126,18.732486269107348,150,15,135,17.939622434692456
2020-09-22 17:00:00+02:00,209,17,192,22.16757043059366,224,19,205,16.30248157536985
2020-09-22 18:00:00+02:00,213,17,196,20.488166305452438,246,24,222,17.57126233227549
2020-09-22 19:00:00+02:00,153,14,139,14.915022999208679,172,15,157,19.644113972447897
2020-09-22 20:00:00+02:00,155,15,140,19.469409355748308,165,18,147,20.56038540292619
2020-09-22 21:00:00+02:00,119,11,108,22.46945513312648,129,12,117,17.995114557081255
2020-09-22 22:00:00+02:00,83,6,77,18.699193296190067,90,9,81,13.960700117154147
2020-09-22 23:00:00+02:00,58,4,54,10.505136369992313,67,7,60,12.5039951599288
2020-09-23 00:00:00+02:00,38,4,34,7.590795833711637,34,3,31,11.019687492562438
2020-09-23 01:00:00+02:00,25,3,22,4.851536786659508,25,2,23,4.851536786659508
2020-09-23 02:00:00+02:00,25,2,23,4.851536786659508,25,2,23,4.851536786659508
2020-09-23 03:00:00+02:00,38,4,34,7.590795833711637,34,3,31,11.019687492562438
2020-09-23 04:00:00+02:00,63,7,56,13.630126271531418,62,6,56,12.779859753427614
2020-09-23 05:00:00+02:00,114,13,101,17.516346710171707,112,12,100,16.537505199847164
2020-09-23 06:00:00+02:00,140,19,121,17.88117043007633,141,14,127,16.082921323202
2020-09-23 07:00:00+02:00,214,24,190,24.48806340301503,203,19,184,21.5050173548228
2020-09-23 08:00:00+02:00,226,28,198,20.105295377891462,220,27,193,18.729640796362187
2020-09-23 09:00:00+02:00,153,19,134,18.89706115395996,139,16,123,21.474746575274906
2020-09-23 10:00:00+02:00,126,17,109,16.250667590352332,123,13,110,15.262138605096247
2020-09-23 11:00:00+02:00,153,18,135,18.89706115395996,139,16,123,21.474746575274906
2020-09-23 12:00:00+02:00,126,17,109,16.250667590352332,123,13,110,15.262138605096247
2020-09-23 13:00:00+02:00,127,15,112,19.95892802947898,120,14,106,10.291257377501918
2020-09-23 14:00:00+02:00,127,16,111,19.95892802947898,120,14,106,10.291257377501918
2020-09-23 15:00:00+02:00,140,18,122,17.88117043007633,141,14,127,16.082921323202
2020-09-23 16:00:00+02:00,151,17,134,19.198981193831877,149,16,133,18.476483571588744
2020-09-23 17:00:00+02:00,217,26,191,20.47500927792046,213,24,189,16.70464389525102
2020-09-23 18:00:00+02:00,232,26,206,24.606618615768106,205,22,183,18.29833304368066
2020-09-23 19:00:00+02:00,167,22,145,16.493575022686013,154,14,140,25.102227050596255
2020-09-23 20:00:00+02:00,167,21,146,16.493575022686013,154,14,140,25.102227050596255
2020-09-23 21:00:00+02:00,129,16,113,12.321757402623772,125,13,112,14.698947587184879
2020-09-23 22:00:00+02:00,89,11,78,16.127888447212325,79,9,70,16.621554061874914
2020-09-23 23:00:00+02:00,63,8,55,13.630126271531418,62,6,56,12.779859753427614
2020-09-24 00:00:00+02:00,35,2,33,7.122002820118646,36,5,31,3.0873599992209124
2020-09-24 01:00:00+02:00,23,1,22,0.4122417358964417,25,3,22,1.1875344360364632
2020-09-24 02:00:00+02:00,25,2,23,1.1875344360364632,25,3,22,1.1875344360364632
2020-09-24 03:00:00+02:00,37,3,34,2.066086063070793,38,5,33,11.101073107969722
2020-09-24 04:00:00+02:00,59,5,54,10.572210467564378,58,7,51,10.505136369992313
2020-09-24 05:00:00+02:00,106,9,97,12.94750706735717,114,18,96,18.09348958441383
2020-09-24 06:00:00+02:00,124,11,113,17.53992981591413,129,19,110,17.995114557081255
2020-09-24 07:00:00+02:00,195,14,181,23.83440770251287,216,27,189,21.273439412003903
2020-09-24 08:00:00+02:00,212,19,193,18.597605283865732,231,33,198,16.702836426900134
2020-09-24 09:00:00+02:00,140,10,130,15.331768592489755,140,20,120,15.331768592489755
2020-09-24 10:00:00+02:00,109,9,100,14.645038576883659,117,15,102,21.891304075969387
2020-09-24 11:00:00+02:00,150,12,138,17.939622434692456,153,18,135,14.915022999208679
2020-09-24 12:00:00+02:00,115,8,107,27.52702584121565,121,19,102,20.317620945183666
2020-09-24 13:00:00+02:00,122,9,113,20.245567873519157,128,19,109,19.601953989978306
2020-09-24 14:00:00+02:00,114,8,106,18.09348958441383,121,19,102,20.317620945183666
2020-09-24 15:00:00+02:00,134,10,124,14.701306049248211,135,21,114,21.280002906629502
2020-09-24 16:00:00+02:00,149,11,138,20.003285796587473,153,18,135,14.915022999208679
2020-09-24 17:00:00+02:00,196,15,181,20.04912381427717,216,27,189,21.273439412003903
2020-09-24 18:00:00+02:00,212,19,193,18.597605283865732,231,33,198,16.702836426900134
2020-09-24 19:00:00+02:00,152,11,141,20.188330220444417,162,21,141,19.08849102929865
2020-09-24 20:00:00+02:00,165,13,152,20.56038540292619,160,24,136,19.89239402952506
2020-09-24 21:00:00+02:00,127,10,117,19.116953333289125,117,15,102,21.891304075969387
2020-09-24 22:00:00+02:00,87,7,80,17.896548892855574,85,10,75,19.289671453475872
2020-09-24 23:00:00+02:00,56,4,52,10.152150256689218,64,8,56,14.414592943793718
2020-09-25 00:00:00+02:00,38,3,35,11.101073107969722,38,4,34,11.101073107969722
2020-09-25 01:00:00+02:00,25,2,23,1.1875344360364632,25,2,23,1.1875344360364632
2020-09-25 02:00:00+02:00,25,2,23,1.1875344360364632,25,2,23,1.1875344360364632
2020-09-25 03:00:00+02:00,37,3,34,2.066086063070793,38,4,34,11.101073107969722
2020-09-25 04:00:00+02:00,63,6,57,14.929801273937542,58,5,53,10.505136369992313
2020-09-25 05:00:00+02:00,113,12,101,20.093188266697116,113,11,102,20.093188266697116
2020-09-25 06:00:00+02:00,140,13,127,15.331768592489755,129,13,116,17.995114557081255
2020-09-25 07:00:00+02:00,210,19,191,16.3212742992447,212,18,194,18.597605283865732
2020-09-25 08:00:00+02:00,228,23,205,15.818609956751573,211,19,192,18.759232281731908
2020-09-25 09:00:00+02:00,147,14,133,20.208056467665056,153,13,140,14.915022999208679
2020-09-25 10:00:00+02:00,124,11,113,17.53992981591413,117,12,105,21.891304075969387
2020-09-25 11:00:00+02:00,153,15,138,14.915022999208679,148,13,135,18.058884943386857
2020-09-25 12:00:00+02:00,129,13,116,17.995114557081255,123,10,113,19.074654696202938
2020-09-25 13:00:00+02:00,124,12,112,17.53992981591413,117,12,105,21.891304075969387
2020-09-25 14:00:00+02:00,128,12,116,19.601953989978306,123,10,113,19.074654696202938
2020-09-25 15:00:00+02:00,136,14,122,16.594078125250377,138,14,124,20.21600799483387
2020-09-25 16:00:00+02:00,145,14,131,18.85528596371164,154,15,139,23.457384968254527
2020-09-25 17:00:00+02:00,207,22,185,21.877297854955202,202,19,183,22.500350864850866
2020-09-25 18:00:00+02:00,218,21,197,22.57742359713229,227,25,202,19.269071808142694
2020-09-25 19:00:00+02:00,158,15,143,21.67102174389251,159,15,144,17.78748005044877
2020-09-25 20:00:00+02:00,160,14,146,19.89239402952506,159,13,146,17.78748005044877
2020-09-25 21:00:00+02:00,123,11,112,19.074654696202938,123,12,111,19.074654696202938
2020-09-25 22:00:00+02:00,86,8,78,21.204994436842384,85,7,78,19.289671453475872
2020-09-25 23:00:00+02:00,61,6,55,12.362973378192347,58,5,53,10.505136369992313
2020-09-26 00:00:00+02:00,37,2,35,3.5125252112896685,39,2,37,6.913338666308079
2020-09-26 01:00:00+02:00,24,1,23,0.16633697306049489,26,1,25,0.13434729751860394
2020-09-26 02:00:00+02:00,25,1,24,0.10677168789919293,26,1,25,0.13434729751860394
2020-09-26 03:00:00+02:00,38,2,36,5.960450042509954,39,2,37,6.913338666308079
2020-09-26 04:00:00+02:00,48,3,45,9.964553643509852,52,2,50,14.472017643602554
2020-09-26 05:00:00+02:00,62,4,58,14.019247608895405,65,4,61,10.13470849860639
2020-09-26 06:00:00+02:00,101,6,95,14.022694861996197,105,6,99,16.343560716114418
2020-09-26 07:00:00+02:00,147,9,138,16.306492316544293,159,10,149,19.89258263570152
2020-09-26 08:00:00+02:00,206,11,195,20.90053052788098,208,12,196,18.807092053665322
2020-09-26 09:00:00+02:00,213,14,199,20.238518600536185,223,14,209,18.802339292525456
2020-09-26 10:00:00+02:00,187,12,175,15.611538170802525,198,12,186,20.173795644408123
2020-09-26 11:00:00+02:00,152,10,142,18.686880121910534,155,8,147,18.708796369633056
2020-09-26 12:00:00+02:00,145,8,137,19.922746131926434,158,8,150,19.40470350916573
2020-09-26 13:00:00+02:00,167,9,158,19.047083059371815,172,10,162,18.863206387348974
2020-09-26 14:00:00+02:00,154,8,146,19.868163821621103,155,8,147,18.708796369633056
2020-09-26 15:00:00+02:00,169,9,160,20.526675282456768,185,10,175,20.88033942284811
2020-09-26 16:00:00+02:00,172,10,162,18.863206387348974,186,9,177,20.400698976924794
2020-09-26 17:00:00+02:00,199,12,187,19.11274068140836,209,10,199,16.60419034744366
2020-09-26 18:00:00+02:00,190,11,179,20.182913119811044,197,10,187,19.118279085736297
2020-09-26 19:00:00+02:00,146,9,137,19.4340926707284,157,8,149,19.700921436065542
2020-09-26 20:00:00+02:00,142,8,134,19.57947604189084,146,8,138,19.4340926707284
2020-09-26 21:00:00+02:00,124,7,117,14.467255533674502,129,7,122,12.81298343964759
2020-09-26 22:00:00+02:00,100,6,94,12.129363492765288,105,7,98,16.343560716114418
2020-09-26 23:00:00+02:00,49,3,46,12.126419816698254,52,2,50,14.472017643602554
2020-09-27 00:00:00+02:00,21,0,21,0.0727095127790566,25,0,25,0.10677168789919293
2020-09-27 01:00:00+02:00,14,0,14,0.0,18,0,18,0.014449312499738909
2020-09-27 02:00:00+02:00,13,0,13,0.0,18,0,18,0.014449312499738909
2020-09-27 03:00:00+02:00,20,0,20,0.04910283862897408,25,0,25,0.10677168789919293
2020-09-27 04:00:00+02:00,29,1,28,0.5419439371488394,36,1,35,2.727177547566476
2020-09-27 05:00:00+02:00,36,1,35,2.727177547566476,48,1,47,9.964553643509852
2020-09-27 06:00:00+02:00,57,2,55,11.247345675463038,74,3,71,9.886934519670994
2020-09-27 07:00:00+02:00,87,3,84,9.504121716770046,119,3,116,9.275729661817119
2020-09-27 08:00:00+02:00,110,4,106,20.964248322238312,128,4,124,16.268122259148125
2020-09-27 09:00:00+02:00,118,4,114,16.65435568776215,166,6,160,16.094287115128708
2020-09-27 10:00:00+02:00,106,4,102,19.560878716092326,149,5,144,17.937448228249327
2020-09-27 11:00:00+02:00,82,3,79,8.6962433625344,98,3,95,9.366341704429512
2020-09-27 12:00:00+02:00,86,3,83,9.565861223121674,119,3,116,9.275729661817119
2020-09-27 13:00:00+02:00,89,3,86,10.527801976587284,98,4,94,9.366341704429512
2020-09-27 14:00:00+02:00,86,3,83,9.565861223121674,119,3,116,9.275729661817119
2020-09-27 15:00:00+02:00,96,4,92,10.792244903732447,127,4,123,18.022773693841014
2020-09-27 16:00:00+02:00,97,4,93,12.91170780960746,118,4,114,16.65435568776215
2020-09-27 17:00:00+02:00,117,4,113,13.539944397802945,135,5,130,20.27811899595658
2020-09-27 18:00:00+02:00,109,4,105,18.214376818550008,139,5,134,19.408576933840735
2020-09-27 19:00:00+02:00,89,3,86,10.527801976587284,90,3,87,10.477669283936715
2020-09-27 20:00:00+02:00,74,3,71,9.886934519670994,107,4,103,12.742346635562697
2020-09-27 21:00:00+02:00,73,2,71,10.015349835153332,86,3,83,9.565861223121674
2020-09-27 22:00:00+02:00,59,2,57,11.512224289105106,74,3,71,9.886934519670994
2020-09-27 23:00:00+02:00,29,1,28,0.5419439371488394,36,1,35,2.727177547566476
2020-09-28 00:00:00+02:00,39,3,36,6.782457974710225,37,4,33,2.066086063070793
2020-09-28 01:00:00+02:00,26,2,24,1.5382661455122164,26,2,24,1.5382661455122164
2020-09-28 02:00:00+02:00,24,2,22,1.5004308879154395,26,2,24,1.5382661455122164
2020-09-28 03:00:00+02:00,37,3,34,2.066086063070793,39,4,35,6.782457974710225
2020-09-28 04:00:00+02:00,60,5,55,10.583722413773145,62,6,56,14.48690450543278
2020-09-28 05:00:00+02:00,108,10,98,14.813734676069407,112,11,101,14.898852003445265
2020-09-28 06:00:00+02:00,136,13,123,16.594078125250377,142,16,126,21.623487252479663
2020-09-28 07:00:00+02:00,226,22,204,20.308697708911414,214,23,191,18.560318290748608
2020-09-28 08:00:00+02:00,239,24,215,13.74553452780325,235,29,206,20.674840106170866
2020-09-28 09:00:00+02:00,154,16,138,23.457384968254527,151,18,133,19.408157188048275
2020-09-28 10:00:00+02:00,128,11,117,19.601953989978306,128,12,116,19.601953989978306
2020-09-28 11:00:00+02:00,152,13,139,20.188330220444417,154,15,139,23.457384968254527
2020-09-28 12:00:00+02:00,123,13,110,19.074654696202938,128,14,114,19.601953989978306
2020-09-28 13:00:00+02:00,127,11,116,19.116953333289125,125,13,112,23.026828253397017
2020-09-28 14:00:00+02:00,127,11,116,19.116953333289125,125,13,112,23.026828253397017
2020-09-28 15:00:00+02:00,139,12,127,18.732486269107348,137,15,122,18.928795118329443
2020-09-28 16:00:00+02:00,145,14,131,18.85528596371164,157,17,140,23.857880119976507
2020-09-28 17:00:00+02:00,216,21,195,21.273439412003903,220,27,193,16.758079648934128
2020-09-28 18:00:00+02:00,228,21,207,15.818609956751573,225,22,203,17.07968654570721
2020-09-28 19:00:00+02:00,168,15,153,20.304807772345505,167,18,149,21.39117903937357
2020-09-28 20:00:00+02:00,166,16,150,18.57114730689396,170,20,150,19.775542485132945
2020-09-28 21:00:00+02:00,122,13,109,20.245567873519157,131,15,116,14.183230975852695
2020-09-28 22:00:00+02:00,89,8,81,17.562315027840828,89,8,81,17.562315027840828
2020-09-28 23:00:00+02:00,63,5,58,14.929801273937542,62,6,56,14.48690450543278
2020-09-29 00:00:00+02:00,33,2,31,5.985660510090718,39,3,36,6.782457974710225
2020-09-29 01:00:00+02:00,22,1,21,0.1277873501672996,26,2,24,1.5382661455122164
2020-09-29 02:00:00+02:00,25,2,23,1.1875344360364632,27,2,25,1.9016023008994223
2020-09-29 03:00:00+02:00,38,3,35,11.101073107969722,40,4,36,5.275608835029151
2020-09-29 04:00:00+02:00,62,5,57,14.48690450543278,62,5,57,14.48690450543278
2020-09-29 05:00:00+02:00,101,8,93,11.280950715811313,121,12,109,20.317620945183666
2020-09-29 06:00:00+02:00,138,11,127,20.21600799483387,138,14,124,20.21600799483387
2020-09-29 07:00:00+02:00,192,17,175,21.295822766447603,225,21,204,17.07968654570721
2020-09-29 08:00:00+02:00,218,18,200,22.57742359713229,242,27,215,20.990360069331732
2020-09-29 09:00:00+02:00,142,13,129,21.623487252479663,164,16,148,22.827361263214527
2020-09-29 10:00:00+02:00,129,10,119,17.995114557081255,131,11,120,14.183230975852695
2020-09-29 11:00:00+02:00,142,11,131,21.623487252479663,164,16,148,22.827361263214527
2020-09-29 12:00:00+02:00,129,10,119,17.995114557081255,131,11,120,14.183230975852695
2020-09-29 13:00:00+02:00,119,9,110,22.46945513312648,129,12,117,17.995114557081255
2020-09-29 14:00:00+02:00,119,9,110,22.46945513312648,129,12,117,17.995114557081255
2020-09-29 15:00:00+02:00,130,10,120,15.65660051079879,144,12,132,22.91915418498221
2020-09-29 16:00:00+02:00,139,13,126,18.732486269107348,150,15,135,17.939622434692456
2020-09-29 17:00:00+02:00,209,17,192,22.16757043059366,224,19,205,16.30248157536985
2020-09-29 18:00:00+02:00,213,17,196,20.488166305452438,246,24,222,17.57126233227549
2020-09-29 19:00:00+02:00,153,14,139,14.915022999208679,172,15,157,19.644113972447897
2020-09-29 20:00:00+02:00,155,15,140,19.469409355748308,165,18,147,20.56038540292619
2020-09-29 21:00:00+02:00,119,11,108,22.46945513312648,129,12,117,17.995114557081255
2020-09-29 22:00:00+02:00,83,6,77,18.699193296190067,90,9,81,13.960700117154147
2020-09-29 23:00:00+02:00,58,4,54,10.505136369992313,67,7,60,12.5039951599288
2020-09-30 00:00:00+02:00,38,4,34,7.590795833711637,34,3,31,11.019687492562438
2020-09-30 01:00:00+02:00,25,3,22,4.851536786659508,25,2,23,4.851536786659508
2020-09-30 02:00:00+02:00,25,2,23,4.851536786659508,25,2,23,4.851536786659508
2020-09-30 03:00:00+02:00,38,4,34,7.590795833711637,34,3,31,11.019687492562438
2020-09-30 04:00:00+02:00,63,7,56,13.630126271531418,62,6,56,12.779859753427614
2020-09-30 05:00:00+02:00,114,13,101,17.516346710171707,112,12,100,16.537505199847164
2020-09-30 06:00:00+02:00,140,19,121,17.88117043007633,141,14,127,16.082921323202
2020-09-30 07:00:00+02:00,214,24,190,24.48806340301503,203,19,184,21.5050173548228
2020-09-30 08:00:00+02:00,226,28,198,20.105295377891462,220,27,193,18.729640796362187
2020-09-30 09:00:00+02:00,153,19,134,18.89706115395996,139,16,123,21.474746575274906
2020-09-30 10:00:00+02:00,126,17,109,16.250667590352332,123,13,110,15.262138605096247
2020-09-30 11:00:00+02:00,153,18,135,18.89706115395996,139,16,123,21.474746575274906
2020-09-30 12:00:00+02:00,126,17,109,16.250667590352332,123,13,110,15.262138605096247
2020-09-30 13:00:00+02:00,127,15,112,19.95892802947898,120,14,106,10.291257377501918
2020-09-30 14:00:00+02:00,127,16,111,19.95892802947898,120,14,106,10.291257377501918
2020-09-30 15:00:00+02:00,140,18,122,17.88117043007633,141,14,127,16.082921323202
2020-09-30 16:00:00+02:00,151,17,134,19.198981193831877,149,16,133,18.476483571588744
2020-09-30 17:00:00+02:00,217,26,191,20.47500927792046,213,24,189,16.70464389525102
2020-09-30 18:00:00+02:00,232,26,206,24.606618615768106,205,22,183,18.29833304368066
2020-09-30 19:00:00+02:00,167,22,145,16.493575022686013,154,14,140,25.102227050596255
2020-09-30 20:00:00+02:00,167,21,146,16.493575022686013,154,14,140,25.102227050596255
2020-09-30 21:00:00+02:00,129,16,113,12.321757402623772,125,13,112,14.698947587184879
2020-09-30 22:00:00+02:00,89,11,78,16.127888447212325,79,9,70,16.621554061874914
2020-09-30 23:00:00+02:00,63,8,55,13.630126271531418,62,6,56,12.779859753427614
2020-10-01 00:00:00+02:00,35,2,33,7.122002820118646,36,5,31,3.0873599992209124
2020-10-01 01:00:00+02:00,23,1,22,0.4122417358964417,25,3,22,1.1875344360364632
2020-10-01 02:00:00+02:00,25,2,23,1.1875344360364632,25,3,22,1.1875344360364632
2020-10-01 03:00:00+02:00,37,3,34,2.066086063070793,38,5,33,11.101073107969722
2020-10-01 04:00:00+02:00,59,5,54,10.572210467564378,58,7,51,10.505136369992313
2020-10-01 05:00:00+02:00,106,9,97,12.94750706735717,114,18,96,18.09348958441383
2020-10-01 06:00:00+02:00,124,11,113,17.53992981591413,129,19,110,17.995114557081255
2020-10-01 07:00:00+02:00,195,14,181,23.83440770251287,216,27,189,21.273439412003903
2020-10-01 08:00:00+02:00,212,19,193,18.597605283865732,231,33,198,16.702836426900134
2020-10-01 09:00:00+02:00,140,10,130,15.331768592489755,140,20,120,15.331768592489755
2020-10-01 10:00:00+02:00,109,9,100,14.645038576883659,117,15,102,21.891304075969387
2020-10-01 11:00:00+02:00,150,12,138,17.939622434692456,153,18,135,14.915022999208679
2020-10-01 12:00:00+02:00,115,8,107,27.52702584121565,121,19,102,20.317620945183666
2020-10-01 13:00:00+02:00,122,9,113,20.245567873519157,128,19,109,19.601953989978306
2020-10-01 14:00:00+02:00,114,8,106,18.09348958441383,121,19,102,20.317620945183666
2020-10-01 15:00:00+02:00,134,10,124,14.701306049248211,135,21,114,21.280002906629502
2020-10-01 16:00:00+02:00,149,11,138,20.003285796587473,153,18,135,14.915022999208679
2020-10-01 17:00:00+02:00,196,15,181,20.04912381427717,216,27,189,21.273439412003903
2020-10-01 18:00:00+02:00,212,19,193,18.597605283865732,231,33,198,16.702836426900134
2020-10-01 19:00:00+02:00,152,11,141,20.188330220444417,162,21,141,19.08849102929865
2020-10-01 20:00:00+02:00,165,13,152,20.56038540292619,160,24,136,19.89239402952506
2020-10-01 21:00:00+02:00,127,10,117,19.116953333289125,117,15,102,21.891304075969387
2020-10-01 22:00:00+02:00,87,7,80,17.896548892855574,85,10,75,19.289671453475872
2020-10-01 23:00:00+02:00,56,4,52,10.152150256689218,64,8,56,14.414592943793718
2020-10-02 00:00:00+02:00,38,3,35,11.101073107969722,38,4,34,11.101073107969722
2020-10-02 01:00:00+02:00,25,2,23,1.1875344360364632,25,2,23,1.1875344360364632
2020-10-02 02:00:00+02:00,25,2,23,1.1875344360364632,25,2,23,1.1875344360364632
2020-10-02 03:00:00+02:00,37,3,34,2.066086063070793,38,4,34,11.101073107969722
2020-10-02 04:00:00+02:00,63,6,57,14.929801273937542,58,5,53,10.505136369992313
2020-10-02 05:00:00+02:00,113,12,101,20.093188266697116,113,11,102,20.093188266697116
2020-10-02 06:00:00+02:00,140,13,127,15.331768592489755,129,13,116,17.995114557081255
2020-10-02 07:00:00+02:00,210,19,191,16.3212742992447,212,18,194,18.597605283865732
2020-10-02 08:00:00+02:00,228,23,205,15.818609956751573,211,19,192,18.759232281731908
2020-10-02 09:00:00+02:00,147,14,133,20.208056467665056,153,13,140,14.915022999208679
2020-10-02 10:00:00+02:00,124,11,113,17.53992981591413,117,12,105,21.891304075969387
2020-10-02 11:00:00+02:00,153,15,138,14.915022999208679,148,13,135,18.058884943386857
2020-10-02 12:00:00+02:00,129,13,116,17.995114557081255,123,10,113,19.074654696202938
2020-10-02 13:00:00+02:00,124,12,112,17.53992981591413,117,12,105,21.891304075969387
2020-10-02 14:00:00+02:00,128,12,116,19.601953989978306,123,10,113,19.074654696202938
2020-10-02 15:00:00+02:00,136,14,122,16.594078125250377,138,14,124,20.21600799483387
2020-10-02 16:00:00+02:00,145,14,131,18.85528596371164,154,15,139,23.457384968254527
2020-10-02 17:00:00+02:00,207,22,185,21.877297854955202,202,19,183,22.500350864850866
2020-10-02 18:00:00+02:00,218,21,197,22.57742359713229,227,25,202,19.269071808142694
2020-10-02 19:00:00+02:00,158,15,143,21.67102174389251,159,15,144,17.78748005044877
2020-10-02 20:00:00+02:00,160,14,146,19.89239402952506,159,13,146,17.78748005044877
2020-10-02 21:00:00+02:00,123,11,112,19.074654696202938,123,12,111,19.074654696202938
2020-10-02 22:00:00+02:00,86,8,78,21.204994436842384,85,7,78,19.289671453475872
2020-10-02 23:00:00+02:00,61,6,55,12.362973378192347,58,5,53,10.505136369992313
2020-10-03 00:00:00+02:00,37,2,35,3.5125252112896685,39,2,37,6.913338666308079
2020-10-03 01:00:00+02:00,24,1,23,0.16633697306049489,26,1,25,0.13434729751860394
2020-10-03 02:00:00+02:00,25,1,24,0.10677168789919293,26,1,25,0.13434729751860394
2020-10-03 03:00:00+02:00,38,2,36,5.960450042509954,39,2,37,6.913338666308079
2020-10-03 04:00:00+02:00,48,3,45,9.964553643509852,52,2,50,14.472017643602554
2020-10-03 05:00:00+02:00,62,4,58,14.019247608895405,65,4,61,10.13470849860639
2020-10-03 06:00:00+02:00,101,6,95,14.022694861996197,105,6,99,16.343560716114418
2020-10-03 07:00:00+02:00,147,9,138,16.306492316544293,159,10,149,19.89258263570152
2020-10-03 08:00:00+02:00,206,11,195,20.90053052788098,208,12,196,18.807092053665322
2020-10-03 09:00:00+02:00,213,14,199,20.238518600536185,223,14,209,18.802339292525456
2020-10-03 10:00:00+02:00,187,12,175,15.611538170802525,198,12,186,20.173795644408123
2020-10-03 11:00:00+02:00,152,10,142,18.686880121910534,155,8,147,18.708796369633056
2020-10-03 12:00:00+02:00,145,8,137,19.922746131926434,158,8,150,19.40470350916573
2020-10-03 13:00:00+02:00,167,9,158,19.047083059371815,172,10,162,18.863206387348974
2020-10-03 14:00:00+02:00,154,8,146,19.868163821621103,155,8,147,18.708796369633056
2020-10-03 15:00:00+02:00,169,9,160,20.526675282456768,185,10,175,20.88033942284811
2020-10-03 16:00:00+02:00,172,10,162,18.863206387348974,186,9,177,20.400698976924794
2020-10-03 17:00:00+02:00,199,12,187,19.11274068140836,209,10,199,16.60419034744366
2020-10-03 18:00:00+02:00,190,11,179,20.182913119811044,197,10,187,19.118279085736297
2020-10-03 19:00:00+02:00,146,9,137,19.4340926707284,157,8,149,19.700921436065542
2020-10-03 20:00:00+02:00,142,8,134,19.57947604189084,146,8,138,19.4340926707284
2020-10-03 21:00:00+02:00,124,7,117,14.467255533674502,129,7,122,12.81298343964759
2020-10-03 22:00:00+02:00,100,6,94,12.129363492765288,105,7,98,16.343560716114418
2020-10-03 23:00:00+02:00,49,3,46,12.126419816698254,52,2,50,14.472017643602554
2020-10-04 00:00:00+02:00,21,0,21,0.0727095127790566,25,0,25,0.10677168789919293
2020-10-04 01:00:00+02:00,14,0,14,0.0,18,0,18,0.014449312499738909
2020-10-04 02:00:00+02:00,13,0,13,0.0,18,0,18,0.014449312499738909
2020-10-04 03:00:00+02:00,20,0,20,0.04910283862897408,25,0,25,0.10677168789919293
2020-10-04 04:00:00+02:00,29,1,28,0.5419439371488394,36,1,35,2.727177547566476
2020-10-04 05:00:00+02:00,36,1,35,2.727177547566476,48,1,47,9.964553643509852
2020-10-04 06:00:00+02:00,57,2,55,11.247345675463038,74,3,71,9.886934519670994
2020-10-04 07:00:00+02:00,87,3,84,9.504121716770046,119,3,116,9.275729661817119
2020-10-04 08:00:00+02:00,110,4,106,20.964248322238312,128,4,124,16.268122259148125
2020-10-04 09:00:00+02:00,118,4,114,16.65435568776215,166,6,160,16.094287115128708
2020-10-04 10:00:00+02:00,106,4,102,19.560878716092326,149,5,144,17.937448228249327
2020-10-04 11:00:00+02:00,82,3,79,8.6962433625344,98,3,95,9.366341704429512
2020-10-04 12:00:00+02:00,86,3,83,9.565861223121674,119,3,116,9.275729661817119
2020-10-04 13:00:00+02:00,89,3,86,10.527801976587284,98,4,94,9.366341704429512
2020-10-04 14:00:00+02:00,86,3,83,9.565861223121674,119,3,116,9.275729661817119
2020-10-04 15:00:00+02:00,96,4,92,10.792244903732447,127,4,123,18.022773693841014
2020-10-04 16:00:00+02:00,97,4,93,12.91170780960746,118,4,114,16.65435568776215
2020-10-04 17:00:00+02:00,117,4,113,13.539944397802945,135,5,130,20.27811899595658
2020-10-04 18:00:00+02:00,109,4,105,18.214376818550008,139,5,134,19.408576933840735
2020-10-04 19:00:00+02:00,89,3,86,10.527801976587284,90,3,87,10.477669283936715
2020-10-04 20:00:00+02:00,74,3,71,9.886934519670994,107,4,103,12.742346635562697
2020-10-04 21:00:00+02:00,73,2,71,10.015349835153332,86,3,83,9.565861223121674
2020-10-04 22:00:00+02:00,59,2,57,11.512224289105106,74,3,71,9.886934519670994
2020-10-04 23:00:00+02:00,29,1,28,0.5419439371488394,36,1,35,2.727177547566476
2020-10-05 00:00:00+02:00,39,3,36,6.782457974710225,37,4,33,2.066086063070793
2020-10-05 01:00:00+02:00,26,2,24,1.5382661455122164,26,2,24,1.5382661455122164
2020-10-05 02:00:00+02:00,24,2,22,1.5004308879154395,26,2,24,1.5382661455122164
2020-10-05 03:00:00+02:00,37,3,34,2.066086063070793,39,4,35,6.782457974710225
2020-10-05 04:00:00+02:00,60,5,55,10.583722413773145,62,6,56,14.48690450543278
2020-10-05 05:00:00+02:00,108,10,98,14.813734676069407,112,11,101,14.898852003445265
2020-10-05 06:00:00+02:00,136,13,123,16.594078125250377,142,16,126,21.623487252479663
2020-10-05 07:00:00+02:00,226,22,204,20.308697708911414,214,23,191,18.560318290748608
2020-10-05 08:00:00+02:00,239,24,215,13.74553452780325,235,29,206,20.674840106170866
2020-10-05 09:00:00+02:00,154,16,138,23.457384968254527,151,18,133,19.408157188048275
2020-10-05 10:00:00+02:00,128,11,117,19.601953989978306,128,12,116,19.601953989978306
2020-10-05 11:00:00+02:00,152,13,139,20.188330220444417,154,15,139,23.457384968254527
2020-10-05 12:00:00+02:00,123,13,110,19.074654696202938,128,14,114,19.601953989978306
2020-10-05 13:00:00+02:00,127,11,116,19.116953333289125,125,13,112,23.026828253397017
2020-10-05 14:00:00+02:00,127,11,116,19.116953333289125,125,13,112,23.026828253397017
2020-10-05 15:00:00+02:00,139,12,127,18.732486269107348,137,15,122,18.928795118329443
2020-10-05 16:00:00+02:00,145,14,131,18.85528596371164,157,17,140,23.857880119976507
2020-10-05 17:00:00+02:00,216,21,195,21.273439412003903,220,27,193,16.758079648934128
2020-10-05 18:00:00+02:00,228,21,207,15.818609956751573,225,22,203,17.07968654570721
2020-10-05 19:00:00+02:00,168,15,153,20.304807772345505,167,18,149,21.39117903937357
2020-10-05 20:00:00+02:00,166,16,150,18.57114730689396,170,20,150,19.775542485132945
2020-10-05 21:00:00+02:00,122,13,109,20.245567873519157,131,15,116,14.183230975852695
2020-10-05 22:00:00+02:00,89,8,81,17.562315027840828,89,8,81,17.562315027840828
2020-10-05 23:00:00+02:00,63,5,58,14.929801273937542,62,6,56,14.48690450543278
2020-10-06 00:00:00+02:00,33,2,31,5.985660510090718,39,3,36,6.782457974710225
2020-10-06 01:00:00+02:00,22,1,21,0.1277873501672996,26,2,24,1.5382661455122164
2020-10-06 02:00:00+02:00,25,2,23,1.1875344360364632,27,2,25,1.9016023008994223
2020-10-06 03:00:00+02:00,38,3,35,11.101073107969722,40,4,36,5.275608835029151
2020-10-06 04:00:00+02:00,62,5,57,14.48690450543278,62,5,57,14.48690450543278
2020-10-06 05:00:00+02:00,101,8,93,11.280950715811313,121,12,109,20.317620945183666
2020-10-06 06:00:00+02:00,138,11,127,20.21600799483387,138,14,124,20.21600799483387
2020-10-06 07:00:00+02:00,192,17,175,21.295822766447603,225,21,204,17.07968654570721
2020-10-06 08:00:00+02:00,218,18,200,22.57742359713229,242,27,215,20.990360069331732
2020-10-06 09:00:00+02:00,142,13,129,21.623487252479663,164,16,148,22.827361263214527
2020-10-06 10:00:00+02:00,129,10,119,17.995114557081255,131,11,120,14.183230975852695
2020-10-06 11:00:00+02:00,142,11,131,21.623487252479663,164,16,148,22.827361263214527
2020-10-06 12:00:00+02:00,129,10,119,17.995114557081255,131,11,120,14.183230975852695
2020-10-06 13:00:00+02:00,119,9,110,22.46945513312648,129,12,117,17.995114557081255
2020-10-06 14:00:00+02:00,119,9,110,22.46945513312648,129,12,117,17.995114557081255
2020-10-06 15:00:00+02:00,130,10,120,15.65660051079879,144,12,132,22.91915418498221
2020-10-06 16:00:00+02:00,139,13,126,18.732486269107348,150,15,135,17.939622434692456
2020-10-06 17:00:00+02:00,209,17,192,22.16757043059366,224,19,205,16.30248157536985
2020-10-06 18:00:00+02:00,213,17,196,20.488166305452438,246,24,222,17.57126233227549
2020-10-06 19:00:00+02:00,153,14,139,14.915022999208679,172,15,157,19.644113972447897
2020-10-06 20:00:00+02:00,155,15,140,19.469409355748308,165,18,147,20.56038540292619
2020-10-06 21:00:00+02:00,119,11,108,22.46945513312648,129,12,117,17.995114557081255
2020-10-06 22:00:00+02:00,83,6,77,18.699193296190067,90,9,81,13.960700117154147
2020-10-06 23:00:00+02:00,58,4,54,10.505136369992313,67,7,60,12.5039951599288
2020-10-07 00:00:00+02:00,38,4,34,7.590795833711637,34,3,31,11.019687492562438
2020-10-07 01:00:00+02:00,25,3,22,4.851536786659508,25,2,23,4.851536786659508
2020-10-07 02:00:00+02:00,25,2,23,4.851536786659508,25,2,23,4.851536786659508
2020-10-07 03:00:00+02:00,38,4,34,7.590795833711637,34,3,31,11.019687492562438
2020-10-07 04:00:00+02:00,63,7,56,13.630126271531418,62,6,56,12.779859753427614
2020-10-07 05:00:00+02:00,114,13,101,17.516346710171707,112,12,100,16.537505199847164
2020-10-07 06:00:00+02:00,140,19,121,17.88117043007633,141,14,127,16.082921323202
2020-10-07 07:00:00+02:00,214,24,190,24.48806340301503,203,19,184,21.5050173548228
2020-10-07 08:00:00+02:00,226,28,198,20.105295377891462,220,27,193,18.729640796362187
2020-10-07 09:00:00+02:00,153,19,134,18.89706115395996,139,16,123,21.474746575274906
2020-10-07 10:00:00+02:00,126,17,109,16.250667590352332,123,13,110,15.262138605096247
2020-10-07 11:00:00+02:00,153,18,135,18.89706115395996,139,16,123,21.474746575274906
2020-10-07 12:00:00+02:00,126,17,109,16.250667590352332,123,13,110,15.262138605096247
2020-10-07 13:00:00+02:00,127,15,112,19.95892802947898,120,14,106,10.291257377501918
2020-10-07 14:00:00+02:00,127,16,111,19.95892802947898,120,14,106,10.291257377501918
2020-10-07 15:00:00+02:00,140,18,122,17.88117043007633,141,14,127,16.082921323202
2020-10-07 16:00:00+02:00,151,17,134,19.198981193831877,149,16,133,18.476483571588744
2020-10-07 17:00:00+02:00,217,26,191,20.47500927792046,213,24,189,16.70464389525102
2020-10-07 18:00:00+02:00,232,26,206,24.606618615768106,205,22,183,18.29833304368066
2020-10-07 19:00:00+02:00,167,22,145,16.493575022686013,154,14,140,25.102227050596255
2020-10-07 20:00:00+02:00,167,21,146,16.493575022686013,154,14,140,25.102227050596255
2020-10-07 21:00:00+02:00,129,16,113,12.321757402623772,125,13,112,14.698947587184879
2020-10-07 22:00:00+02:00,89,11,78,16.127888447212325,79,9,70,16.621554061874914
2020-10-07 23:00:00+02:00,63,8,55,13.630126271531418,62,6,56,12.779859753427614
2020-10-08 00:00:00+02:00,35,2,33,7.122002820118646,36,5,31,3.0873599992209124
2020-10-08 01:00:00+02:00,23,1,22,0.4122417358964417,25,3,22,1.1875344360364632
2020-10-08 02:00:00+02:00,25,2,23,1.1875344360364632,25,3,22,1.1875344360364632
2020-10-08 03:00:00+02:00,37,3,34,2.066086063070793,38,5,33,11.101073107969722
2020-10-08 04:00:00+02:00,59,5,54,10.572210467564378,58,7,51,10.505136369992313
2020-10-08 05:00:00+02:00,106,9,97,12.94750706735717,114,18,96,18.09348958441383
2020-10-08 06:00:00+02:00,124,11,113,17.53992981591413,129,19,110,17.995114557081255
2020-10-08 07:00:00+02:00,195,14,181,23.83440770251287,216,27,189,21.273439412003903
2020-10-08 08:00:00+02:00,212,19,193,18.597605283865732,231,33,198,16.702836426900134
2020-10-08 09:00:00+02:00,140,10,130,15.331768592489755,140,20,120,15.331768592489755
2020-10-08 10:00:00+02:00,109,9,100,14.645038576883659,117,15,102,21.891304075969387
2020-10-08 11:00:00+02:00,150,12,138,17.939622434692456,153,18,135,14.915022999208679
2020-10-08 12:00:00+02:00,115,8,107,27.52702584121565,121,19,102,20.317620945183666
2020-10-08 13:00:00+02:00,122,9,113,20.245567873519157,128,19,109,19.601953989978306
2020-10-08 14:00:00+02:00,114,8,106,18.09348958441383,121,19,102,20.317620945183666
2020-10-08 15:00:00+02:00,134,10,124,14.701306049248211,135,21,114,21.280002906629502
2020-10-08 16:00:00+02:00,149,11,138,20.003285796587473,153,18,135,14.915022999208679
2020-10-08 17:00:00+02:00,196,15,181,20.04912381427717,216,27,189,21.273439412003903
2020-10-08 18:00:00+02:00,212,19,193,18.597605283865732,231,33,198,16.702836426900134
2020-10-08 19:00:00+02:00,152,11,141,20.188330220444417,162,21,141,19.08849102929865
2020-10-08 20:00:00+02:00,165,13,152,20.56038540292619,160,24,136,19.89239402952506
2020-10-08 21:00:00+02:00,127,10,117,19.116953333289125,117,15,102,21.891304075969387
2020-10-08 22:00:00+02:00,87,7,80,17.896548892855574,85,10,75,19.289671453475872
2020-10-08 23:00:00+02:00,56,4,52,10.152150256689218,64,8,56,14.414592943793718
2020-10-09 00:00:00+02:00,38,3,35,11.101073107969722,38,4,34,11.101073107969722
2020-10-09 01:00:00+02:00,25,2,23,1.1875344360364632,25,2,23,1.1875344360364632
2020-10-09 02:00:00+02:00,25,2,23,1.1875344360364632,25,2,23,1.1875344360364632
2020-10-09 03:00:00+02:00,37,3,34,2.066086063070793,38,4,34,11.101073107969722
2020-10-09 04:00:00+02:00,63,6,57,14.929801273937542,58,5,53,10.505136369992313
2020-10-09 05:00:00+02:00,113,12,101,20.093188266697116,113,11,102,20.093188266697116
2020-10-09 06:00:00+02:00,140,13,127,15.331768592489755,129,13,116,17.995114557081255
2020-10-09 07:00:00+02:00,210,19,191,16.3212742992447,212,18,194,18.597605283865732
2020-10-09 08:00:00+02:00,228,23,205,15.818609956751573,211,19,192,18.759232281731908
2020-10-09 09:00:00+02:00,147,14,133,20.208056467665056,153,13,140,14.915022999208679
2020-10-09 10:00:00+02:00,124,11,113,17.53992981591413,117,12,105,21.891304075969387
2020-10-09 11:00:00+02:00,153,15,138,14.915022999208679,148,13,135,18.058884943386857
2020-10-09 12:00:00+02:00,129,13,116,17.995114557081255,123,10,113,19.074654696202938
2020-10-09 13:00:00+02:00,124,12,112,17.53992981591413,117,12,105,21.891304075969387
2020-10-09 14:00:00+02:00,128,12,116,19.601953989978306,123,10,113,19.074654696202938
2020-10-09 15:00:00+02:00,136,14,122,16.594078125250377,138,14,124,20.21600799483387
2020-10-09 16:00:00+02:00,145,14,131,18.85528596371164,154,15,139,23.457384968254527
2020-10-09 17:00:00+02:00,207,22,185,21.877297854955202,202,19,183,22.500350864850866
2020-10-09 18:00:00+02:00,218,21,197,22.57742359713229,227,25,202,19.269071808142694
2020-10-09 19:00:00+02:00,158,15,143,21.67102174389251,159,15,144,17.78748005044877
2020-10-09 20:00:00+02:00,160,14,146,19.89239402952506,159,13,146,17.78748005044877
2020-10-09 21:00:00+02:00,123,11,112,19.074654696202938,123,12,111,19.074654696202938
2020-10-09 22:00:00+02:00,86,8,78,21.204994436842384,85,7,78,19.289671453475872
2020-10-09 23:00:00+02:00,61,6,55,12.362973378192347,58,5,53,10.505136369992313
2020-10-10 00:00:00+02:00,37,2,35,3.5125252112896685,39,2,37,6.913338666308079
2020-10-10 01:00:00+02:00,24,1,23,0.16633697306049489,26,1,25,0.13434729751860394
2020-10-10 02:00:00+02:00,25,1,24,0.10677168789919293,26,1,25,0.13434729751860394
2020-10-10 03:00:00+02:00,38,2,36,5.960450042509954,39,2,37,6.913338666308079
2020-10-10 04:00:00+02:00,48,3,45,9.964553643509852,52,2,50,14.472017643602554
2020-10-10 05:00:00+02:00,62,4,58,14.019247608895405,65,4,61,10.13470849860639
2020-10-10 06:00:00+02:00,101,6,95,14.022694861996197,105,6,99,16.343560716114418
2020-10-10 07:00:00+02:00,147,9,138,16.306492316544293,159,10,149,19.89258263570152
2020-10-10 08:00:00+02:00,206,11,195,20.90053052788098,208,12,196,18.807092053665322
2020-10-10 09:00:00+02:00,213,14,199,20.238518600536185,223,14,209,18.802339292525456
2020-10-10 10:00:00+02:00,187,12,175,15.611538170802525,198,12,186,20.173795644408123
2020-10-10 11:00:00+02:00,152,10,142,18.686880121910534,155,8,147,18.708796369633056
2020-10-10 12:00:00+02:00,145,8,137,19.922746131926434,158,8,150,19.40470350916573
2020-10-10 13:00:00+02:00,167,9,158,19.047083059371815,172,10,162,18.863206387348974
2020-10-10 14:00:00+02:00,154,8,146,19.868163821621103,155,8,147,18.708796369633056
2020-10-10 15:00:00+02:00,169,9,160,20.526675282456768,185,10,175,20.88033942284811
2020-10-10 16:00:00+02:00,172,10,162,18.863206387348974,186,9,177,20.400698976924794
2020-10-10 17:00:00+02:00,199,12,187,19.11274068140836,209,10,199,16.60419034744366
2020-10-10 18:00:00+02:00,190,11,179,20.182913119811044,197,10,187,19.118279085736297
2020-10-10 19:00:00+02:00,146,9,137,19.4340926707284,157,8,149,19.700921436065542
2020-10-10 20:00:00+02:00,142,8,134,19.57947604189084,146,8,138,19.4340926707284
2020-10-10 21:00:00+02:00,124,7,117,14.467255533674502,129,7,122,12.81298343964759
2020-10-10 22:00:00+02:00,100,6,94,12.129363492765288,105,7,98,16.343560716114418
2020-10-10 23:00:00+02:00,49,3,46,12.126419816698254,52,2,50,14.472017643602554
2020-10-11 00:00:00+02:00,21,0,21,0.0727095127790566,25,0,25,0.10677168789919293
2020-10-11 01:00:00+02:00,14,0,14,0.0,18,0,18,0.014449312499738909
2020-10-11 02:00:00+02:00,13,0,13,0.0,18,0,18,0.014449312499738909
2020-10-11 03:00:00+02:00,20,0,20,0.04910283862897408,25,0,25,0.10677168789919293
2020-10-11 04:00:00+02:00,29,1,28,0.5419439371488394,36,1,35,2.727177547566476
2020-10-11 05:00:00+02:00,36,1,35,2.727177547566476,48,1,47,9.964553643509852
2020-10-11 06:00:00+02:00,57,2,55,11.247345675463038,74,3,71,9.886934519670994
2020-10-11 07:00:00+02:00,87,3,84,9.504121716770046,119,3,116,9.275729661817119
2020-10-11 08:00:00+02:00,110,4,106,20.964248322238312,128,4,124,16.268122259148125
2020-10-11 09:00:00+02:00,118,4,114,16.65435568776215,166,6,160,16.094287115128708
2020-10-11 10:00:00+02:00,106,4,102,19.560878716092326,149,5,144,17.937448228249327
2020-10-11 11:00:00+02:00,82,3,79,8.6962433625344,98,3,95,9.366341704429512
2020-10-11 12:00:00+02:00,86,3,83,9.565861223121674,119,3,116,9.275729661817119
2020-10-11 13:00:00+02:00,89,3,86,10.527801976587284,98,4,94,9.366341704429512
2020-10-11 14:00:00+02:00,86,3,83,9.565861223121674,119,3,116,9.275729661817119
2020-10-11 15:00:00+02:00,96,4,92,10.792244903732447,127,4,123,18.022773693841014
2020-10-11 16:00:00+02:00,97,4,93,12.91170780960746,118,4,114,16.65435568776215
2020-10-11 17:00:00+02:00,117,4,113,13.539944397802945,135,5,130,20.27811899595658
2020-10-11 18:00:00+02:00,109,4,105,18.214376818550008,139,5,134,19.408576933840735
2020-10-11 19:00:00+02:00,89,3,86,10.527801976587284,90,3,87,10.477669283936715
2020-10-11 20:00:00+02:00,74,3,71,9.886934519670994,107,4,103,12.742346635562697
2020-10-11 21:00:00+02:00,73,2,71,10.015349835153332,86,3,83,9.565861223121674
2020-10-11 22:00:00+02:00,59,2,57,11.512224289105106,74,3,71,9.886934519670994
2020-10-11 23:00:00+02:00,29,1,28,0.5419439371488394,36,1,35,2.727177547566476
2020-10-12 00:00:00+02:00,39,3,36,6.782457974710225,37,4,33,2.066086063070793
2020-10-12 01:00:00+02:00,26,2,24,1.5382661455122164,26,2,24,1.5382661455122164
2020-10-12 02:00:00+02:00,24,2,22,1.5004308879154395,26,2,24,1.5382661455122164
2020-10-12 03:00:00+02:00,37,3,34,2.066086063070793,39,4,35,6.782457974710225
2020-10-12 04:00:00+02:00,60,5,55,10.583722413773145,62,6,56,14.48690450543278
2020-10-12 05:00:00+02:00,108,10,98,14.813734676069407,112,11,101,14.898852003445265
2020-10-12 06:00:00+02:00,136,13,123,16.594078125250377,142,16,126,21.623487252479663
2020-10-12 07:00:00+02:00,226,22,204,20.308697708911414,214,23,191,18.560318290748608
2020-10-12 08:00:00+02:00,239,24,215,13.74553452780325,235,29,206,20.674840106170866
2020-10-12 09:00:00+02:00,154,16,138,23.457384968254527,151,18,133,19.408157188048275
2020-10-12 10:00:00+02:00,128,11,117,19.601953989978306,128,12,116,19.601953989978306
2020-10-12 11:00:00+02:00,152,13,139,20.188330220444417,154,15,139,23.457384968254527
2020-10-12 12:00:00+02:00,123,13,110,19.074654696202938,128,14,114,19.601953989978306
2020-10-12 13:00:00+02:00,127,11,116,19.116953333289125,125,13,112,23.026828253397017
2020-10-12 14:00:00+02:00,127,11,116,19.116953333289125,125,13,112,23.026828253397017
2020-10-12 15:00:00+02:00,139,12,127,18.732486269107348,137,15,122,18.928795118329443
2020-10-12 16:00:00+02:00,145,14,131,18.85528596371164,157,17,140,23.857880119976507
2020-10-12 17:00:00+02:00,216,21,195,21.273439412003903,220,27,193,16.758079648934128
2020-10-12 18:00:00+02:00,228,21,207,15.818609956751573,225,22,203,17.07968654570721
2020-10-12 19:00:00+02:00,168,15,153,20.304807772345505,167,18,149,21.39117903937357
2020-10-12 20:00:00+02:00,166,16,150,18.57114730689396,170,20,150,19.775542485132945
2020-10-12 21:00:00+02:00,122,13,109,20.245567873519157,131,15,116,14.183230975852695
2020-10-12 22:00:00+02:00,89,8,81,17.562315027840828,89,8,81,17.562315027840828
2020-10-12 23:00:00+02:00,63,5,58,14.929801273937542,62,6,56,14.48690450543278
2020-10-13 00:00:00+02:00,33,2,31,5.985660510090718,39,3,36,6.782457974710225
2020-10-13 01:00:00+02:00,22,1,21,0.1277873501672996,26,2,24,1.5382661455122164
2020-10-13 02:00:00+02:00,25,2,23,1.1875344360364632,27,2,25,1.9016023008994223
2020-10-13 03:00:00+02:00,38,3,35,11.101073107969722,40,4,36,5.275608835029151
2020-10-13 04:00:00+02:00,62,5,57,14.48690450543278,62,5,57,14.48690450543278
2020-10-13 05:00:00+02:00,101,8,93,11.280950715811313,121,12,109,20.317620945183666
2020-10-13 06:00:00+02:00,138,11,127,20.21600799483387,138,14,124,20.21600799483387
2020-10-13 07:00:00+02:00,192,17,175,21.295822766447603,225,21,204,17.07968654570721
2020-10-13 08:00:00+02:00,218,18,200,22.57742359713229,242,27,215,20.990360069331732
2020-10-13 09:00:00+02:00,142,13,129,21.623487252479663,164,16,148,22.827361263214527
2020-10-13 10:00:00+02:00,129,10,119,17.995114557081255,131,11,120,14.183230975852695
2020-10-13 11:00:00+02:00,142,11,131,21.623487252479663,164,16,148,22.827361263214527
2020-10-13 12:00:00+02:00,129,10,119,17.995114557081255,131,11,120,14.183230975852695
2020-10-13 13:00:00+02:00,119,9,110,22.46945513312648,129,12,117,17.995114557081255
2020-10-13 14:00:00+02:00,119,9,110,22.46945513312648,129,12,117,17.995114557081255
2020-10-13 15:00:00+02:00,130,10,120,15.65660051079879,144,12,132,22.91915418498221
2020-10-13 16:00:00+02:00,139,13,126,18.732486269107348,150,15,135,17.939622434692456
2020-10-13 17:00:00+02:00,209,17,192,22.16757043059366,224,19,205,16.30248157536985
2020-10-13 18:00:00+02:00,213,17,196,20.488166305452438,246,24,222,17.57126233227549
2020-10-13 19:00:00+02:00,153,14,139,14.915022999208679,172,15,157,19.644113972447897
2020-10-13 20:00:00+02:00,155,15,140,19.469409355748308,165,18,147,20.56038540292619
2020-10-13 21:00:00+02:00,119,11,108,22.46945513312648,129,12,117,17.995114557081255
2020-10-13 22:00:00+02:00,83,6,77,18.699193296190067,90,9,81,13.960700117154147
2020-10-13 23:00:00+02:00,58,4,54,10.505136369992313,67,7,60,12.5039951599288
2020-10-14 00:00:00+02:00,38,4,34,7.590795833711637,34,3,31,11.019687492562438
2020-10-14 01:00:00+02:00,25,3,22,4.851536786659508,25,2,23,4.851536786659508
2020-10-14 02:00:00+02:00,25,2,23,4.851536786659508,25,2,23,4.851536786659508
2020-10-14 03:00:00+02:00,38,4,34,7.590795833711637,34,3,31,11.019687492562438
2020-10-14 04:00:00+02:00,63,7,56,13.630126271531418,62,6,56,12.779859753427614
2020-10-14 05:00:00+02:00,114,13,101,17.516346710171707,112,12,100,16.537505199847164
2020-10-14 06:00:00+02:00,140,19,121,17.88117043007633,141,14,127,16.082921323202
2020-10-14 07:00:00+02:00,214,24,190,24.48806340301503,203,19,184,21.5050173548228
2020-10-14 08:00:00+02:00,226,28,198,20.105295377891462,220,27,193,18.729640796362187
2020-10-14 09:00:00+02:00,153,19,134,18.89706115395996,139,16,123,21.474746575274906
2020-10-14 10:00:00+02:00,126,17,109,16.250667590352332,123,13,110,15.262138605096247
2020-10-14 11:00:00+02:00,153,18,135,18.89706115395996,139,16,123,21.474746575274906
2020-10-14 12:00:00+02:00,126,17,109,16.250667590352332,123,13,110,15.262138605096247
2020-10-14 13:00:00+02:00,127,15,112,19.95892802947898,120,14,106,10.291257377501918
2020-10-14 14:00:00+02:00,127,16,111,19.95892802947898,120,14,106,10.291257377501918
2020-10-14 15:00:00+02:00,140,18,122,17.88117043007633,141,14,127,16.082921323202
2020-10-14 16:00:00+02:00,151,17,134,19.198981193831877,149,16,133,18.476483571588744
2020-10-14 17:00:00+02:00,217,26,191,20.47500927792046,213,24,189,16.70464389525102
2020-10-14 18:00:00+02:00,232,26,206,24.606618615768106,205,22,183,18.29833304368066
2020-10-14 19:00:00+02:00,167,22,145,16.493575022686013,154,14,140,25.102227050596255
2020-10-14 20:00:00+02:00,167,21,146,16.493575022686013,154,14,140,25.102227050596255
2020-10-14 21:00:00+02:00,129,16,113,12.321757402623772,125,13,112,14.698947587184879
2020-10-14 22:00:00+02:00,89,11,78,16.127888447212325,79,9,70,16.621554061874914
2020-10-14 23:00:00+02:00,63,8,55,13.630126271531418,62,6,56,12.779859753427614
2020-10-15 00:00:00+02:00,35,2,33,7.122002820118646,36,5,31,3.0873599992209124
2020-10-15 01:00:00+02:00,23,1,22,0.4122417358964417,25,3,22,1.1875344360364632
2020-10-15 02:00:00+02:00,25,2,23,1.1875344360364632,25,3,22,1.1875344360364632
2020-10-15 03:00:00+02:00,37,3,34,2.066086063070793,38,5,33,11.101073107969722
2020-10-15 04:00:00+02:00,59,5,54,10.572210467564378,58,7,51,10.505136369992313
2020-10-15 05:00:00+02:00,106,9,97,12.94750706735717,114,18,96,18.09348958441383
2020-10-15 06:00:00+02:00,124,11,113,17.53992981591413,129,19,110,17.995114557081255
2020-10-15 07:00:00+02:00,195,14,181,23.83440770251287,216,27,189,21.273439412003903
2020-10-15 08:00:00+02:00,212,19,193,18.597605283865732,231,33,198,16.702836426900134
2020-10-15 09:00:00+02:00,140,10,130,15.331768592489755,140,20,120,15.331768592489755
2020-10-15 10:00:00+02:00,109,9,100,14.645038576883659,117,15,102,21.891304075969387
2020-10-15 11:00:00+02:00,150,12,138,17.939622434692456,153,18,135,14.915022999208679
2020-10-15 12:00:00+02:00,115,8,107,27.52702584121565,121,19,102,20.317620945183666
2020-10-15 13:00:00+02:00,122,9,113,20.245567873519157,128,19,109,19.601953989978306
2020-10-15 14:00:00+02:00,114,8,106,18.09348958441383,121,19,102,20.317620945183666
2020-10-15 15:00:00+02:00,134,10,124,14.701306049248211,135,21,114,21.280002906629502
2020-10-15 16:00:00+02:00,149,11,138,20.003285796587473,153,18,135,14.915022999208679
2020-10-15 17:00:00+02:00,196,15,181,20.04912381427717,216,27,189,21.273439412003903
2020-10-15 18:00:00+02:00,212,19,193,18.597605283865732,231,33,198,16.702836426900134
2020-10-15 19:00:00+02:00,152,11,141,20.188330220444417,162,21,141,19.08849102929865
2020-10-15 20:00:00+02:00,165,13,152,20.56038540292619,160,24,136,19.89239402952506
2020-10-15 21:00:00+02:00,127,10,117,19.116953333289125,117,15,102,21.891304075969387
2020-10-15 22:00:00+02:00,87,7,80,17.896548892855574,85,10,75,19.289671453475872
2020-10-15 23:00:00+02:00,56,4,52,10.152150256689218,64,8,56,14.414592943793718
2020-10-16 00:00:00+02:00,38,3,35,11.101073107969722,38,4,34,11.101073107969722
2020-10-16 01:00:00+02:00,25,2,23,1.1875344360364632,25,2,23,1.1875344360364632
2020-10-16 02:00:00+02:00,25,2,23,1.1875344360364632,25,2,23,1.1875344360364632
2020-10-16 03:00:00+02:00,37,3,34,2.066086063070793,38,4,34,11.101073107969722
2020-10-16 04:00:00+02:00,63,6,57,14.929801273937542,58,5,53,10.505136369992313
2020-10-16 05:00:00+02:00,113,12,101,20.093188266697116,113,11,102,20.093188266697116
2020-10-16 06:00:00+02:00,140,13,127,15.331768592489755,129,13,116,17.995114557081255
2020-10-16 07:00:00+02:00,210,19,191,16.3212742992447,212,18,194,18.597605283865732
2020-10-16 08:00:00+02:00,228,23,205,15.818609956751573,211,19,192,18.759232281731908
2020-10-16 09:00:00+02:00,147,14,133,20.208056467665056,153,13,140,14.915022999208679
2020-10-16 10:00:00+02:00,124,11,113,17.53992981591413,117,12,105,21.891304075969387
2020-10-16 11:00:00+02:00,153,15,138,14.915022999208679,148,13,135,18.058884943386857
2020-10-16 12:00:00+02:00,129,13,116,17.995114557081255,123,10,113,19.074654696202938
2020-10-16 13:00:00+02:00,124,12,112,17.53992981591413,117,12,105,21.891304075969387
2020-10-16 14:00:00+02:00,128,12,116,19.601953989978306,123,10,113,19.074654696202938
2020-10-16 15:00:00+02:00,136,14,122,16.594078125250377,138,14,124,20.21600799483387
2020-10-16 16:00:00+02:00,145,14,131,18.85528596371164,154,15,139,23.457384968254527
2020-10-16 17:00:00+02:00,207,22,185,21.877297854955202,202,19,183,22.500350864850866
2020-10-16 18:00:00+02:00,218,21,197,22.57742359713229,227,25,202,19.269071808142694
2020-10-16 19:00:00+02:00,158,15,143,21.67102174389251,159,15,144,17.78748005044877
2020-10-16 20:00:00+02:00,160,14,146,19.89239402952506,159,13,146,17.78748005044877
2020-10-16 21:00:00+02:00,123,11,112,19.074654696202938,123,12,111,19.074654696202938
2020-10-16 22:00:00+02:00,86,8,78,21.204994436842384,85,7,78,19.289671453475872
2020-10-16 23:00:00+02:00,61,6,55,12.362973378192347,58,5,53,10.505136369992313
2020-10-17 00:00:00+02:00,37,2,35,3.5125252112896685,39,2,37,6.913338666308079
2020-10-17 01:00:00+02:00,24,1,23,0.16633697306049489,26,1,25,0.13434729751860394
2020-10-17 02:00:00+02:00,25,1,24,0.10677168789919293,26,1,25,0.13434729751860394
2020-10-17 03:00:00+02:00,38,2,36,5.960450042509954,39,2,37,6.913338666308079
2020-10-17 04:00:00+02:00,48,3,45,9.964553643509852,52,2,50,14.472017643602554
2020-10-17 05:00:00+02:00,62,4,58,14.019247608895405,65,4,61,10.13470849860639
2020-10-17 06:00:00+02:00,101,6,95,14.022694861996197,105,6,99,16.343560716114418
2020-10-17 07:00:00+02:00,147,9,138,16.306492316544293,159,10,149,19.89258263570152
2020-10-17 08:00:00+02:00,206,11,195,20.90053052788098,208,12,196,18.807092053665322
2020-10-17 09:00:00+02:00,213,14,199,20.238518600536185,223,14,209,18.802339292525456
2020-10-17 10:00:00+02:00,187,12,175,15.611538170802525,198,12,186,20.173795644408123
2020-10-17 11:00:00+02:00,152,10,142,18.686880121910534,155,8,147,18.708796369633056
2020-10-17 12:00:00+02:00,145,8,137,19.922746131926434,158,8,150,19.40470350916573
2020-10-17 13:00:00+02:00,167,9,158,19.047083059371815,172,10,162,18.863206387348974
2020-10-17 14:00:00+02:00,154,8,146,19.868163821621103,155,8,147,18.708796369633056
2020-10-17 15:00:00+02:00,169,9,160,20.526675282456768,185,10,175,20.88033942284811
2020-10-17 16:00:00+02:00,172,10,162,18.863206387348974,186,9,177,20.400698976924794
2020-10-17 17:00:00+02:00,199,12,187,19.11274068140836,209,10,199,16.60419034744366
2020-10-17 18:00:00+02:00,190,11,179,20.182913119811044,197,10,187,19.118279085736297
2020-10-17 19:00:00+02:00,146,9,137,19.4340926707284,157,8,149,19.700921436065542
2020-10-17 20:00:00+02:00,142,8,134,19.57947604189084,146,8,138,19.4340926707284
2020-10-17 21:00:00+02:00,124,7,117,14.467255533674502,129,7,122,12.81298343964759
2020-10-17 22:00:00+02:00,100,6,94,12.129363492765288,105,7,98,16.343560716114418
2020-10-17 23:00:00+02:00,49,3,46,12.126419816698254,52,2,50,14.472017643602554
2020-10-18 00:00:00+02:00,21,0,21,0.0727095127790566,25,0,25,0.10677168789919293
2020-10-18 01:00:00+02:00,14,0,14,0.0,18,0,18,0.014449312499738909
2020-10-18 02:00:00+02:00,13,0,13,0.0,18,0,18,0.014449312499738909
2020-10-18 03:00:00+02:00,20,0,20,0.04910283862897408,25,0,25,0.10677168789919293
2020-10-18 04:00:00+02:00,29,1,28,0.5419439371488394,36,1,35,2.727177547566476
2020-10-18 05:00:00+02:00,36,1,35,2.727177547566476,48,1,47,9.964553643509852
2020-10-18 06:00:00+02:00,57,2,55,11.247345675463038,74,3,71,9.886934519670994
2020-10-18 07:00:00+02:00,87,3,84,9.504121716770046,119,3,116,9.275729661817119
2020-10-18 08:00:00+02:00,110,4,106,20.964248322238312,128,4,124,16.268122259148125
2020-10-18 09:00:00+02:00,118,4,114,16.65435568776215,166,6,160,16.094287115128708
2020-10-18 10:00:00+02:00,106,4,102,19.560878716092326,149,5,144,17.937448228249327
2020-10-18 11:00:00+02:00,82,3,79,8.6962433625344,98,3,95,9.366341704429512
2020-10-18 12:00:00+02:00,86,3,83,9.565861223121674,119,3,116,9.275729661817119
2020-10-18 13:00:00+02:00,89,3,86,10.527801976587284,98,4,94,9.366341704429512
2020-10-18 14:00:00+02:00,86,3,83,9.565861223121674,119,3,116,9.275729661817119
2020-10-18 15:00:00+02:00,96,4,92,10.792244903732447,127,4,123,18.022773693841014
2020-10-18 16:00:00+02:00,97,4,93,12.91170780960746,118,4,114,16.65435568776215
2020-10-18 17:00:00+02:00,117,4,113,13.539944397802945,135,5,130,20.27811899595658
2020-10-18 18:00:00+02:00,109,4,105,18.214376818550008,139,5,134,19.408576933840735
2020-10-18 19:00:00+02:00,89,3,86,10.527801976587284,90,3,87,10.477669283936715
2020-10-18 20:00:00+02:00,74,3,71,9.886934519670994,107,4,103,12.742346635562697
2020-10-18 21:00:00+02:00,73,2,71,10.015349835153332,86,3,83,9.565861223121674
2020-10-18 22:00:00+02:00,59,2,57,11.512224289105106,74,3,71,9.886934519670994
2020-10-18 23:00:00+02:00,29,1,28,0.5419439371488394,36,1,35,2.727177547566476
2020-10-19 00:00:00+02:00,39,3,36,6.782457974710225,37,4,33,2.066086063070793
2020-10-19 01:00:00+02:00,26,2,24,1.5382661455122164,26,2,24,1.5382661455122164
2020-10-19 02:00:00+02:00,24,2,22,1.5004308879154395,26,2,24,1.5382661455122164
2020-10-19 03:00:00+02:00,37,3,34,2.066086063070793,39,4,35,6.782457974710225
2020-10-19 04:00:00+02:00,60,5,55,10.583722413773145,62,6,56,14.48690450543278
2020-10-19 05:00:00+02:00,108,10,98,14.813734676069407,112,11,101,14.898852003445265
2020-10-19 06:00:00+02:00,136,13,123,16.594078125250377,142,16,126,21.623487252479663
2020-10-19 07:00:00+02:00,226,22,204,20.308697708911414,214,23,191,18.560318290748608
2020-10-19 08:00:00+02:00,239,24,215,13.74553452780325,235,29,206,20.674840106170866
2020-10-19 09:00:00+02:00,154,16,138,23.457384968254527,151,18,133,19.408157188048275
2020-10-19 10:00:00+02:00,128,11,117,19.601953989978306,128,12,116,19.601953989978306
2020-10-19 11:00:00+02:00,152,13,139,20.188330220444417,154,15,139,23.457384968254527
2020-10-19 12:00:00+02:00,123,13,110,19.074654696202938,128,14,114,19.601953989978306
2020-10-19 13:00:00+02:00,127,11,116,19.116953333289125,125,13,112,23.026828253397017
2020-10-19 14:00:00+02:00,127,11,116,19.116953333289125,125,13,112,23.026828253397017
2020-10-19 15:00:00+02:00,139,12,127,18.732486269107348,137,15,122,18.928795118329443
2020-10-19 16:00:00+02:00,145,14,131,18.85528596371164,157,17,140,23.857880119976507
2020-10-19 17:00:00+02:00,216,21,195,21.273439412003903,220,27,193,16.758079648934128
2020-10-19 18:00:00+02:00,228,21,207,15.818609956751573,225,22,203,17.07968654570721
2020-10-19 19:00:00+02:00,168,15,153,20.304807772345505,167,18,149,21.39117903937357
2020-10-19 20:00:00+02:00,166,16,150,18.57114730689396,170,20,150,19.775542485132945
2020-10-19 21:00:00+02:00,122,13,109,20.245567873519157,131,15,116,14.183230975852695
2020-10-19 22:00:00+02:00,89,8,81,17.562315027840828,89,8,81,17.562315027840828
2020-10-19 23:00:00+02:00,63,5,58,14.929801273937542,62,6,56,14.48690450543278
2020-10-20 00:00:00+02:00,33,2,31,5.985660510090718,39,3,36,6.782457974710225
2020-10-20 01:00:00+02:00,22,1,21,0.1277873501672996,26,2,24,1.5382661455122164
2020-10-20 02:00:00+02:00,25,2,23,1.1875344360364632,27,2,25,1.9016023008994223
2020-10-20 03:00:00+02:00,38,3,35,11.101073107969722,40,4,36,5.275608835029151
2020-10-20 04:00:00+02:00,62,5,57,14.48690450543278,62,5,57,14.48690450543278
2020-10-20 05:00:00+02:00,101,8,93,11.280950715811313,121,12,109,20.317620945183666
2020-10-20 06:00:00+02:00,138,11,127,20.21600799483387,138,14,124,20.21600799483387
2020-10-20 07:00:00+02:00,192,17,175,21.295822766447603,225,21,204,17.07968654570721
2020-10-20 08:00:00+02:00,218,18,200,22.57742359713229,242,27,215,20.990360069331732
2020-10-20 09:00:00+02:00,142,13,129,21.623487252479663,164,16,148,22.827361263214527
2020-10-20 10:00:00+02:00,129,10,119,17.995114557081255,131,11,120,14.183230975852695
2020-10-20 11:00:00+02:00,142,11,131,21.623487252479663,164,16,148,22.827361263214527
2020-10-20 12:00:00+02:00,129,10,119,17.995114557081255,131,11,120,14.183230975852695
2020-10-20 13:00:00+02:00,119,9,110,22.46945513312648,129,12,117,17.995114557081255
2020-10-20 14:00:00+02:00,119,9,110,22.46945513312648,129,12,117,17.995114557081255
2020-10-20 15:00:00+02:00,130,10,120,15.65660051079879,144,12,132,22.91915418498221
2020-10-20 16:00:00+02:00,139,13,126,18.732486269107348,150,15,135,17.939622434692456
2020-10-20 17:00:00+02:00,209,17,192,22.16757043059366,224,19,205,16.30248157536985
2020-10-20 18:00:00+02:00,213,17,196,20.488166305452438,246,24,222,17.57126233227549
2020-10-20 19:00:00+02:00,153,14,139,14.915022999208679,172,15,157,19.644113972447897
2020-10-20 20:00:00+02:00,155,15,140,19.469409355748308,165,18,147,20.56038540292619
2020-10-20 21:00:00+02:00,119,11,108,22.46945513312648,129,12,117,17.995114557081255
2020-10-20 22:00:00+02:00,83,6,77,18.699193296190067,90,9,81,13.960700117154147
2020-10-20 23:00:00+02:00,58,4,54,10.505136369992313,67,7,60,12.5039951599288
2020-10-21 00:00:00+02:00,38,4,34,7.590795833711637,34,3,31,11.019687492562438
2020-10-21 01:00:00+02:00,25,3,22,4.851536786659508,25,2,23,4.851536786659508
2020-10-21 02:00:00+02:00,25,2,23,4.851536786659508,25,2,23,4.851536786659508
2020-10-21 03:00:00+02:00,38,4,34,7.590795833711637,34,3,31,11.019687492562438
2020-10-21 04:00:00+02:00,63,7,56,13.630126271531418,62,6,56,12.779859753427614
2020-10-21 05:00:00+02:00,114,13,101,17.516346710171707,112,12,100,16.537505199847164
2020-10-21 06:00:00+02:00,140,19,121,17.88117043007633,141,14,127,16.082921323202
2020-10-21 07:00:00+02:00,214,24,190,24.48806340301503,203,19,184,21.5050173548228
2020-10-21 08:00:00+02:00,226,28,198,20.105295377891462,220,27,193,18.729640796362187
2020-10-21 09:00:00+02:00,153,19,134,18.89706115395996,139,16,123,21.474746575274906
2020-10-21 10:00:00+02:00,126,17,109,16.250667590352332,123,13,110,15.262138605096247
2020-10-21 11:00:00+02:00,153,18,135,18.89706115395996,139,16,123,21.474746575274906
2020-10-21 12:00:00+02:00,126,17,109,16.250667590352332,123,13,110,15.262138605096247
2020-10-21 13:00:00+02:00,127,15,112,19.95892802947898,120,14,106,10.291257377501918
2020-10-21 14:00:00+02:00,127,16,111,19.95892802947898,120,14,106,10.291257377501918
2020-10-21 15:00:00+02:00,140,18,122,17.88117043007633,141,14,127,16.082921323202
2020-10-21 16:00:00+02:00,151,17,134,19.198981193831877,149,16,133,18.476483571588744
2020-10-21 17:00:00+02:00,217,26,191,20.47500927792046,213,24,189,16.70464389525102
2020-10-21 18:00:00+02:00,232,26,206,24.606618615768106,205,22,183,18.29833304368066
2020-10-21 19:00:00+02:00,167,22,145,16.493575022686013,154,14,140,25.102227050596255
2020-10-21 20:00:00+02:00,167,21,146,16.493575022686013,154,14,140,25.102227050596255
2020-10-21 21:00:00+02:00,129,16,113,12.321757402623772,125,13,112,14.698947587184879
2020-10-21 22:00:00+02:00,89,11,78,16.127888447212325,79,9,70,16.621554061874914
2020-10-21 23:00:00+02:00,63,8,55,13.630126271531418,62,6,56,12.779859753427614
2020-10-22 00:00:00+02:00,35,2,33,7.122002820118646,36,5,31,3.0873599992209124
2020-10-22 01:00:00+02:00,23,1,22,0.4122417358964417,25,3,22,1.1875344360364632
2020-10-22 02:00:00+02:00,25,2,23,1.1875344360364632,25,3,22,1.1875344360364632
2020-10-22 03:00:00+02:00,37,3,34,2.066086063070793,38,5,33,11.101073107969722
2020-10-22 04:00:00+02:00,59,5,54,10.572210467564378,58,7,51,10.505136369992313
2020-10-22 05:00:00+02:00,106,9,97,12.94750706735717,114,18,96,18.09348958441383
2020-10-22 06:00:00+02:00,124,11,113,17.53992981591413,129,19,110,17.995114557081255
2020-10-22 07:00:00+02:00,195,14,181,23.83440770251287,216,27,189,21.273439412003903
2020-10-22 08:00:00+02:00,212,19,193,18.597605283865732,231,33,198,16.702836426900134
2020-10-22 09:00:00+02:00,140,10,130,15.331768592489755,140,20,120,15.331768592489755
2020-10-22 10:00:00+02:00,109,9,100,14.645038576883659,117,15,102,21.891304075969387
2020-10-22 11:00:00+02:00,150,12,138,17.939622434692456,153,18,135,14.915022999208679
2020-10-22 12:00:00+02:00,115,8,107,27.52702584121565,121,19,102,20.317620945183666
2020-10-22 13:00:00+02:00,122,9,113,20.245567873519157,128,19,109,19.601953989978306
2020-10-22 14:00:00+02:00,114,8,106,18.09348958441383,121,19,102,20.317620945183666
2020-10-22 15:00:00+02:00,134,10,124,14.701306049248211,135,21,114,21.280002906629502
2020-10-22 16:00:00+02:00,149,11,138,20.003285796587473,153,18,135,14.915022999208679
2020-10-22 17:00:00+02:00,196,15,181,20.04912381427717,216,27,189,21.273439412003903
2020-10-22 18:00:00+02:00,212,19,193,18.597605283865732,231,33,198,16.702836426900134
2020-10-22 19:00:00+02:00,152,11,141,20.188330220444417,162,21,141,19.08849102929865
2020-10-22 20:00:00+02:00,165,13,152,20.56038540292619,160,24,136,19.89239402952506
2020-10-22 21:00:00+02:00,127,10,117,19.116953333289125,117,15,102,21.891304075969387
2020-10-22 22:00:00+02:00,87,7,80,17.896548892855574,85,10,75,19.289671453475872
2020-10-22 23:00:00+02:00,56,4,52,10.152150256689218,64,8,56,14.414592943793718
2020-10-23 00:00:00+02:00,89,6,83,10.527801976587284,81,6,75,13.380409900215524
2020-10-23 01:00:00+02:00,59,4,55,11.512224289105106,58,4,54,11.561797090249616
2020-10-23 02:00:00+02:00,55,3,52,10.027044718132117,53,3,50,12.671576687621188
2020-10-23 03:00:00+02:00,88,5,83,8.437594054986977,80,5,75,12.9514806028411
2020-10-23 04:00:00+02:00,147,10,137,16.306492316544293,148,11,137,21.655119289441767
2020-10-23 05:00:00+02:00,255,17,238,13.80583098758932,262,20,242,13.900090096773878
2020-10-23 06:00:00+02:00,311,20,291,18.777054340822975,301,21,280,20.607812327110423
2020-10-23 07:00:00+02:00,483,32,451,16.739079897917865,489,35,454,20.73788413871882
2020-10-23 08:00:00+02:00,528,38,490,15.389090213676,520,32,488,16.742850474175178
2020-10-23 09:00:00+02:00,353,22,331,19.24169978578992,346,27,319,17.93974987663749
2020-10-23 10:00:00+02:00,292,21,271,17.87884891495493,274,16,258,20.52791870989968
2020-10-23 11:00:00+02:00,356,27,329,20.05958990150746,336,26,310,15.374523455613796
2020-10-23 12:00:00+02:00,290,18,272,19.079826100657762,274,16,258,20.52791870989968
2020-10-23 13:00:00+02:00,296,22,274,18.406113827007673,275,17,258,20.236154766209
2020-10-23 14:00:00+02:00,286,21,265,20.747694740560487,289,20,269,18.938144972747136
2020-10-23 15:00:00+02:00,309,19,290,20.22531439412751,308,19,289,19.852115147138527
2020-10-23 16:00:00+02:00,337,23,314,20.189680789887703,339,21,318,18.9351903306688
2020-10-23 17:00:00+02:00,487,37,450,20.801132823441247,478,35,443,18.951044700892695
2020-10-23 18:00:00+02:00,531,38,493,16.61168707204345,520,32,488,16.742850474175178
2020-10-23 19:00:00+02:00,382,24,358,19.156893019800307,351,24,327,17.103376818692087
2020-10-23 20:00:00+02:00,376,26,350,20.486350839145686,374,26,348,18.684901759797462
2020-10-23 21:00:00+02:00,293,20,273,17.329297501722674,275,17,258,20.236154766209
2020-10-23 22:00:00+02:00,200,15,185,21.668114478408352,197,12,185,19.118279085736297
2020-10-23 23:00:00+02:00,140,9,131,15.157104538016958,147,10,137,16.306492316544293
2020-10-24 00:00:00+02:00,87,4,83,8.649060159237054,90,3,87,12.04976592707574
2020-10-24 01:00:00+02:00,56,2,54,10.346038335995651,60,2,58,9.531765775161311
2020-10-24 02:00:00+02:00,58,2,56,9.553390843343198,61,2,59,9.5626665158603
2020-10-24 03:00:00+02:00,86,3,83,12.26433019639111,89,3,86,12.641197664806798
2020-10-24 04:00:00+02:00,113,4,109,15.421761430074353,119,5,114,15.920539807049082
2020-10-24 05:00:00+02:00,142,6,136,19.35907871517687,150,6,144,17.56592584239261
2020-10-24 06:00:00+02:00,222,9,213,14.063275896744535,240,10,230,21.48004742484552
2020-10-24 07:00:00+02:00,348,16,332,19.874294449784557,364,13,351,18.504116434485987
2020-10-24 08:00:00+02:00,457,18,439,20.79697956139564,483,19,464,16.492177012527787
2020-10-24 09:00:00+02:00,483,21,462,16.492177012527787,510,22,488,18.010144564850417
2020-10-24 10:00:00+02:00,441,18,423,19.94179355487717,454,20,434,17.366685623737915
2020-10-24 11:00:00+02:00,336,13,323,15.958874822620459,362,16,346,20.127656808136514
2020-10-24 12:00:00+02:00,341,14,327,13.9787487722985,359,13,346,17.04512783310755
2020-10-24 13:00:00+02:00,365,16,349,13.841509085955579,394,14,380,19.8712593326221
2020-10-24 14:00:00+02:00,336,16,320,15.958874822620459,362,16,346,20.127656808136514
2020-10-24 15:00:00+02:00,398,16,382,15.528833477752881,428,20,408,16.577822504859213
2020-10-24 16:00:00+02:00,396,18,378,21.767956053046117,417,19,398,13.5483310227481
2020-10-24 17:00:00+02:00,448,19,429,17.728608778998222,484,18,466,17.77003244566044
2020-10-24 18:00:00+02:00,426,19,407,17.1824615006757,448,16,432,17.728608778998222
2020-10-24 19:00:00+02:00,347,14,333,21.10654626064635,365,16,349,13.841509085955579
2020-10-24 20:00:00+02:00,319,12,307,17.902844208586608,333,12,321,20.32010801444679
2020-10-24 21:00:00+02:00,279,12,267,15.28199041222322,302,12,290,15.388460750733547
2020-10-24 22:00:00+02:00,222,10,212,14.063275896744535,240,10,230,21.48004742484552
2020-10-24 23:00:00+02:00,116,5,111,17.832223695878813,120,4,116,16.653205610761642
2020-10-25 00:00:00+02:00,47,1,46,2.664600317822904,67,1,66,8.7820789764259
2020-10-25 01:00:00+02:00,33,0,33,0.14141575834347447,44,1,43,2.806526197564455
2020-10-25 02:00:00+02:00,32,0,32,0.12831157668520077,39,1,38,1.033561008980209
2020-10-25 03:00:00+01:00,50,1,49,6.888281919943848,67,1,66,8.7820789764259
2020-10-25 04:00:00+01:00,66,1,65,9.023232667771104,81,2,79,13.57081910214519
2020-10-25 05:00:00+01:00,83,2,81,14.646378896367615,86,2,84,12.26433019639111
2020-10-25 06:00:00+01:00,123,3,120,15.194143124406915,158,4,154,15.520682112145103
2020-10-25 07:00:00+01:00,203,5,198,14.15515549868705,207,5,202,15.748956490487041
2020-10-25 08:00:00+01:00,273,7,266,21.28577278040721,270,7,263,17.22476411837893
2020-10-25 09:00:00+01:00,271,7,264,18.609144291774015,320,7,313,16.959865599813572
2020-10-25 10:00:00+01:00,231,6,225,23.040251819935676,257,6,251,15.41589678734927
2020-10-25 11:00:00+01:00,195,5,190,17.033571067166147,275,8,267,15.101857250184825
2020-10-25 12:00:00+01:00,185,5,180,12.907917224661341,268,8,260,18.728976419565118
2020-10-25 13:00:00+01:00,207,5,202,15.748956490487041,244,5,239,21.645479919989064
2020-10-25 14:00:00+01:00,186,4,182,14.883580611736797,245,5,240,18.743839545838085
2020-10-25 15:00:00+01:00,217,5,212,17.475217936101426,278,6,272,18.588750350595824
2020-10-25 16:00:00+01:00,223,6,217,14.162371988477169,273,8,265,21.28577278040721
2020-10-25 17:00:00+01:00,247,7,240,19.35438042774601,334,9,325,16.121444874138597
2020-10-25 18:00:00+01:00,233,6,227,19.131071941994424,257,6,251,15.41589678734927
2020-10-25 19:00:00+01:00,195,5,190,17.033571067166147,275,8,267,15.101857250184825
2020-10-25 20:00:00+01:00,170,4,166,17.360183949342197,201,4,197,13.923110814237354
2020-10-25 21:00:00+01:00,158,4,154,15.520682112145103,229,5,224,17.77127130389445
2020-10-25 22:00:00+01:00,124,3,121,16.092127235524575,158,4,154,15.520682112145103
2020-10-25 23:00:00+01:00,67,1,66,8.7820789764259,86,2,84,12.26433019639111
2020-10-26 00:00:00+01:00,84,5,79,7.6306798135980785,91,8,83,8.844154374326946
2020-10-26 01:00:00+01:00,58,3,55,11.561797090249616,57,4,53,11.247345675463038
2020-10-26 02:00:00+01:00,59,4,55,11.512224289105106,60,4,56,12.98342242386016
2020-10-26 03:00:00+01:00,89,6,83,10.527801976587284,86,7,79,9.565861223121674
2020-10-26 04:00:00+01:00,153,9,144,18.67945251137068,143,9,134,15.49985590484046
2020-10-26 05:00:00+01:00,273,19,254,23.139691796211615,266,23,243,15.200054248100818
2020-10-26 06:00:00+01:00,336,23,313,15.374523455613796,329,21,308,20.177718732958198
2020-10-26 07:00:00+01:00,512,34,478,16.667622950500245,503,41,462,20.681117537709245
2020-10-26 08:00:00+01:00,537,41,496,17.84682050697329,523,43,480,15.86377141768892
2020-10-26 09:00:00+01:00,361,24,337,18.385612781936853,367,27,340,16.178745311566107
2020-10-26 10:00:00+01:00,286,19,267,20.747694740560487,297,22,275,17.48190242862812
2020-10-26 11:00:00+01:00,340,25,315,14.37984208663957,346,28,318,17.93974987663749
2020-10-26 12:00:00+01:00,305,22,283,21.145143787586594,294,21,273,17.632695676481745
2020-10-26 13:00:00+01:00,285,18,267,19.95607218889837,297,22,275,17.48190242862812
2020-10-26 14:00:00+01:00,283,21,262,18.945435241048195,292,20,272,17.87884891495493
2020-10-26 15:00:00+01:00,312,20,292,17.101813661047903,335,27,308,21.63506552863301
2020-10-26 16:00:00+01:00,361,24,337,18.385612781936853,367,27,340,16.178745311566107
2020-10-26 17:00:00+01:00,487,32,455,20.801132823441247,515,42,473,18.515381952439686
2020-10-26 18:00:00+01:00,520,38,482,16.742850474175178,546,37,509,22.692406056572345
2020-10-26 19:00:00+01:00,376,24,352,20.486350839145686,394,30,364,20.620478231973475
2020-10-26 20:00:00+01:00,375,26,349,21.145699806578275,397,27,370,17.649629378165546
2020-10-26 21:00:00+01:00,283,21,262,18.945435241048195,292,20,272,17.87884891495493
2020-10-26 22:00:00+01:00,199,12,187,19.11274068140836,206,14,192,20.90053052788098
2020-10-26 23:00:00+01:00,143,10,133,15.49985590484046,151,12,139,19.14578123638998
2020-10-27 00:00:00+01:00,89,5,84,10.527801976587284,87,6,81,9.504121716770046
2020-10-27 01:00:00+01:00,57,3,54,11.247345675463038,61,4,57,13.45123014142322
2020-10-27 02:00:00+01:00,58,3,55,11.561797090249616,57,3,54,11.247345675463038
2020-10-27 03:00:00+01:00,88,6,82,8.437594054986977,86,5,81,9.565861223121674
2020-10-27 04:00:00+01:00,143,8,135,15.49985590484046,157,11,146,19.700921436065542
2020-10-27 05:00:00+01:00,262,15,247,13.900090096773878,268,16,252,20.190442141402777
2020-10-27 06:00:00+01:00,314,19,295,19.77016372636934,347,27,320,19.911580344317716
2020-10-27 07:00:00+01:00,476,32,444,20.090041264055532,516,34,482,18.189169879710622
2020-10-27 08:00:00+01:00,525,31,494,20.014875638820815,559,36,523,16.28017139379397
2020-10-27 09:00:00+01:00,339,21,318,18.9351903306688,366,29,337,16.269939741661524
2020-10-27 10:00:00+01:00,294,18,276,17.632695676481745,294,18,276,17.632695676481745
2020-10-27 11:00:00+01:00,319,18,301,23.232042011552885,354,23,331,22.475031570210557
2020-10-27 12:00:00+01:00,286,17,269,20.747694740560487,308,21,287,19.852115147138527
2020-10-27 13:00:00+01:00,264,16,248,17.866837611646663,306,18,288,16.19476586954662
2020-10-27 14:00:00+01:00,264,16,248,17.866837611646663,306,18,288,16.19476586954662
2020-10-27 15:00:00+01:00,291,18,273,14.14711867692869,339,25,314,18.9351903306688
2020-10-27 16:00:00+01:00,331,23,308,19.942495480727644,373,24,349,16.839124812955344
2020-10-27 17:00:00+01:00,493,31,462,15.790488496822915,501,34,467,17.91816636651384
2020-10-27 18:00:00+01:00,522,34,488,17.418929457126325,563,33,530,20.57076110354256
2020-10-27 19:00:00+01:00,375,22,353,21.145699806578275,380,29,351,20.736920018387448
2020-10-27 20:00:00+01:00,364,23,341,14.261868127983336,384,25,359,20.93762948810624
2020-10-27 21:00:00+01:00,289,18,271,18.938144972747136,294,18,276,17.632695676481745
2020-10-27 22:00:00+01:00,186,11,175,20.400698976924794,212,14,198,14.709005856097448
2020-10-27 23:00:00+01:00,139,9,130,19.408576933840735,157,11,146,19.700921436065542
2020-10-28 00:00:00+01:00,88,7,81,14.606173107577572,80,6,74,19.781178022419223
2020-10-28 01:00:00+01:00,58,4,54,10.220927905289535,58,4,54,10.220927905289535
2020-10-28 02:00:00+01:00,59,5,54,11.41076069350512,56,4,52,12.708841385488384
2020-10-28 03:00:00+01:00,87,8,79,17.188718365321975,85,6,79,11.338371679676618
2020-10-28 04:00:00+01:00,146,12,134,18.754590489717035,141,10,131,16.082921323202
2020-10-28 05:00:00+01:00,261,21,240,22.290397298498814,250,17,233,16.748276094261186
2020-10-28 06:00:00+01:00,319,28,291,24.01334617415068,298,20,278,21.055661887973457
2020-10-28 07:00:00+01:00,493,45,448,19.413114642597456,476,33,443,21.264665184026093
2020-10-28 08:00:00+01:00,519,41,478,17.770207620206634,523,35,488,19.232400876414125
2020-10-28 09:00:00+01:00,353,33,320,16.072474715915927,328,26,302,18.98715264551659
2020-10-28 10:00:00+01:00,296,26,270,17.230558324905093,269,19,250,18.12289110818214
2020-10-28 11:00:00+01:00,351,32,319,21.009303371553763,333,22,311,20.360845500171493
2020-10-28 12:00:00+01:00,296,28,268,17.230558324905093,269,19,250,18.12289110818214
2020-10-28 13:00:00+01:00,293,27,266,20.77933514509894,281,22,259,16.495274317847883
2020-10-28 14:00:00+01:00,294,26,268,24.118136039782872,271,19,252,21.366756148139427
2020-10-28 15:00:00+01:00,324,28,296,25.318103431421573,291,22,269,15.818920682290248
2020-10-28 16:00:00+01:00,356,33,323,15.115185640587857,323,28,295,20.660649403872643
2020-10-28 17:00:00+01:00,493,39,454,19.413114642597456,476,33,443,21.264665184026093
2020-10-28 18:00:00+01:00,519,41,478,17.770207620206634,523,35,488,19.232400876414125
2020-10-28 19:00:00+01:00,382,36,346,20.636704160930535,356,24,332,15.115185640587857
2020-10-28 20:00:00+01:00,377,36,341,22.934146173926393,345,26,319,20.188429732979824
2020-10-28 21:00:00+01:00,293,24,269,20.77933514509894,281,22,259,16.495274317847883
2020-10-28 22:00:00+01:00,206,18,188,26.316276075539704,185,14,171,13.724989686195345
2020-10-28 23:00:00+01:00,144,11,133,16.028123717603865,129,10,119,12.321757402623772
2020-10-29 00:00:00+01:00,85,4,81,9.516934044829473,89,7,82,10.527801976587284
2020-10-29 01:00:00+01:00,51,3,48,13.024781207847502,57,6,51,11.247345675463038
2020-10-29 02:00:00+01:00,58,3,55,11.561797090249616,53,5,48,12.671576687621188
2020-10-29 03:00:00+01:00,74,4,70,9.886934519670994,88,9,79,8.437594054986977
2020-10-29 04:00:00+01:00,125,7,118,11.899638158178501,140,15,125,15.157104538016958
2020-10-29 05:00:00+01:00,263,13,250,18.06193495748254,251,22,229,17.440368481170164
2020-10-29 06:00:00+01:00,324,20,304,18.672846971084997,304,27,277,24.382586098170826
2020-10-29 07:00:00+01:00,438,26,412,18.033066079167238,468,47,421,19.201560947119127
2020-10-29 08:00:00+01:00,524,28,496,18.41315419537223,529,45,484,16.649089834553955
2020-10-29 09:00:00+01:00,348,18,330,18.741511759901247,354,37,317,22.475031570210557
2020-10-29 10:00:00+01:00,272,17,255,21.117195423222,281,25,256,18.053311879599764
2020-10-29 11:00:00+01:00,301,18,283,20.607812327110423,338,31,307,21.621773010719025
2020-10-29 12:00:00+01:00,284,18,266,16.935782048371557,278,25,253,19.287262138921047
2020-10-29 13:00:00+01:00,274,15,259,20.52791870989968,281,25,256,18.053311879599764
2020-10-29 14:00:00+01:00,250,15,235,19.251014174910523,273,25,248,23.139691796211615
2020-10-29 15:00:00+01:00,310,19,291,15.258998808795859,301,30,271,20.607812327110423
2020-10-29 16:00:00+01:00,331,18,313,19.942495480727644,350,32,318,19.39294883514927
2020-10-29 17:00:00+01:00,458,25,433,23.935839893982745,465,40,425,21.293065375383044
2020-10-29 18:00:00+01:00,448,24,424,19.19628206057244,498,50,448,14.222982449555595
2020-10-29 19:00:00+01:00,331,19,312,19.942495480727644,379,35,344,19.424797748224545
2020-10-29 20:00:00+01:00,380,22,358,20.736920018387448,377,38,339,20.61326270709296
2020-10-29 21:00:00+01:00,292,17,275,17.87884891495493,274,24,250,20.52791870989968
2020-10-29 22:00:00+01:00,192,10,182,17.31696395349906,204,22,182,20.27930898180519
2020-10-29 23:00:00+01:00,148,8,140,21.655119289441767,140,14,126,15.157104538016958
2020-10-30 00:00:00+01:00,88,6,82,8.437594054986977,80,5,75,12.9514806028411
2020-10-30 01:00:00+01:00,58,4,54,11.561797090249616,53,3,50,12.671576687621188
2020-10-30 02:00:00+01:00,58,3,55,11.561797090249616,53,3,50,12.671576687621188
2020-10-30 03:00:00+01:00,88,5,83,8.437594054986977,80,5,75,12.9514806028411
2020-10-30 04:00:00+01:00,147,10,137,16.306492316544293,148,11,137,21.655119289441767
2020-10-30 05:00:00+01:00,255,17,238,13.80583098758932,262,20,242,13.900090096773878
2020-10-30 06:00:00+01:00,311,20,291,18.777054340822975,301,21,280,20.607812327110423
2020-10-30 07:00:00+01:00,483,32,451,16.739079897917865,489,35,454,20.73788413871882
2020-10-30 08:00:00+01:00,528,38,490,15.389090213676,520,32,488,16.742850474175178
2020-10-30 09:00:00+01:00,353,22,331,19.24169978578992,346,27,319,17.93974987663749
2020-10-30 10:00:00+01:00,292,21,271,17.87884891495493,274,16,258,20.52791870989968
2020-10-30 11:00:00+01:00,356,27,329,20.05958990150746,336,26,310,15.374523455613796
2020-10-30 12:00:00+01:00,290,18,272,19.079826100657762,274,16,258,20.52791870989968
2020-10-30 13:00:00+01:00,296,22,274,18.406113827007673,275,17,258,20.236154766209
2020-10-30 14:00:00+01:00,286,21,265,20.747694740560487,289,20,269,18.938144972747136
2020-10-30 15:00:00+01:00,309,19,290,20.22531439412751,308,19,289,19.852115147138527
2020-10-30 16:00:00+01:00,337,23,314,20.189680789887703,339,21,318,18.9351903306688
2020-10-30 17:00:00+01:00,487,37,450,20.801132823441247,478,35,443,18.951044700892695
2020-10-30 18:00:00+01:00,531,38,493,16.61168707204345,520,32,488,16.742850474175178
2020-10-30 19:00:00+01:00,382,24,358,19.156893019800307,351,24,327,17.103376818692087
2020-10-30 20:00:00+01:00,376,26,350,20.486350839145686,374,26,348,18.684901759797462
2020-10-30 21:00:00+01:00,293,20,273,17.329297501722674,275,17,258,20.236154766209
2020-10-30 22:00:00+01:00,200,15,185,21.668114478408352,197,12,185,19.118279085736297
2020-10-30 23:00:00+01:00,140,9,131,15.157104538016958,147,10,137,16.306492316544293
2020-10-31 00:00:00+01:00,87,4,83,8.649060159237054,90,3,87,12.04976592707574
2020-10-31 01:00:00+01:00,56,2,54,10.346038335995651,60,2,58,9.531765775161311
2020-10-31 02:00:00+01:00,58,2,56,9.553390843343198,61,2,59,9.5626665158603
2020-10-31 03:00:00+01:00,86,3,83,12.26433019639111,89,3,86,12.641197664806798
2020-10-31 04:00:00+01:00,113,4,109,15.421761430074353,119,5,114,15.920539807049082
2020-10-31 05:00:00+01:00,142,6,136,19.35907871517687,150,6,144,17.56592584239261
2020-10-31 06:00:00+01:00,222,9,213,14.063275896744535,240,10,230,21.48004742484552
2020-10-31 07:00:00+01:00,348,16,332,19.874294449784557,364,13,351,18.504116434485987
2020-10-31 08:00:00+01:00,457,18,439,20.79697956139564,483,19,464,16.492177012527787
2020-10-31 09:00:00+01:00,483,21,462,16.492177012527787,510,22,488,18.010144564850417
2020-10-31 10:00:00+01:00,441,18,423,19.94179355487717,454,20,434,17.366685623737915
2020-10-31 11:00:00+01:00,336,13,323,15.958874822620459,362,16,346,20.127656808136514
2020-10-31 12:00:00+01:00,341,14,327,13.9787487722985,359,13,346,17.04512783310755
2020-10-31 13:00:00+01:00,365,16,349,13.841509085955579,394,14,380,19.8712593326221
2020-10-31 14:00:00+01:00,336,16,320,15.958874822620459,362,16,346,20.127656808136514
2020-10-31 15:00:00+01:00,398,16,382,15.528833477752881,428,20,408,16.577822504859213
2020-10-31 16:00:00+01:00,396,18,378,21.767956053046117,417,19,398,13.5483310227481
2020-10-31 17:00:00+01:00,448,19,429,17.728608778998222,484,18,466,17.77003244566044
2020-10-31 18:00:00+01:00,426,19,407,17.1824615006757,448,16,432,17.728608778998222
2020-10-31 19:00:00+01:00,347,14,333,21.10654626064635,365,16,349,13.841509085955579
2020-10-31 20:00:00+01:00,319,12,307,17.902844208586608,333,12,321,20.32010801444679
2020-10-31 21:00:00+01:00,279,12,267,15.28199041222322,302,12,290,15.388460750733547
2020-10-31 22:00:00+01:00,222,10,212,14.063275896744535,240,10,230,21.48004742484552
2020-10-31 23:00:00+01:00,116,5,111,17.832223695878813,120,4,116,16.653205610761642
2020-11-01 00:00:00+01:00,47,1,46,2.664600317822904,67,1,66,8.7820789764259
2020-11-01 01:00:00+01:00,33,0,33,0.14141575834347447,44,1,43,2.806526197564455
2020-11-01 02:00:00+01:00,32,0,32,0.12831157668520077,39,1,38,1.033561008980209
2020-11-01 03:00:00+01:00,50,1,49,6.888281919943848,67,1,66,8.7820789764259
2020-11-01 04:00:00+01:00,66,1,65,9.023232667771104,81,2,79,13.57081910214519
2020-11-01 05:00:00+01:00,83,2,81,14.646378896367615,86,2,84,12.26433019639111
2020-11-01 06:00:00+01:00,123,3,120,15.194143124406915,158,4,154,15.520682112145103
2020-11-01 07:00:00+01:00,203,5,198,14.15515549868705,207,5,202,15.748956490487041
2020-11-01 08:00:00+01:00,273,7,266,21.28577278040721,270,7,263,17.22476411837893
2020-11-01 09:00:00+01:00,271,7,264,18.609144291774015,320,7,313,16.959865599813572
2020-11-01 10:00:00+01:00,231,6,225,23.040251819935676,257,6,251,15.41589678734927
2020-11-01 11:00:00+01:00,195,5,190,17.033571067166147,275,8,267,15.101857250184825
2020-11-01 12:00:00+01:00,185,5,180,12.907917224661341,268,8,260,18.728976419565118
2020-11-01 13:00:00+01:00,207,5,202,15.748956490487041,244,5,239,21.645479919989064
2020-11-01 14:00:00+01:00,186,4,182,14.883580611736797,245,5,240,18.743839545838085
2020-11-01 15:00:00+01:00,217,5,212,17.475217936101426,278,6,272,18.588750350595824
2020-11-01 16:00:00+01:00,223,6,217,14.162371988477169,273,8,265,21.28577278040721
2020-11-01 17:00:00+01:00,247,7,240,19.35438042774601,334,9,325,16.121444874138597
2020-11-01 18:00:00+01:00,233,6,227,19.131071941994424,257,6,251,15.41589678734927
2020-11-01 19:00:00+01:00,195,5,190,17.033571067166147,275,8,267,15.101857250184825
2020-11-01 20:00:00+01:00,170,4,166,17.360183949342197,201,4,197,13.923110814237354
2020-11-01 21:00:00+01:00,158,4,154,15.520682112145103,229,5,224,17.77127130389445
2020-11-01 22:00:00+01:00,124,3,121,16.092127235524575,158,4,154,15.520682112145103
2020-11-01 23:00:00+01:00,67,1,66,8.7820789764259,86,2,84,12.26433019639111
2020-11-02 00:00:00+01:00,84,5,79,7.6306798135980785,91,8,83,8.844154374326946
2020-11-02 01:00:00+01:00,58,3,55,11.561797090249616,57,4,53,11.247345675463038
2020-11-02 02:00:00+01:00,59,4,55,11.512224289105106,60,4,56,12.98342242386016
2020-11-02 03:00:00+01:00,89,6,83,10.527801976587284,86,7,79,9.565861223121674
2020-11-02 04:00:00+01:00,153,9,144,18.67945251137068,143,9,134,15.49985590484046
2020-11-02 05:00:00+01:00,273,19,254,23.139691796211615,266,23,243,15.200054248100818
2020-11-02 06:00:00+01:00,336,23,313,15.374523455613796,329,21,308,20.177718732958198
2020-11-02 07:00:00+01:00,512,34,478,16.667622950500245,503,41,462,20.681117537709245
2020-11-02 08:00:00+01:00,537,41,496,17.84682050697329,523,43,480,15.86377141768892
2020-11-02 09:00:00+01:00,361,24,337,18.385612781936853,367,27,340,16.178745311566107
2020-11-02 10:00:00+01:00,286,19,267,20.747694740560487,297,22,275,17.48190242862812
2020-11-02 11:00:00+01:00,340,25,315,14.37984208663957,346,28,318,17.93974987663749
2020-11-02 12:00:00+01:00,305,22,283,21.145143787586594,294,21,273,17.632695676481745
2020-11-02 13:00:00+01:00,285,18,267,19.95607218889837,297,22,275,17.48190242862812
2020-11-02 14:00:00+01:00,283,21,262,18.945435241048195,292,20,272,17.87884891495493
2020-11-02 15:00:00+01:00,312,20,292,17.101813661047903,335,27,308,21.63506552863301
2020-11-02 16:00:00+01:00,361,24,337,18.385612781936853,367,27,340,16.178745311566107
2020-11-02 17:00:00+01:00,487,32,455,20.801132823441247,515,42,473,18.515381952439686
2020-11-02 18:00:00+01:00,520,38,482,16.742850474175178,546,37,509,22.692406056572345
2020-11-02 19:00:00+01:00,376,24,352,20.486350839145686,394,30,364,20.620478231973475
2020-11-02 20:00:00+01:00,375,26,349,21.145699806578275,397,27,370,17.649629378165546
2020-11-02 21:00:00+01:00,283,21,262,18.945435241048195,292,20,272,17.87884891495493
2020-11-02 22:00:00+01:00,199,12,187,19.11274068140836,206,14,192,20.90053052788098
2020-11-02 23:00:00+01:00,143,10,133,15.49985590484046,151,12,139,19.14578123638998
2020-11-03 00:00:00+01:00,89,5,84,10.527801976587284,87,6,81,9.504121716770046
2020-11-03 01:00:00+01:00,57,3,54,11.247345675463038,61,4,57,13.45123014142322
2020-11-03 02:00:00+01:00,58,3,55,11.561797090249616,57,3,54,11.247345675463038
2020-11-03 03:00:00+01:00,88,6,82,8.437594054986977,86,5,81,9.565861223121674
2020-11-03 04:00:00+01:00,143,8,135,15.49985590484046,157,11,146,19.700921436065542
2020-11-03 05:00:00+01:00,262,15,247,13.900090096773878,268,16,252,20.190442141402777
2020-11-03 06:00:00+01:00,314,19,295,19.77016372636934,347,27,320,19.911580344317716
2020-11-03 07:00:00+01:00,476,32,444,20.090041264055532,516,34,482,18.189169879710622
2020-11-03 08:00:00+01:00,525,31,494,20.014875638820815,559,36,523,16.28017139379397
2020-11-03 09:00:00+01:00,339,21,318,18.9351903306688,366,29,337,16.269939741661524
2020-11-03 10:00:00+01:00,294,18,276,17.632695676481745,294,18,276,17.632695676481745
2020-11-03 11:00:00+01:00,319,18,301,23.232042011552885,354,23,331,22.475031570210557
2020-11-03 12:00:00+01:00,286,17,269,20.747694740560487,308,21,287,19.852115147138527
2020-11-03 13:00:00+01:00,264,16,248,17.866837611646663,306,18,288,16.19476586954662
2020-11-03 14:00:00+01:00,264,16,248,17.866837611646663,306,18,288,16.19476586954662
2020-11-03 15:00:00+01:00,291,18,273,14.14711867692869,339,25,314,18.9351903306688
2020-11-03 16:00:00+01:00,331,23,308,19.942495480727644,373,24,349,16.839124812955344
2020-11-03 17:00:00+01:00,493,31,462,15.790488496822915,501,34,467,17.91816636651384
2020-11-03 18:00:00+01:00,522,34,488,17.418929457126325,563,33,530,20.57076110354256
2020-11-03 19:00:00+01:00,375,22,353,21.145699806578275,380,29,351,20.736920018387448
2020-11-03 20:00:00+01:00,364,23,341,14.261868127983336,384,25,359,20.93762948810624
2020-11-03 21:00:00+01:00,289,18,271,18.938144972747136,294,18,276,17.632695676481745
2020-11-03 22:00:00+01:00,186,11,175,20.400698976924794,212,14,198,14.709005856097448
2020-11-03 23:00:00+01:00,139,9,130,19.408576933840735,157,11,146,19.700921436065542
2020-11-04 00:00:00+01:00,88,7,81,14.606173107577572,80,6,74,19.781178022419223
2020-11-04 01:00:00+01:00,58,4,54,10.220927905289535,58,4,54,10.220927905289535
2020-11-04 02:00:00+01:00,59,5,54,11.41076069350512,56,4,52,12.708841385488384
2020-11-04 03:00:00+01:00,87,8,79,17.188718365321975,85,6,79,11.338371679676618
2020-11-04 04:00:00+01:00,146,12,134,18.754590489717035,141,10,131,16.082921323202
2020-11-04 05:00:00+01:00,261,21,240,22.290397298498814,250,17,233,16.748276094261186
2020-11-04 06:00:00+01:00,319,28,291,24.01334617415068,298,20,278,21.055661887973457
2020-11-04 07:00:00+01:00,493,45,448,19.413114642597456,476,33,443,21.264665184026093
2020-11-04 08:00:00+01:00,519,41,478,17.770207620206634,523,35,488,19.232400876414125
2020-11-04 09:00:00+01:00,353,33,320,16.072474715915927,328,26,302,18.98715264551659
2020-11-04 10:00:00+01:00,296,26,270,17.230558324905093,269,19,250,18.12289110818214
2020-11-04 11:00:00+01:00,351,32,319,21.009303371553763,333,22,311,20.360845500171493
2020-11-04 12:00:00+01:00,296,28,268,17.230558324905093,269,19,250,18.12289110818214
2020-11-04 13:00:00+01:00,293,27,266,20.77933514509894,281,22,259,16.495274317847883
2020-11-04 14:00:00+01:00,294,26,268,24.118136039782872,271,19,252,21.366756148139427
2020-11-04 15:00:00+01:00,324,28,296,25.318103431421573,291,22,269,15.818920682290248
2020-11-04 16:00:00+01:00,356,33,323,15.115185640587857,323,28,295,20.660649403872643
2020-11-04 17:00:00+01:00,493,39,454,19.413114642597456,476,33,443,21.264665184026093
2020-11-04 18:00:00+01:00,519,41,478,17.770207620206634,523,35,488,19.232400876414125
2020-11-04 19:00:00+01:00,382,36,346,20.636704160930535,356,24,332,15.115185640587857
2020-11-04 20:00:00+01:00,377,36,341,22.934146173926393,345,26,319,20.188429732979824
2020-11-04 21:00:00+01:00,293,24,269,20.77933514509894,281,22,259,16.495274317847883
2020-11-04 22:00:00+01:00,206,18,188,26.316276075539704,185,14,171,13.724989686195345
2020-11-04 23:00:00+01:00,144,11,133,16.028123717603865,129,10,119,12.321757402623772
2020-11-05 00:00:00+01:00,85,4,81,9.516934044829473,89,7,82,10.527801976587284
2020-11-05 01:00:00+01:00,51,3,48,13.024781207847502,57,6,51,11.247345675463038
2020-11-05 02:00:00+01:00,58,3,55,11.561797090249616,53,5,48,12.671576687621188
2020-11-05 03:00:00+01:00,74,4,70,9.886934519670994,88,9,79,8.437594054986977
2020-11-05 04:00:00+01:00,125,7,118,11.899638158178501,140,15,125,15.157104538016958
2020-11-05 05:00:00+01:00,263,13,250,18.06193495748254,251,22,229,17.440368481170164
2020-11-05 06:00:00+01:00,324,20,304,18.672846971084997,304,27,277,24.382586098170826
2020-11-05 07:00:00+01:00,438,26,412,18.033066079167238,468,47,421,19.201560947119127
2020-11-05 08:00:00+01:00,524,28,496,18.41315419537223,529,45,484,16.649089834553955
2020-11-05 09:00:00+01:00,348,18,330,18.741511759901247,354,37,317,22.475031570210557
2020-11-05 10:00:00+01:00,272,17,255,21.117195423222,281,25,256,18.053311879599764
2020-11-05 11:00:00+01:00,301,18,283,20.607812327110423,338,31,307,21.621773010719025
2020-11-05 12:00:00+01:00,284,18,266,16.935782048371557,278,25,253,19.287262138921047
2020-11-05 13:00:00+01:00,274,15,259,20.52791870989968,281,25,256,18.053311879599764
2020-11-05 14:00:00+01:00,250,15,235,19.251014174910523,273,25,248,23.139691796211615
2020-11-05 15:00:00+01:00,310,19,291,15.258998808795859,301,30,271,20.607812327110423
2020-11-05 16:00:00+01:00,331,18,313,19.942495480727644,350,32,318,19.39294883514927
2020-11-05 17:00:00+01:00,458,25,433,23.935839893982745,465,40,425,21.293065375383044
2020-11-05 18:00:00+01:00,448,24,424,19.19628206057244,498,50,448,14.222982449555595
2020-11-05 19:00:00+01:00,331,19,312,19.942495480727644,379,35,344,19.424797748224545
2020-11-05 20:00:00+01:00,380,22,358,20.736920018387448,377,38,339,20.61326270709296
2020-11-05 21:00:00+01:00,292,17,275,17.87884891495493,274,24,250,20.52791870989968
2020-11-05 22:00:00+01:00,192,10,182,17.31696395349906,204,22,182,20.27930898180519
2020-11-05 23:00:00+01:00,148,8,140,21.655119289441767,140,14,126,15.157104538016958
2020-11-06 00:00:00+01:00,88,6,82,8.437594054986977,80,5,75,12.9514806028411
2020-11-06 01:00:00+01:00,58,4,54,11.561797090249616,53,3,50,12.671576687621188
2020-11-06 02:00:00+01:00,58,3,55,11.561797090249616,53,3,50,12.671576687621188
2020-11-06 03:00:00+01:00,88,5,83,8.437594054986977,80,5,75,12.9514806028411
2020-11-06 04:00:00+01:00,147,10,137,16.306492316544293,148,11,137,21.655119289441767
2020-11-06 05:00:00+01:00,255,17,238,13.80583098758932,262,20,242,13.900090096773878
2020-11-06 06:00:00+01:00,311,20,291,18.777054340822975,301,21,280,20.607812327110423
2020-11-06 07:00:00+01:00,483,32,451,16.739079897917865,489,35,454,20.73788413871882
2020-11-06 08:00:00+01:00,528,38,490,15.389090213676,520,32,488,16.742850474175178
2020-11-06 09:00:00+01:00,353,22,331,19.24169978578992,346,27,319,17.93974987663749
2020-11-06 10:00:00+01:00,292,21,271,17.87884891495493,274,16,258,20.52791870989968
2020-11-06 11:00:00+01:00,356,27,329,20.05958990150746,336,26,310,15.374523455613796
2020-11-06 12:00:00+01:00,290,18,272,19.079826100657762,274,16,258,20.52791870989968
2020-11-06 13:00:00+01:00,296,22,274,18.406113827007673,275,17,258,20.236154766209
2020-11-06 14:00:00+01:00,286,21,265,20.747694740560487,289,20,269,18.938144972747136
2020-11-06 15:00:00+01:00,309,19,290,20.22531439412751,308,19,289,19.852115147138527
2020-11-06 16:00:00+01:00,337,23,314,20.189680789887703,339,21,318,18.9351903306688
2020-11-06 17:00:00+01:00,487,37,450,20.801132823441247,478,35,443,18.951044700892695
2020-11-06 18:00:00+01:00,531,38,493,16.61168707204345,520,32,488,16.742850474175178
2020-11-06 19:00:00+01:00,382,24,358,19.156893019800307,351,24,327,17.103376818692087
2020-11-06 20:00:00+01:00,376,26,350,20.486350839145686,374,26,348,18.684901759797462
2020-11-06 21:00:00+01:00,293,20,273,17.329297501722674,275,17,258,20.236154766209
2020-11-06 22:00:00+01:00,200,15,185,21.668114478408352,197,12,185,19.118279085736297
2020-11-06 23:00:00+01:00,140,9,131,15.157104538016958,147,10,137,16.306492316544293
2020-11-07 00:00:00+01:00,87,4,83,8.649060159237054,90,3,87,12.04976592707574
2020-11-07 01:00:00+01:00,56,2,54,10.346038335995651,60,2,58,9.531765775161311
2020-11-07 02:00:00+01:00,58,2,56,9.553390843343198,61,2,59,9.5626665158603
2020-11-07 03:00:00+01:00,86,3,83,12.26433019639111,89,3,86,12.641197664806798
2020-11-07 04:00:00+01:00,113,4,109,15.421761430074353,119,5,114,15.920539807049082
2020-11-07 05:00:00+01:00,142,6,136,19.35907871517687,150,6,144,17.56592584239261
2020-11-07 06:00:00+01:00,222,9,213,14.063275896744535,240,10,230,21.48004742484552
2020-11-07 07:00:00+01:00,348,16,332,19.874294449784557,364,13,351,18.504116434485987
2020-11-07 08:00:00+01:00,457,18,439,20.79697956139564,483,19,464,16.492177012527787
2020-11-07 09:00:00+01:00,483,21,462,16.492177012527787,510,22,488,18.010144564850417
2020-11-07 10:00:00+01:00,441,18,423,19.94179355487717,454,20,434,17.366685623737915
2020-11-07 11:00:00+01:00,336,13,323,15.958874822620459,362,16,346,20.127656808136514
2020-11-07 12:00:00+01:00,341,14,327,13.9787487722985,359,13,346,17.04512783310755
2020-11-07 13:00:00+01:00,365,16,349,13.841509085955579,394,14,380,19.8712593326221
2020-11-07 14:00:00+01:00,336,16,320,15.958874822620459,362,16,346,20.127656808136514
2020-11-07 15:00:00+01:00,398,16,382,15.528833477752881,428,20,408,16.577822504859213
2020-11-07 16:00:00+01:00,396,18,378,21.767956053046117,417,19,398,13.5483310227481
2020-11-07 17:00:00+01:00,448,19,429,17.728608778998222,484,18,466,17.77003244566044
2020-11-07 18:00:00+01:00,426,19,407,17.1824615006757,448,16,432,17.728608778998222
2020-11-07 19:00:00+01:00,347,14,333,21.10654626064635,365,16,349,13.841509085955579
2020-11-07 20:00:00+01:00,319,12,307,17.902844208586608,333,12,321,20.32010801444679
2020-11-07 21:00:00+01:00,279,12,267,15.28199041222322,302,12,290,15.388460750733547
2020-11-07 22:00:00+01:00,222,10,212,14.063275896744535,240,10,230,21.48004742484552
2020-11-07 23:00:00+01:00,116,5,111,17.832223695878813,120,4,116,16.653205610761642
2020-11-08 00:00:00+01:00,20,0,20,0.04910283862897408,25,0,25,0.10677168789919293
2020-11-08 01:00:00+01:00,14,0,14,0.0,18,0,18,0.014449312499738909
2020-11-08 02:00:00+01:00,13,0,13,0.0,18,0,18,0.014449312499738909
2020-11-08 03:00:00+01:00,20,0,20,0.04910283862897408,25,0,25,0.10677168789919293
2020-11-08 04:00:00+01:00,29,1,28,0.5419439371488394,36,1,35,2.727177547566476
2020-11-08 05:00:00+01:00,36,1,35,2.727177547566476,48,1,47,9.964553643509852
2020-11-08 06:00:00+01:00,57,2,55,11.247345675463038,74,3,71,9.886934519670994
2020-11-08 07:00:00+01:00,87,3,84,9.504121716770046,119,3,116,9.275729661817119
2020-11-08 08:00:00+01:00,110,4,106,20.964248322238312,128,4,124,16.268122259148125
2020-11-08 09:00:00+01:00,118,4,114,16.65435568776215,166,6,160,16.094287115128708
2020-11-08 10:00:00+01:00,106,4,102,19.560878716092326,149,5,144,17.937448228249327
2020-11-08 11:00:00+01:00,82,3,79,8.6962433625344,98,3,95,9.366341704429512
2020-11-08 12:00:00+01:00,86,3,83,9.565861223121674,119,3,116,9.275729661817119
2020-11-08 13:00:00+01:00,89,3,86,10.527801976587284,98,4,94,9.366341704429512
2020-11-08 14:00:00+01:00,86,3,83,9.565861223121674,119,3,116,9.275729661817119
2020-11-08 15:00:00+01:00,96,4,92,10.792244903732447,127,4,123,18.022773693841014
2020-11-08 16:00:00+01:00,97,4,93,12.91170780960746,118,4,114,16.65435568776215
2020-11-08 17:00:00+01:00,117,4,113,13.539944397802945,135,5,130,20.27811899595658
2020-11-08 18:00:00+01:00,109,4,105,18.214376818550008,139,5,134,19.408576933840735
2020-11-08 19:00:00+01:00,89,3,86,10.527801976587284,90,3,87,10.477669283936715
2020-11-08 20:00:00+01:00,74,3,71,9.886934519670994,107,4,103,12.742346635562697
2020-11-08 21:00:00+01:00,73,2,71,10.015349835153332,86,3,83,9.565861223121674
2020-11-08 22:00:00+01:00,59,2,57,11.512224289105106,74,3,71,9.886934519670994
2020-11-08 23:00:00+01:00,29,1,28,0.5419439371488394,36,1,35,2.727177547566476
2020-11-09 00:00:00+01:00,39,3,36,6.782457974710225,37,4,33,2.066086063070793
2020-11-09 01:00:00+01:00,26,2,24,1.5382661455122164,26,2,24,1.5382661455122164
2020-11-09 02:00:00+01:00,24,2,22,1.5004308879154395,26,2,24,1.5382661455122164
2020-11-09 03:00:00+01:00,37,3,34,2.066086063070793,39,4,35,6.782457974710225
2020-11-09 04:00:00+01:00,60,5,55,10.583722413773145,62,6,56,14.48690450543278
2020-11-09 05:00:00+01:00,108,10,98,14.813734676069407,112,11,101,14.898852003445265
2020-11-09 06:00:00+01:00,136,13,123,16.594078125250377,142,16,126,21.623487252479663
2020-11-09 07:00:00+01:00,226,22,204,20.308697708911414,214,23,191,18.560318290748608
2020-11-09 08:00:00+01:00,239,24,215,13.74553452780325,235,29,206,20.674840106170866
2020-11-09 09:00:00+01:00,154,16,138,23.457384968254527,151,18,133,19.408157188048275
2020-11-09 10:00:00+01:00,128,11,117,19.601953989978306,128,12,116,19.601953989978306
2020-11-09 11:00:00+01:00,152,13,139,20.188330220444417,154,15,139,23.457384968254527
2020-11-09 12:00:00+01:00,123,13,110,19.074654696202938,128,14,114,19.601953989978306
2020-11-09 13:00:00+01:00,127,11,116,19.116953333289125,125,13,112,23.026828253397017
2020-11-09 14:00:00+01:00,127,11,116,19.116953333289125,125,13,112,23.026828253397017
2020-11-09 15:00:00+01:00,139,12,127,18.732486269107348,137,15,122,18.928795118329443
2020-11-09 16:00:00+01:00,145,14,131,18.85528596371164,157,17,140,23.857880119976507
2020-11-09 17:00:00+01:00,216,21,195,21.273439412003903,220,27,193,16.758079648934128
2020-11-09 18:00:00+01:00,228,21,207,15.818609956751573,225,22,203,17.07968654570721
2020-11-09 19:00:00+01:00,168,15,153,20.304807772345505,167,18,149,21.39117903937357
2020-11-09 20:00:00+01:00,166,16,150,18.57114730689396,170,20,150,19.775542485132945
2020-11-09 21:00:00+01:00,122,13,109,20.245567873519157,131,15,116,14.183230975852695
2020-11-09 22:00:00+01:00,89,8,81,17.562315027840828,89,8,81,17.562315027840828
2020-11-09 23:00:00+01:00,63,5,58,14.929801273937542,62,6,56,14.48690450543278
2020-11-10 00:00:00+01:00,33,2,31,5.985660510090718,39,3,36,6.782457974710225
2020-11-10 01:00:00+01:00,22,1,21,0.1277873501672996,26,2,24,1.5382661455122164
2020-11-10 02:00:00+01:00,25,2,23,1.1875344360364632,27,2,25,1.9016023008994223
2020-11-10 03:00:00+01:00,38,3,35,11.101073107969722,40,4,36,5.275608835029151
2020-11-10 04:00:00+01:00,62,5,57,14.48690450543278,62,5,57,14.48690450543278
2020-11-10 05:00:00+01:00,101,8,93,11.280950715811313,121,12,109,20.317620945183666
2020-11-10 06:00:00+01:00,138,11,127,20.21600799483387,138,14,124,20.21600799483387
2020-11-10 07:00:00+01:00,192,17,175,21.295822766447603,225,21,204,17.07968654570721
2020-11-10 08:00:00+01:00,218,18,200,22.57742359713229,242,27,215,20.990360069331732
2020-11-10 09:00:00+01:00,142,13,129,21.623487252479663,164,16,148,22.827361263214527
2020-11-10 10:00:00+01:00,129,10,119,17.995114557081255,131,11,120,14.183230975852695
2020-11-10 11:00:00+01:00,142,11,131,21.623487252479663,164,16,148,22.827361263214527
2020-11-10 12:00:00+01:00,129,10,119,17.995114557081255,131,11,120,14.183230975852695
2020-11-10 13:00:00+01:00,119,9,110,22.46945513312648,129,12,117,17.995114557081255
2020-11-10 14:00:00+01:00,119,9,110,22.46945513312648,129,12,117,17.995114557081255
2020-11-10 15:00:00+01:00,130,10,120,15.65660051079879,144,12,132,22.91915418498221
2020-11-10 16:00:00+01:00,139,13,126,18.732486269107348,150,15,135,17.939622434692456
2020-11-10 17:00:00+01:00,209,17,192,22.16757043059366,224,19,205,16.30248157536985
2020-11-10 18:00:00+01:00,213,17,196,20.488166305452438,246,24,222,17.57126233227549
2020-11-10 19:00:00+01:00,153,14,139,14.915022999208679,172,15,157,19.644113972447897
2020-11-10 20:00:00+01:00,155,15,140,19.469409355748308,165,18,147,20.56038540292619
2020-11-10 21:00:00+01:00,119,11,108,22.46945513312648,129,12,117,17.995114557081255
2020-11-10 22:00:00+01:00,83,6,77,18.699193296190067,90,9,81,13.960700117154147
2020-11-10 23:00:00+01:00,58,4,54,10.505136369992313,67,7,60,12.5039951599288
2020-11-11 00:00:00+01:00,38,4,34,7.590795833711637,34,3,31,11.019687492562438
2020-11-11 01:00:00+01:00,25,3,22,4.851536786659508,25,2,23,4.851536786659508
2020-11-11 02:00:00+01:00,25,2,23,4.851536786659508,25,2,23,4.851536786659508
2020-11-11 03:00:00+01:00,38,4,34,7.590795833711637,34,3,31,11.019687492562438
2020-11-11 04:00:00+01:00,63,7,56,13.630126271531418,62,6,56,12.779859753427614
2020-11-11 05:00:00+01:00,114,13,101,17.516346710171707,112,12,100,16.537505199847164
2020-11-11 06:00:00+01:00,140,19,121,17.88117043007633,141,14,127,16.082921323202
2020-11-11 07:00:00+01:00,214,24,190,24.48806340301503,203,19,184,21.5050173548228
2020-11-11 08:00:00+01:00,226,28,198,20.105295377891462,220,27,193,18.729640796362187
2020-11-11 09:00:00+01:00,153,19,134,18.89706115395996,139,16,123,21.474746575274906
2020-11-11 10:00:00+01:00,126,17,109,16.250667590352332,123,13,110,15.262138605096247
2020-11-11 11:00:00+01:00,153,18,135,18.89706115395996,139,16,123,21.474746575274906
2020-11-11 12:00:00+01:00,126,17,109,16.250667590352332,123,13,110,15.262138605096247
2020-11-11 13:00:00+01:00,127,15,112,19.95892802947898,120,14,106,10.291257377501918
2020-11-11 14:00:00+01:00,127,16,111,19.95892802947898,120,14,106,10.291257377501918
2020-11-11 15:00:00+01:00,140,18,122,17.88117043007633,141,14,127,16.082921323202
2020-11-11 16:00:00+01:00,151,17,134,19.198981193831877,149,16,133,18.476483571588744
2020-11-11 17:00:00+01:00,217,26,191,20.47500927792046,213,24,189,16.70464389525102
2020-11-11 18:00:00+01:00,232,26,206,24.606618615768106,205,22,183,18.29833304368066
2020-11-11 19:00:00+01:00,167,22,145,16.493575022686013,154,14,140,25.102227050596255
2020-11-11 20:00:00+01:00,167,21,146,16.493575022686013,154,14,140,25.102227050596255
2020-11-11 21:00:00+01:00,129,16,113,12.321757402623772,125,13,112,14.698947587184879
2020-11-11 22:00:00+01:00,89,11,78,16.127888447212325,79,9,70,16.621554061874914
2020-11-11 23:00:00+01:00,63,8,55,13.630126271531418,62,6,56,12.779859753427614
2020-11-12 00:00:00+01:00,35,2,33,7.122002820118646,36,5,31,3.0873599992209124
2020-11-12 01:00:00+01:00,23,1,22,0.4122417358964417,25,3,22,1.1875344360364632
2020-11-12 02:00:00+01:00,25,2,23,1.1875344360364632,25,3,22,1.1875344360364632
2020-11-12 03:00:00+01:00,37,3,34,2.066086063070793,38,5,33,11.101073107969722
2020-11-12 04:00:00+01:00,59,5,54,10.572210467564378,58,7,51,10.505136369992313
2020-11-12 05:00:00+01:00,106,9,97,12.94750706735717,114,18,96,18.09348958441383
2020-11-12 06:00:00+01:00,124,11,113,17.53992981591413,129,19,110,17.995114557081255
2020-11-12 07:00:00+01:00,195,14,181,23.83440770251287,216,27,189,21.273439412003903
2020-11-12 08:00:00+01:00,212,19,193,18.597605283865732,231,33,198,16.702836426900134
2020-11-12 09:00:00+01:00,140,10,130,15.331768592489755,140,20,120,15.331768592489755
2020-11-12 10:00:00+01:00,109,9,100,14.645038576883659,117,15,102,21.891304075969387
2020-11-12 11:00:00+01:00,150,12,138,17.939622434692456,153,18,135,14.915022999208679
2020-11-12 12:00:00+01:00,115,8,107,27.52702584121565,121,19,102,20.317620945183666
2020-11-12 13:00:00+01:00,122,9,113,20.245567873519157,128,19,109,19.601953989978306
2020-11-12 14:00:00+01:00,114,8,106,18.09348958441383,121,19,102,20.317620945183666
2020-11-12 15:00:00+01:00,134,10,124,14.701306049248211,135,21,114,21.280002906629502
2020-11-12 16:00:00+01:00,149,11,138,20.003285796587473,153,18,135,14.915022999208679
2020-11-12 17:00:00+01:00,196,15,181,20.04912381427717,216,27,189,21.273439412003903
2020-11-12 18:00:00+01:00,212,19,193,18.597605283865732,231,33,198,16.702836426900134
2020-11-12 19:00:00+01:00,152,11,141,20.188330220444417,162,21,141,19.08849102929865
2020-11-12 20:00:00+01:00,165,13,152,20.56038540292619,160,24,136,19.89239402952506
2020-11-12 21:00:00+01:00,127,10,117,19.116953333289125,117,15,102,21.891304075969387
2020-11-12 22:00:00+01:00,87,7,80,17.896548892855574,85,10,75,19.289671453475872
2020-11-12 23:00:00+01:00,56,4,52,10.152150256689218,64,8,56,14.414592943793718
2020-11-13 00:00:00+01:00,38,3,35,11.101073107969722,38,4,34,11.101073107969722
2020-11-13 01:00:00+01:00,25,2,23,1.1875344360364632,25,2,23,1.1875344360364632
2020-11-13 02:00:00+01:00,25,2,23,1.1875344360364632,25,2,23,1.1875344360364632
2020-11-13 03:00:00+01:00,37,3,34,2.066086063070793,38,4,34,11.101073107969722
2020-11-13 04:00:00+01:00,63,6,57,14.929801273937542,58,5,53,10.505136369992313
2020-11-13 05:00:00+01:00,113,12,101,20.093188266697116,113,11,102,20.093188266697116
2020-11-13 06:00:00+01:00,140,13,127,15.331768592489755,129,13,116,17.995114557081255
2020-11-13 07:00:00+01:00,210,19,191,16.3212742992447,212,18,194,18.597605283865732
2020-11-13 08:00:00+01:00,228,23,205,15.818609956751573,211,19,192,18.759232281731908
2020-11-13 09:00:00+01:00,147,14,133,20.208056467665056,153,13,140,14.915022999208679
2020-11-13 10:00:00+01:00,124,11,113,17.53992981591413,117,12,105,21.891304075969387
2020-11-13 11:00:00+01:00,153,15,138,14.915022999208679,148,13,135,18.058884943386857
2020-11-13 12:00:00+01:00,129,13,116,17.995114557081255,123,10,113,19.074654696202938
2020-11-13 13:00:00+01:00,124,12,112,17.53992981591413,117,12,105,21.891304075969387
2020-11-13 14:00:00+01:00,128,12,116,19.601953989978306,123,10,113,19.074654696202938
2020-11-13 15:00:00+01:00,136,14,122,16.594078125250377,138,14,124,20.21600799483387
2020-11-13 16:00:00+01:00,145,14,131,18.85528596371164,154,15,139,23.457384968254527
2020-11-13 17:00:00+01:00,207,22,185,21.877297854955202,202,19,183,22.500350864850866
2020-11-13 18:00:00+01:00,218,21,197,22.57742359713229,227,25,202,19.269071808142694
2020-11-13 19:00:00+01:00,158,15,143,21.67102174389251,159,15,144,17.78748005044877
2020-11-13 20:00:00+01:00,160,14,146,19.89239402952506,159,13,146,17.78748005044877
2020-11-13 21:00:00+01:00,123,11,112,19.074654696202938,123,12,111,19.074654696202938
2020-11-13 22:00:00+01:00,86,8,78,21.204994436842384,85,7,78,19.289671453475872
2020-11-13 23:00:00+01:00,61,6,55,12.362973378192347,58,5,53,10.505136369992313
2020-11-14 00:00:00+01:00,37,2,35,3.5125252112896685,39,2,37,6.913338666308079
2020-11-14 01:00:00+01:00,24,1,23,0.16633697306049489,26,1,25,0.13434729751860394
2020-11-14 02:00:00+01:00,25,1,24,0.10677168789919293,26,1,25,0.13434729751860394
2020-11-14 03:00:00+01:00,38,2,36,5.960450042509954,39,2,37,6.913338666308079
2020-11-14 04:00:00+01:00,48,3,45,9.964553643509852,52,2,50,14.472017643602554
2020-11-14 05:00:00+01:00,62,4,58,14.019247608895405,65,4,61,10.13470849860639
2020-11-14 06:00:00+01:00,101,6,95,14.022694861996197,105,6,99,16.343560716114418
2020-11-14 07:00:00+01:00,147,9,138,16.306492316544293,159,10,149,19.89258263570152
2020-11-14 08:00:00+01:00,206,11,195,20.90053052788098,208,12,196,18.807092053665322
2020-11-14 09:00:00+01:00,213,14,199,20.238518600536185,223,14,209,18.802339292525456
2020-11-14 10:00:00+01:00,187,12,175,15.611538170802525,198,12,186,20.173795644408123
2020-11-14 11:00:00+01:00,152,10,142,18.686880121910534,155,8,147,18.708796369633056
2020-11-14 12:00:00+01:00,145,8,137,19.922746131926434,158,8,150,19.40470350916573
2020-11-14 13:00:00+01:00,167,9,158,19.047083059371815,172,10,162,18.863206387348974
2020-11-14 14:00:00+01:00,154,8,146,19.868163821621103,155,8,147,18.708796369633056
2020-11-14 15:00:00+01:00,169,9,160,20.526675282456768,185,10,175,20.88033942284811
2020-11-14 16:00:00+01:00,172,10,162,18.863206387348974,186,9,177,20.400698976924794
2020-11-14 17:00:00+01:00,199,12,187,19.11274068140836,209,10,199,16.60419034744366
2020-11-14 18:00:00+01:00,190,11,179,20.182913119811044,197,10,187,19.118279085736297
2020-11-14 19:00:00+01:00,146,9,137,19.4340926707284,157,8,149,19.700921436065542
2020-11-14 20:00:00+01:00,142,8,134,19.57947604189084,146,8,138,19.4340926707284
2020-11-14 21:00:00+01:00,124,7,117,14.467255533674502,129,7,122,12.81298343964759
2020-11-14 22:00:00+01:00,100,6,94,12.129363492765288,105,7,98,16.343560716114418
2020-11-14 23:00:00+01:00,49,3,46,12.126419816698254,52,2,50,14.472017643602554
2020-11-15 00:00:00+01:00,21,0,21,0.0727095127790566,25,0,25,0.10677168789919293
2020-11-15 01:00:00+01:00,14,0,14,0.0,18,0,18,0.014449312499738909
2020-11-15 02:00:00+01:00,13,0,13,0.0,18,0,18,0.014449312499738909
2020-11-15 03:00:00+01:00,20,0,20,0.04910283862897408,25,0,25,0.10677168789919293
2020-11-15 04:00:00+01:00,29,1,28,0.5419439371488394,36,1,35,2.727177547566476
2020-11-15 05:00:00+01:00,36,1,35,2.727177547566476,48,1,47,9.964553643509852
2020-11-15 06:00:00+01:00,57,2,55,11.247345675463038,74,3,71,9.886934519670994
2020-11-15 07:00:00+01:00,87,3,84,9.504121716770046,119,3,116,9.275729661817119
2020-11-15 08:00:00+01:00,110,4,106,20.964248322238312,128,4,124,16.268122259148125
2020-11-15 09:00:00+01:00,118,4,114,16.65435568776215,166,6,160,16.094287115128708
2020-11-15 10:00:00+01:00,106,4,102,19.560878716092326,149,5,144,17.937448228249327
2020-11-15 11:00:00+01:00,82,3,79,8.6962433625344,98,3,95,9.366341704429512
2020-11-15 12:00:00+01:00,86,3,83,9.565861223121674,119,3,116,9.275729661817119
2020-11-15 13:00:00+01:00,89,3,86,10.527801976587284,98,4,94,9.366341704429512
2020-11-15 14:00:00+01:00,86,3,83,9.565861223121674,119,3,116,9.275729661817119
2020-11-15 15:00:00+01:00,96,4,92,10.792244903732447,127,4,123,18.022773693841014
2020-11-15 16:00:00+01:00,97,4,93,12.91170780960746,118,4,114,16.65435568776215
2020-11-15 17:00:00+01:00,117,4,113,13.539944397802945,135,5,130,20.27811899595658
2020-11-15 18:00:00+01:00,109,4,105,18.214376818550008,139,5,134,19.408576933840735
2020-11-15 19:00:00+01:00,89,3,86,10.527801976587284,90,3,87,10.477669283936715
2020-11-15 20:00:00+01:00,74,3,71,9.886934519670994,107,4,103,12.742346635562697
2020-11-15 21:00:00+01:00,73,2,71,10.015349835153332,86,3,83,9.565861223121674
2020-11-15 22:00:00+01:00,59,2,57,11.512224289105106,74,3,71,9.886934519670994
2020-11-15 23:00:00+01:00,29,1,28,0.5419439371488394,36,1,35,2.727177547566476
2020-11-16 00:00:00+01:00,39,3,36,6.782457974710225,37,4,33,2.066086063070793
2020-11-16 01:00:00+01:00,26,2,24,1.5382661455122164,26,2,24,1.5382661455122164
2020-11-16 02:00:00+01:00,24,2,22,1.5004308879154395,26,2,24,1.5382661455122164
2020-11-16 03:00:00+01:00,37,3,34,2.066086063070793,39,4,35,6.782457974710225
2020-11-16 04:00:00+01:00,60,5,55,10.583722413773145,62,6,56,14.48690450543278
2020-11-16 05:00:00+01:00,108,10,98,14.813734676069407,112,11,101,14.898852003445265
2020-11-16 06:00:00+01:00,136,13,123,16.594078125250377,142,16,126,21.623487252479663
2020-11-16 07:00:00+01:00,226,22,204,20.308697708911414,214,23,191,18.560318290748608
2020-11-16 08:00:00+01:00,239,24,215,13.74553452780325,235,29,206,20.674840106170866
2020-11-16 09:00:00+01:00,154,16,138,23.457384968254527,151,18,133,19.408157188048275
2020-11-16 10:00:00+01:00,128,11,117,19.601953989978306,128,12,116,19.601953989978306
2020-11-16 11:00:00+01:00,152,13,139,20.188330220444417,154,15,139,23.457384968254527
2020-11-16 12:00:00+01:00,123,13,110,19.074654696202938,128,14,114,19.601953989978306
2020-11-16 13:00:00+01:00,127,11,116,19.116953333289125,125,13,112,23.026828253397017
2020-11-16 14:00:00+01:00,127,11,116,19.116953333289125,125,13,112,23.026828253397017
2020-11-16 15:00:00+01:00,139,12,127,18.732486269107348,137,15,122,18.928795118329443
2020-11-16 16:00:00+01:00,145,14,131,18.85528596371164,157,17,140,23.857880119976507
2020-11-16 17:00:00+01:00,216,21,195,21.273439412003903,220,27,193,16.758079648934128
2020-11-16 18:00:00+01:00,228,21,207,15.818609956751573,225,22,203,17.07968654570721
2020-11-16 19:00:00+01:00,168,15,153,20.304807772345505,167,18,149,21.39117903937357
2020-11-16 20:00:00+01:00,166,16,150,18.57114730689396,170,20,150,19.775542485132945
2020-11-16 21:00:00+01:00,122,13,109,20.245567873519157,131,15,116,14.183230975852695
2020-11-16 22:00:00+01:00,89,8,81,17.562315027840828,89,8,81,17.562315027840828
2020-11-16 23:00:00+01:00,63,5,58,14.929801273937542,62,6,56,14.48690450543278
2020-11-17 00:00:00+01:00,33,2,31,5.985660510090718,39,3,36,6.782457974710225
2020-11-17 01:00:00+01:00,22,1,21,0.1277873501672996,26,2,24,1.5382661455122164
2020-11-17 02:00:00+01:00,25,2,23,1.1875344360364632,27,2,25,1.9016023008994223
2020-11-17 03:00:00+01:00,38,3,35,11.101073107969722,40,4,36,5.275608835029151
2020-11-17 04:00:00+01:00,62,5,57,14.48690450543278,62,5,57,14.48690450543278
2020-11-17 05:00:00+01:00,101,8,93,11.280950715811313,121,12,109,20.317620945183666
2020-11-17 06:00:00+01:00,138,11,127,20.21600799483387,138,14,124,20.21600799483387
2020-11-17 07:00:00+01:00,192,17,175,21.295822766447603,225,21,204,17.07968654570721
2020-11-17 08:00:00+01:00,218,18,200,22.57742359713229,242,27,215,20.990360069331732
2020-11-17 09:00:00+01:00,142,13,129,21.623487252479663,164,16,148,22.827361263214527
2020-11-17 10:00:00+01:00,129,10,119,17.995114557081255,131,11,120,14.183230975852695
2020-11-17 11:00:00+01:00,142,11,131,21.623487252479663,164,16,148,22.827361263214527
2020-11-17 12:00:00+01:00,129,10,119,17.995114557081255,131,11,120,14.183230975852695
2020-11-17 13:00:00+01:00,119,9,110,22.46945513312648,129,12,117,17.995114557081255
2020-11-17 14:00:00+01:00,119,9,110,22.46945513312648,129,12,117,17.995114557081255
2020-11-17 15:00:00+01:00,130,10,120,15.65660051079879,144,12,132,22.91915418498221
2020-11-17 16:00:00+01:00,139,13,126,18.732486269107348,150,15,135,17.939622434692456
2020-11-17 17:00:00+01:00,209,17,192,22.16757043059366,224,19,205,16.30248157536985
2020-11-17 18:00:00+01:00,213,17,196,20.488166305452438,246,24,222,17.57126233227549
2020-11-17 19:00:00+01:00,153,14,139,14.915022999208679,172,15,157,19.644113972447897
2020-11-17 20:00:00+01:00,155,15,140,19.469409355748308,165,18,147,20.56038540292619
2020-11-17 21:00:00+01:00,119,11,108,22.46945513312648,129,12,117,17.995114557081255
2020-11-17 22:00:00+01:00,83,6,77,18.699193296190067,90,9,81,13.960700117154147
2020-11-17 23:00:00+01:00,58,4,54,10.505136369992313,67,7,60,12.5039951599288
2020-11-18 00:00:00+01:00,38,4,34,7.590795833711637,34,3,31,11.019687492562438
2020-11-18 01:00:00+01:00,25,3,22,4.851536786659508,25,2,23,4.851536786659508
2020-11-18 02:00:00+01:00,25,2,23,4.851536786659508,25,2,23,4.851536786659508
2020-11-18 03:00:00+01:00,38,4,34,7.590795833711637,34,3,31,11.019687492562438
2020-11-18 04:00:00+01:00,63,7,56,13.630126271531418,62,6,56,12.779859753427614
2020-11-18 05:00:00+01:00,114,13,101,17.516346710171707,112,12,100,16.537505199847164
2020-11-18 06:00:00+01:00,140,19,121,17.88117043007633,141,14,127,16.082921323202
2020-11-18 07:00:00+01:00,214,24,190,24.48806340301503,203,19,184,21.5050173548228
2020-11-18 08:00:00+01:00,226,28,198,20.105295377891462,220,27,193,18.729640796362187
2020-11-18 09:00:00+01:00,153,19,134,18.89706115395996,139,16,123,21.474746575274906
2020-11-18 10:00:00+01:00,126,17,109,16.250667590352332,123,13,110,15.262138605096247
2020-11-18 11:00:00+01:00,153,18,135,18.89706115395996,139,16,123,21.474746575274906
2020-11-18 12:00:00+01:00,126,17,109,16.250667590352332,123,13,110,15.262138605096247
2020-11-18 13:00:00+01:00,127,15,112,19.95892802947898,120,14,106,10.291257377501918
2020-11-18 14:00:00+01:00,127,16,111,19.95892802947898,120,14,106,10.291257377501918
2020-11-18 15:00:00+01:00,140,18,122,17.88117043007633,141,14,127,16.082921323202
2020-11-18 16:00:00+01:00,151,17,134,19.198981193831877,149,16,133,18.476483571588744
2020-11-18 17:00:00+01:00,217,26,191,20.47500927792046,213,24,189,16.70464389525102
2020-11-18 18:00:00+01:00,232,26,206,24.606618615768106,205,22,183,18.29833304368066
2020-11-18 19:00:00+01:00,167,22,145,16.493575022686013,154,14,140,25.102227050596255
2020-11-18 20:00:00+01:00,167,21,146,16.493575022686013,154,14,140,25.102227050596255
2020-11-18 21:00:00+01:00,129,16,113,12.321757402623772,125,13,112,14.698947587184879
2020-11-18 22:00:00+01:00,89,11,78,16.127888447212325,79,9,70,16.621554061874914
2020-11-18 23:00:00+01:00,63,8,55,13.630126271531418,62,6,56,12.779859753427614
2020-11-19 00:00:00+01:00,35,2,33,7.122002820118646,36,5,31,3.0873599992209124
2020-11-19 01:00:00+01:00,23,1,22,0.4122417358964417,25,3,22,1.1875344360364632
2020-11-19 02:00:00+01:00,25,2,23,1.1875344360364632,25,3,22,1.1875344360364632
2020-11-19 03:00:00+01:00,37,3,34,2.066086063070793,38,5,33,11.101073107969722
2020-11-19 04:00:00+01:00,59,5,54,10.572210467564378,58,7,51,10.505136369992313
2020-11-19 05:00:00+01:00,106,9,97,12.94750706735717,114,18,96,18.09348958441383
2020-11-19 06:00:00+01:00,124,11,113,17.53992981591413,129,19,110,17.995114557081255
2020-11-19 07:00:00+01:00,195,14,181,23.83440770251287,216,27,189,21.273439412003903
2020-11-19 08:00:00+01:00,212,19,193,18.597605283865732,231,33,198,16.702836426900134
2020-11-19 09:00:00+01:00,140,10,130,15.331768592489755,140,20,120,15.331768592489755
2020-11-19 10:00:00+01:00,109,9,100,14.645038576883659,117,15,102,21.891304075969387
2020-11-19 11:00:00+01:00,150,12,138,17.939622434692456,153,18,135,14.915022999208679
2020-11-19 12:00:00+01:00,115,8,107,27.52702584121565,121,19,102,20.317620945183666
2020-11-19 13:00:00+01:00,122,9,113,20.245567873519157,128,19,109,19.601953989978306
2020-11-19 14:00:00+01:00,114,8,106,18.09348958441383,121,19,102,20.317620945183666
2020-11-19 15:00:00+01:00,134,10,124,14.701306049248211,135,21,114,21.280002906629502
2020-11-19 16:00:00+01:00,149,11,138,20.003285796587473,153,18,135,14.915022999208679
2020-11-19 17:00:00+01:00,196,15,181,20.04912381427717,216,27,189,21.273439412003903
2020-11-19 18:00:00+01:00,212,19,193,18.597605283865732,231,33,198,16.702836426900134
2020-11-19 19:00:00+01:00,152,11,141,20.188330220444417,162,21,141,19.08849102929865
2020-11-19 20:00:00+01:00,165,13,152,20.56038540292619,160,24,136,19.89239402952506
2020-11-19 21:00:00+01:00,127,10,117,19.116953333289125,117,15,102,21.891304075969387
2020-11-19 22:00:00+01:00,87,7,80,17.896548892855574,85,10,75,19.289671453475872
2020-11-19 23:00:00+01:00,56,4,52,10.152150256689218,64,8,56,14.414592943793718
2020-11-20 00:00:00+01:00,38,3,35,11.101073107969722,38,4,34,11.101073107969722
2020-11-20 01:00:00+01:00,25,2,23,1.1875344360364632,25,2,23,1.1875344360364632
2020-11-20 02:00:00+01:00,25,2,23,1.1875344360364632,25,2,23,1.1875344360364632
2020-11-20 03:00:00+01:00,37,3,34,2.066086063070793,38,4,34,11.101073107969722
2020-11-20 04:00:00+01:00,63,6,57,14.929801273937542,58,5,53,10.505136369992313
2020-11-20 05:00:00+01:00,113,12,101,20.093188266697116,113,11,102,20.093188266697116
2020-11-20 06:00:00+01:00,140,13,127,15.331768592489755,129,13,116,17.995114557081255
2020-11-20 07:00:00+01:00,210,19,191,16.3212742992447,212,18,194,18.597605283865732
2020-11-20 08:00:00+01:00,228,23,205,15.818609956751573,211,19,192,18.759232281731908
2020-11-20 09:00:00+01:00,147,14,133,20.208056467665056,153,13,140,14.915022999208679
2020-11-20 10:00:00+01:00,124,11,113,17.53992981591413,117,12,105,21.891304075969387
2020-11-20 11:00:00+01:00,153,15,138,14.915022999208679,148,13,135,18.058884943386857
2020-11-20 12:00:00+01:00,129,13,116,17.995114557081255,123,10,113,19.074654696202938
2020-11-20 13:00:00+01:00,124,12,112,17.53992981591413,117,12,105,21.891304075969387
2020-11-20 14:00:00+01:00,128,12,116,19.601953989978306,123,10,113,19.074654696202938
2020-11-20 15:00:00+01:00,136,14,122,16.594078125250377,138,14,124,20.21600799483387
2020-11-20 16:00:00+01:00,145,14,131,18.85528596371164,154,15,139,23.457384968254527
2020-11-20 17:00:00+01:00,207,22,185,21.877297854955202,202,19,183,22.500350864850866
2020-11-20 18:00:00+01:00,218,21,197,22.57742359713229,227,25,202,19.269071808142694
2020-11-20 19:00:00+01:00,158,15,143,21.67102174389251,159,15,144,17.78748005044877
2020-11-20 20:00:00+01:00,160,14,146,19.89239402952506,159,13,146,17.78748005044877
2020-11-20 21:00:00+01:00,123,11,112,19.074654696202938,123,12,111,19.074654696202938
2020-11-20 22:00:00+01:00,86,8,78,21.204994436842384,85,7,78,19.289671453475872
2020-11-20 23:00:00+01:00,61,6,55,12.362973378192347,58,5,53,10.505136369992313
2020-11-21 00:00:00+01:00,37,2,35,3.5125252112896685,39,2,37,6.913338666308079
2020-11-21 01:00:00+01:00,24,1,23,0.16633697306049489,26,1,25,0.13434729751860394
2020-11-21 02:00:00+01:00,25,1,24,0.10677168789919293,26,1,25,0.13434729751860394
2020-11-21 03:00:00+01:00,38,2,36,5.960450042509954,39,2,37,6.913338666308079
2020-11-21 04:00:00+01:00,48,3,45,9.964553643509852,52,2,50,14.472017643602554
2020-11-21 05:00:00+01:00,62,4,58,14.019247608895405,65,4,61,10.13470849860639
2020-11-21 06:00:00+01:00,101,6,95,14.022694861996197,105,6,99,16.343560716114418
2020-11-21 07:00:00+01:00,147,9,138,16.306492316544293,159,10,149,19.89258263570152
2020-11-21 08:00:00+01:00,206,11,195,20.90053052788098,208,12,196,18.807092053665322
2020-11-21 09:00:00+01:00,213,14,199,20.238518600536185,223,14,209,18.802339292525456
2020-11-21 10:00:00+01:00,187,12,175,15.611538170802525,198,12,186,20.173795644408123
2020-11-21 11:00:00+01:00,152,10,142,18.686880121910534,155,8,147,18.708796369633056
2020-11-21 12:00:00+01:00,145,8,137,19.922746131926434,158,8,150,19.40470350916573
2020-11-21 13:00:00+01:00,167,9,158,19.047083059371815,172,10,162,18.863206387348974
2020-11-21 14:00:00+01:00,154,8,146,19.868163821621103,155,8,147,18.708796369633056
2020-11-21 15:00:00+01:00,169,9,160,20.526675282456768,185,10,175,20.88033942284811
2020-11-21 16:00:00+01:00,172,10,162,18.863206387348974,186,9,177,20.400698976924794
2020-11-21 17:00:00+01:00,199,12,187,19.11274068140836,209,10,199,16.60419034744366
2020-11-21 18:00:00+01:00,190,11,179,20.182913119811044,197,10,187,19.118279085736297
2020-11-21 19:00:00+01:00,146,9,137,19.4340926707284,157,8,149,19.700921436065542
2020-11-21 20:00:00+01:00,142,8,134,19.57947604189084,146,8,138,19.4340926707284
2020-11-21 21:00:00+01:00,124,7,117,14.467255533674502,129,7,122,12.81298343964759
2020-11-21 22:00:00+01:00,100,6,94,12.129363492765288,105,7,98,16.343560716114418
2020-11-21 23:00:00+01:00,49,3,46,12.126419816698254,52,2,50,14.472017643602554
2020-11-22 00:00:00+01:00,21,0,21,0.0727095127790566,25,0,25,0.10677168789919293
2020-11-22 01:00:00+01:00,14,0,14,0.0,18,0,18,0.014449312499738909
2020-11-22 02:00:00+01:00,13,0,13,0.0,18,0,18,0.014449312499738909
2020-11-22 03:00:00+01:00,20,0,20,0.04910283862897408,25,0,25,0.10677168789919293
2020-11-22 04:00:00+01:00,29,1,28,0.5419439371488394,36,1,35,2.727177547566476
2020-11-22 05:00:00+01:00,36,1,35,2.727177547566476,48,1,47,9.964553643509852
2020-11-22 06:00:00+01:00,57,2,55,11.247345675463038,74,3,71,9.886934519670994
2020-11-22 07:00:00+01:00,87,3,84,9.504121716770046,119,3,116,9.275729661817119
2020-11-22 08:00:00+01:00,110,4,106,20.964248322238312,128,4,124,16.268122259148125
2020-11-22 09:00:00+01:00,118,4,114,16.65435568776215,166,6,160,16.094287115128708
2020-11-22 10:00:00+01:00,106,4,102,19.560878716092326,149,5,144,17.937448228249327
2020-11-22 11:00:00+01:00,82,3,79,8.6962433625344,98,3,95,9.366341704429512
2020-11-22 12:00:00+01:00,86,3,83,9.565861223121674,119,3,116,9.275729661817119
2020-11-22 13:00:00+01:00,89,3,86,10.527801976587284,98,4,94,9.366341704429512
2020-11-22 14:00:00+01:00,86,3,83,9.565861223121674,119,3,116,9.275729661817119
2020-11-22 15:00:00+01:00,96,4,92,10.792244903732447,127,4,123,18.022773693841014
2020-11-22 16:00:00+01:00,97,4,93,12.91170780960746,118,4,114,16.65435568776215
2020-11-22 17:00:00+01:00,117,4,113,13.539944397802945,135,5,130,20.27811899595658
2020-11-22 18:00:00+01:00,109,4,105,18.214376818550008,139,5,134,19.408576933840735
2020-11-22 19:00:00+01:00,89,3,86,10.527801976587284,90,3,87,10.477669283936715
2020-11-22 20:00:00+01:00,74,3,71,9.886934519670994,107,4,103,12.742346635562697
2020-11-22 21:00:00+01:00,73,2,71,10.015349835153332,86,3,83,9.565861223121674
2020-11-22 22:00:00+01:00,59,2,57,11.512224289105106,74,3,71,9.886934519670994
2020-11-22 23:00:00+01:00,29,1,28,0.5419439371488394,36,1,35,2.727177547566476
2020-11-23 00:00:00+01:00,39,3,36,6.782457974710225,37,4,33,2.066086063070793
2020-11-23 01:00:00+01:00,26,2,24,1.5382661455122164,26,2,24,1.5382661455122164
2020-11-23 02:00:00+01:00,24,2,22,1.5004308879154395,26,2,24,1.5382661455122164
2020-11-23 03:00:00+01:00,37,3,34,2.066086063070793,39,4,35,6.782457974710225
2020-11-23 04:00:00+01:00,60,5,55,10.583722413773145,62,6,56,14.48690450543278
2020-11-23 05:00:00+01:00,108,10,98,14.813734676069407,112,11,101,14.898852003445265
2020-11-23 06:00:00+01:00,136,13,123,16.594078125250377,142,16,126,21.623487252479663
2020-11-23 07:00:00+01:00,226,22,204,20.308697708911414,214,23,191,18.560318290748608
2020-11-23 08:00:00+01:00,239,24,215,13.74553452780325,235,29,206,20.674840106170866
2020-11-23 09:00:00+01:00,154,16,138,23.457384968254527,151,18,133,19.408157188048275
2020-11-23 10:00:00+01:00,128,11,117,19.601953989978306,128,12,116,19.601953989978306
2020-11-23 11:00:00+01:00,152,13,139,20.188330220444417,154,15,139,23.457384968254527
2020-11-23 12:00:00+01:00,123,13,110,19.074654696202938,128,14,114,19.601953989978306
2020-11-23 13:00:00+01:00,127,11,116,19.116953333289125,125,13,112,23.026828253397017
2020-11-23 14:00:00+01:00,127,11,116,19.116953333289125,125,13,112,23.026828253397017
2020-11-23 15:00:00+01:00,139,12,127,18.732486269107348,137,15,122,18.928795118329443
2020-11-23 16:00:00+01:00,145,14,131,18.85528596371164,157,17,140,23.857880119976507
2020-11-23 17:00:00+01:00,216,21,195,21.273439412003903,220,27,193,16.758079648934128
2020-11-23 18:00:00+01:00,228,21,207,15.818609956751573,225,22,203,17.07968654570721
2020-11-23 19:00:00+01:00,168,15,153,20.304807772345505,167,18,149,21.39117903937357
2020-11-23 20:00:00+01:00,166,16,150,18.57114730689396,170,20,150,19.775542485132945
2020-11-23 21:00:00+01:00,122,13,109,20.245567873519157,131,15,116,14.183230975852695
2020-11-23 22:00:00+01:00,89,8,81,17.562315027840828,89,8,81,17.562315027840828
2020-11-23 23:00:00+01:00,63,5,58,14.929801273937542,62,6,56,14.48690450543278
2020-11-24 00:00:00+01:00,33,2,31,5.985660510090718,39,3,36,6.782457974710225
2020-11-24 01:00:00+01:00,22,1,21,0.1277873501672996,26,2,24,1.5382661455122164
2020-11-24 02:00:00+01:00,25,2,23,1.1875344360364632,27,2,25,1.9016023008994223
2020-11-24 03:00:00+01:00,38,3,35,11.101073107969722,40,4,36,5.275608835029151
2020-11-24 04:00:00+01:00,62,5,57,14.48690450543278,62,5,57,14.48690450543278
2020-11-24 05:00:00+01:00,101,8,93,11.280950715811313,121,12,109,20.317620945183666
2020-11-24 06:00:00+01:00,138,11,127,20.21600799483387,138,14,124,20.21600799483387
2020-11-24 07:00:00+01:00,192,17,175,21.295822766447603,225,21,204,17.07968654570721
2020-11-24 08:00:00+01:00,218,18,200,22.57742359713229,242,27,215,20.990360069331732
2020-11-24 09:00:00+01:00,142,13,129,21.623487252479663,164,16,148,22.827361263214527
2020-11-24 10:00:00+01:00,129,10,119,17.995114557081255,131,11,120,14.183230975852695
2020-11-24 11:00:00+01:00,142,11,131,21.623487252479663,164,16,148,22.827361263214527
2020-11-24 12:00:00+01:00,129,10,119,17.995114557081255,131,11,120,14.183230975852695
2020-11-24 13:00:00+01:00,119,9,110,22.46945513312648,129,12,117,17.995114557081255
2020-11-24 14:00:00+01:00,119,9,110,22.46945513312648,129,12,117,17.995114557081255
2020-11-24 15:00:00+01:00,130,10,120,15.65660051079879,144,12,132,22.91915418498221
2020-11-24 16:00:00+01:00,139,13,126,18.732486269107348,150,15,135,17.939622434692456
2020-11-24 17:00:00+01:00,209,17,192,22.16757043059366,224,19,205,16.30248157536985
2020-11-24 18:00:00+01:00,213,17,196,20.488166305452438,246,24,222,17.57126233227549
2020-11-24 19:00:00+01:00,153,14,139,14.915022999208679,172,15,157,19.644113972447897
2020-11-24 20:00:00+01:00,155,15,140,19.469409355748308,165,18,147,20.56038540292619
2020-11-24 21:00:00+01:00,119,11,108,22.46945513312648,129,12,117,17.995114557081255
2020-11-24 22:00:00+01:00,83,6,77,18.699193296190067,90,9,81,13.960700117154147
2020-11-24 23:00:00+01:00,58,4,54,10.505136369992313,67,7,60,12.5039951599288
2020-11-25 00:00:00+01:00,38,4,34,7.590795833711637,34,3,31,11.019687492562438
2020-11-25 01:00:00+01:00,25,3,22,4.851536786659508,25,2,23,4.851536786659508
2020-11-25 02:00:00+01:00,25,2,23,4.851536786659508,25,2,23,4.851536786659508
2020-11-25 03:00:00+01:00,38,4,34,7.590795833711637,34,3,31,11.019687492562438
2020-11-25 04:00:00+01:00,63,7,56,13.630126271531418,62,6,56,12.779859753427614
2020-11-25 05:00:00+01:00,114,13,101,17.516346710171707,112,12,100,16.537505199847164
2020-11-25 06:00:00+01:00,140,19,121,17.88117043007633,141,14,127,16.082921323202
2020-11-25 07:00:00+01:00,214,24,190,24.48806340301503,203,19,184,21.5050173548228
2020-11-25 08:00:00+01:00,226,28,198,20.105295377891462,220,27,193,18.729640796362187
2020-11-25 09:00:00+01:00,153,19,134,18.89706115395996,139,16,123,21.474746575274906
2020-11-25 10:00:00+01:00,126,17,109,16.250667590352332,123,13,110,15.262138605096247
2020-11-25 11:00:00+01:00,153,18,135,18.89706115395996,139,16,123,21.474746575274906
2020-11-25 12:00:00+01:00,126,17,109,16.250667590352332,123,13,110,15.262138605096247
2020-11-25 13:00:00+01:00,127,15,112,19.95892802947898,120,14,106,10.291257377501918
2020-11-25 14:00:00+01:00,127,16,111,19.95892802947898,120,14,106,10.291257377501918
2020-11-25 15:00:00+01:00,140,18,122,17.88117043007633,141,14,127,16.082921323202
2020-11-25 16:00:00+01:00,151,17,134,19.198981193831877,149,16,133,18.476483571588744
2020-11-25 17:00:00+01:00,217,26,191,20.47500927792046,213,24,189,16.70464389525102
2020-11-25 18:00:00+01:00,232,26,206,24.606618615768106,205,22,183,18.29833304368066
2020-11-25 19:00:00+01:00,167,22,145,16.493575022686013,154,14,140,25.102227050596255
2020-11-25 20:00:00+01:00,167,21,146,16.493575022686013,154,14,140,25.102227050596255
2020-11-25 21:00:00+01:00,129,16,113,12.321757402623772,125,13,112,14.698947587184879
2020-11-25 22:00:00+01:00,89,11,78,16.127888447212325,79,9,70,16.621554061874914
2020-11-25 23:00:00+01:00,63,8,55,13.630126271531418,62,6,56,12.779859753427614
2020-11-26 00:00:00+01:00,35,2,33,7.122002820118646,36,5,31,3.0873599992209124
2020-11-26 01:00:00+01:00,23,1,22,0.4122417358964417,25,3,22,1.1875344360364632
2020-11-26 02:00:00+01:00,25,2,23,1.1875344360364632,25,3,22,1.1875344360364632
2020-11-26 03:00:00+01:00,37,3,34,2.066086063070793,38,5,33,11.101073107969722
2020-11-26 04:00:00+01:00,59,5,54,10.572210467564378,58,7,51,10.505136369992313
2020-11-26 05:00:00+01:00,106,9,97,12.94750706735717,114,18,96,18.09348958441383
2020-11-26 06:00:00+01:00,124,11,113,17.53992981591413,129,19,110,17.995114557081255
2020-11-26 07:00:00+01:00,195,14,181,23.83440770251287,216,27,189,21.273439412003903
2020-11-26 08:00:00+01:00,212,19,193,18.597605283865732,231,33,198,16.702836426900134
2020-11-26 09:00:00+01:00,140,10,130,15.331768592489755,140,20,120,15.331768592489755
2020-11-26 10:00:00+01:00,109,9,100,14.645038576883659,117,15,102,21.891304075969387
2020-11-26 11:00:00+01:00,150,12,138,17.939622434692456,153,18,135,14.915022999208679
2020-11-26 12:00:00+01:00,115,8,107,27.52702584121565,121,19,102,20.317620945183666
2020-11-26 13:00:00+01:00,122,9,113,20.245567873519157,128,19,109,19.601953989978306
2020-11-26 14:00:00+01:00,114,8,106,18.09348958441383,121,19,102,20.317620945183666
2020-11-26 15:00:00+01:00,134,10,124,14.701306049248211,135,21,114,21.280002906629502
2020-11-26 16:00:00+01:00,149,11,138,20.003285796587473,153,18,135,14.915022999208679
2020-11-26 17:00:00+01:00,196,15,181,20.04912381427717,216,27,189,21.273439412003903
2020-11-26 18:00:00+01:00,212,19,193,18.597605283865732,231,33,198,16.702836426900134
2020-11-26 19:00:00+01:00,152,11,141,20.188330220444417,162,21,141,19.08849102929865
2020-11-26 20:00:00+01:00,165,13,152,20.56038540292619,160,24,136,19.89239402952506
2020-11-26 21:00:00+01:00,127,10,117,19.116953333289125,117,15,102,21.891304075969387
2020-11-26 22:00:00+01:00,87,7,80,17.896548892855574,85,10,75,19.289671453475872
2020-11-26 23:00:00+01:00,56,4,52,10.152150256689218,64,8,56,14.414592943793718
2020-11-27 00:00:00+01:00,38,3,35,11.101073107969722,38,4,34,11.101073107969722
2020-11-27 01:00:00+01:00,25,2,23,1.1875344360364632,25,2,23,1.1875344360364632
2020-11-27 02:00:00+01:00,25,2,23,1.1875344360364632,25,2,23,1.1875344360364632
2020-11-27 03:00:00+01:00,37,3,34,2.066086063070793,38,4,34,11.101073107969722
2020-11-27 04:00:00+01:00,63,6,57,14.929801273937542,58,5,53,10.505136369992313
2020-11-27 05:00:00+01:00,113,12,101,20.093188266697116,113,11,102,20.093188266697116
2020-11-27 06:00:00+01:00,140,13,127,15.331768592489755,129,13,116,17.995114557081255
2020-11-27 07:00:00+01:00,210,19,191,16.3212742992447,212,18,194,18.597605283865732
2020-11-27 08:00:00+01:00,228,23,205,15.818609956751573,211,19,192,18.759232281731908
2020-11-27 09:00:00+01:00,147,14,133,20.208056467665056,153,13,140,14.915022999208679
2020-11-27 10:00:00+01:00,124,11,113,17.53992981591413,117,12,105,21.891304075969387
2020-11-27 11:00:00+01:00,153,15,138,14.915022999208679,148,13,135,18.058884943386857
2020-11-27 12:00:00+01:00,129,13,116,17.995114557081255,123,10,113,19.074654696202938
2020-11-27 13:00:00+01:00,124,12,112,17.53992981591413,117,12,105,21.891304075969387
2020-11-27 14:00:00+01:00,128,12,116,19.601953989978306,123,10,113,19.074654696202938
2020-11-27 15:00:00+01:00,136,14,122,16.594078125250377,138,14,124,20.21600799483387
2020-11-27 16:00:00+01:00,145,14,131,18.85528596371164,154,15,139,23.457384968254527
2020-11-27 17:00:00+01:00,207,22,185,21.877297854955202,202,19,183,22.500350864850866
2020-11-27 18:00:00+01:00,218,21,197,22.57742359713229,227,25,202,19.269071808142694
2020-11-27 19:00:00+01:00,158,15,143,21.67102174389251,159,15,144,17.78748005044877
2020-11-27 20:00:00+01:00,160,14,146,19.89239402952506,159,13,146,17.78748005044877
2020-11-27 21:00:00+01:00,123,11,112,19.074654696202938,123,12,111,19.074654696202938
2020-11-27 22:00:00+01:00,86,8,78,21.204994436842384,85,7,78,19.289671453475872
2020-11-27 23:00:00+01:00,61,6,55,12.362973378192347,58,5,53,10.505136369992313
2020-11-28 00:00:00+01:00,37,2,35,3.5125252112896685,39,2,37,6.913338666308079
2020-11-28 01:00:00+01:00,24,1,23,0.16633697306049489,26,1,25,0.13434729751860394
2020-11-28 02:00:00+01:00,25,1,24,0.10677168789919293,26,1,25,0.13434729751860394
2020-11-28 03:00:00+01:00,38,2,36,5.960450042509954,39,2,37,6.913338666308079
2020-11-28 04:00:00+01:00,48,3,45,9.964553643509852,52,2,50,14.472017643602554
2020-11-28 05:00:00+01:00,62,4,58,14.019247608895405,65,4,61,10.13470849860639
2020-11-28 06:00:00+01:00,101,6,95,14.022694861996197,105,6,99,16.343560716114418
2020-11-28 07:00:00+01:00,147,9,138,16.306492316544293,159,10,149,19.89258263570152
2020-11-28 08:00:00+01:00,206,11,195,20.90053052788098,208,12,196,18.807092053665322
2020-11-28 09:00:00+01:00,213,14,199,20.238518600536185,223,14,209,18.802339292525456
2020-11-28 10:00:00+01:00,187,12,175,15.611538170802525,198,12,186,20.173795644408123
2020-11-28 11:00:00+01:00,152,10,142,18.686880121910534,155,8,147,18.708796369633056
2020-11-28 12:00:00+01:00,145,8,137,19.922746131926434,158,8,150,19.40470350916573
2020-11-28 13:00:00+01:00,167,9,158,19.047083059371815,172,10,162,18.863206387348974
2020-11-28 14:00:00+01:00,154,8,146,19.868163821621103,155,8,147,18.708796369633056
2020-11-28 15:00:00+01:00,169,9,160,20.526675282456768,185,10,175,20.88033942284811
2020-11-28 16:00:00+01:00,172,10,162,18.863206387348974,186,9,177,20.400698976924794
2020-11-28 17:00:00+01:00,199,12,187,19.11274068140836,209,10,199,16.60419034744366
2020-11-28 18:00:00+01:00,190,11,179,20.182913119811044,197,10,187,19.118279085736297
2020-11-28 19:00:00+01:00,146,9,137,19.4340926707284,157,8,149,19.700921436065542
2020-11-28 20:00:00+01:00,142,8,134,19.57947604189084,146,8,138,19.4340926707284
2020-11-28 21:00:00+01:00,124,7,117,14.467255533674502,129,7,122,12.81298343964759
2020-11-28 22:00:00+01:00,100,6,94,12.129363492765288,105,7,98,16.343560716114418
2020-11-28 23:00:00+01:00,49,3,46,12.126419816698254,52,2,50,14.472017643602554
2020-11-29 00:00:00+01:00,21,0,21,0.0727095127790566,25,0,25,0.10677168789919293
2020-11-29 01:00:00+01:00,14,0,14,0.0,18,0,18,0.014449312499738909
2020-11-29 02:00:00+01:00,13,0,13,0.0,18,0,18,0.014449312499738909
2020-11-29 03:00:00+01:00,20,0,20,0.04910283862897408,25,0,25,0.10677168789919293
2020-11-29 04:00:00+01:00,29,1,28,0.5419439371488394,36,1,35,2.727177547566476
2020-11-29 05:00:00+01:00,36,1,35,2.727177547566476,48,1,47,9.964553643509852
2020-11-29 06:00:00+01:00,57,2,55,11.247345675463038,74,3,71,9.886934519670994
2020-11-29 07:00:00+01:00,87,3,84,9.504121716770046,119,3,116,9.275729661817119
2020-11-29 08:00:00+01:00,110,4,106,20.964248322238312,128,4,124,16.268122259148125
2020-11-29 09:00:00+01:00,118,4,114,16.65435568776215,166,6,160,16.094287115128708
2020-11-29 10:00:00+01:00,106,4,102,19.560878716092326,149,5,144,17.937448228249327
2020-11-29 11:00:00+01:00,82,3,79,8.6962433625344,98,3,95,9.366341704429512
2020-11-29 12:00:00+01:00,86,3,83,9.565861223121674,119,3,116,9.275729661817119
2020-11-29 13:00:00+01:00,89,3,86,10.527801976587284,98,4,94,9.366341704429512
2020-11-29 14:00:00+01:00,86,3,83,9.565861223121674,119,3,116,9.275729661817119
2020-11-29 15:00:00+01:00,96,4,92,10.792244903732447,127,4,123,18.022773693841014
2020-11-29 16:00:00+01:00,97,4,93,12.91170780960746,118,4,114,16.65435568776215
2020-11-29 17:00:00+01:00,117,4,113,13.539944397802945,135,5,130,20.27811899595658
2020-11-29 18:00:00+01:00,109,4,105,18.214376818550008,139,5,134,19.408576933840735
2020-11-29 19:00:00+01:00,89,3,86,10.527801976587284,90,3,87,10.477669283936715
2020-11-29 20:00:00+01:00,74,3,71,9.886934519670994,107,4,103,12.742346635562697
2020-11-29 21:00:00+01:00,73,2,71,10.015349835153332,86,3,83,9.565861223121674
2020-11-29 22:00:00+01:00,59,2,57,11.512224289105106,74,3,71,9.886934519670994
2020-11-29 23:00:00+01:00,29,1,28,0.5419439371488394,36,1,35,2.727177547566476
2020-11-30 00:00:00+01:00,39,3,36,6.782457974710225,37,4,33,2.066086063070793
2020-11-30 01:00:00+01:00,26,2,24,1.5382661455122164,26,2,24,1.5382661455122164
2020-11-30 02:00:00+01:00,24,2,22,1.5004308879154395,26,2,24,1.5382661455122164
2020-11-30 03:00:00+01:00,37,3,34,2.066086063070793,39,4,35,6.782457974710225
2020-11-30 04:00:00+01:00,60,5,55,10.583722413773145,62,6,56,14.48690450543278
2020-11-30 05:00:00+01:00,108,10,98,14.813734676069407,112,11,101,14.898852003445265
2020-11-30 06:00:00+01:00,136,13,123,16.594078125250377,142,16,126,21.623487252479663
2020-11-30 07:00:00+01:00,226,22,204,20.308697708911414,214,23,191,18.560318290748608
2020-11-30 08:00:00+01:00,239,24,215,13.74553452780325,235,29,206,20.674840106170866
2020-11-30 09:00:00+01:00,154,16,138,23.457384968254527,151,18,133,19.408157188048275
2020-11-30 10:00:00+01:00,128,11,117,19.601953989978306,128,12,116,19.601953989978306
2020-11-30 11:00:00+01:00,152,13,139,20.188330220444417,154,15,139,23.457384968254527
2020-11-30 12:00:00+01:00,123,13,110,19.074654696202938,128,14,114,19.601953989978306
2020-11-30 13:00:00+01:00,127,11,116,19.116953333289125,125,13,112,23.026828253397017
2020-11-30 14:00:00+01:00,127,11,116,19.116953333289125,125,13,112,23.026828253397017
2020-11-30 15:00:00+01:00,139,12,127,18.732486269107348,137,15,122,18.928795118329443
2020-11-30 16:00:00+01:00,145,14,131,18.85528596371164,157,17,140,23.857880119976507
2020-11-30 17:00:00+01:00,216,21,195,21.273439412003903,220,27,193,16.758079648934128
2020-11-30 18:00:00+01:00,228,21,207,15.818609956751573,225,22,203,17.07968654570721
2020-11-30 19:00:00+01:00,168,15,153,20.304807772345505,167,18,149,21.39117903937357
2020-11-30 20:00:00+01:00,166,16,150,18.57114730689396,170,20,150,19.775542485132945
2020-11-30 21:00:00+01:00,122,13,109,20.245567873519157,131,15,116,14.183230975852695
2020-11-30 22:00:00+01:00,89,8,81,17.562315027840828,89,8,81,17.562315027840828
2020-11-30 23:00:00+01:00,63,5,58,14.929801273937542,62,6,56,14.48690450543278
2020-12-01 00:00:00+01:00,33,2,31,5.985660510090718,39,3,36,6.782457974710225
2020-12-01 01:00:00+01:00,22,1,21,0.1277873501672996,26,2,24,1.5382661455122164
2020-12-01 02:00:00+01:00,25,2,23,1.1875344360364632,27,2,25,1.9016023008994223
2020-12-01 03:00:00+01:00,38,3,35,11.101073107969722,40,4,36,5.275608835029151
2020-12-01 04:00:00+01:00,62,5,57,14.48690450543278,62,5,57,14.48690450543278
2020-12-01 05:00:00+01:00,101,8,93,11.280950715811313,121,12,109,20.317620945183666
2020-12-01 06:00:00+01:00,138,11,127,20.21600799483387,138,14,124,20.21600799483387
2020-12-01 07:00:00+01:00,192,17,175,21.295822766447603,225,21,204,17.07968654570721
2020-12-01 08:00:00+01:00,218,18,200,22.57742359713229,242,27,215,20.990360069331732
2020-12-01 09:00:00+01:00,142,13,129,21.623487252479663,164,16,148,22.827361263214527
2020-12-01 10:00:00+01:00,129,10,119,17.995114557081255,131,11,120,14.183230975852695
2020-12-01 11:00:00+01:00,142,11,131,21.623487252479663,164,16,148,22.827361263214527
2020-12-01 12:00:00+01:00,129,10,119,17.995114557081255,131,11,120,14.183230975852695
2020-12-01 13:00:00+01:00,119,9,110,22.46945513312648,129,12,117,17.995114557081255
2020-12-01 14:00:00+01:00,119,9,110,22.46945513312648,129,12,117,17.995114557081255
2020-12-01 15:00:00+01:00,130,10,120,15.65660051079879,144,12,132,22.91915418498221
2020-12-01 16:00:00+01:00,139,13,126,18.732486269107348,150,15,135,17.939622434692456
2020-12-01 17:00:00+01:00,209,17,192,22.16757043059366,224,19,205,16.30248157536985
2020-12-01 18:00:00+01:00,213,17,196,20.488166305452438,246,24,222,17.57126233227549
2020-12-01 19:00:00+01:00,153,14,139,14.915022999208679,172,15,157,19.644113972447897
2020-12-01 20:00:00+01:00,155,15,140,19.469409355748308,165,18,147,20.56038540292619
2020-12-01 21:00:00+01:00,119,11,108,22.46945513312648,129,12,117,17.995114557081255
2020-12-01 22:00:00+01:00,83,6,77,18.699193296190067,90,9,81,13.960700117154147
2020-12-01 23:00:00+01:00,58,4,54,10.505136369992313,67,7,60,12.5039951599288
2020-12-02 00:00:00+01:00,38,4,34,7.590795833711637,34,3,31,11.019687492562438
2020-12-02 01:00:00+01:00,25,3,22,4.851536786659508,25,2,23,4.851536786659508
2020-12-02 02:00:00+01:00,25,2,23,4.851536786659508,25,2,23,4.851536786659508
2020-12-02 03:00:00+01:00,38,4,34,7.590795833711637,34,3,31,11.019687492562438
2020-12-02 04:00:00+01:00,63,7,56,13.630126271531418,62,6,56,12.779859753427614
2020-12-02 05:00:00+01:00,114,13,101,17.516346710171707,112,12,100,16.537505199847164
2020-12-02 06:00:00+01:00,140,19,121,17.88117043007633,141,14,127,16.082921323202
2020-12-02 07:00:00+01:00,214,24,190,24.48806340301503,203,19,184,21.5050173548228
2020-12-02 08:00:00+01:00,226,28,198,20.105295377891462,220,27,193,18.729640796362187
2020-12-02 09:00:00+01:00,153,19,134,18.89706115395996,139,16,123,21.474746575274906
2020-12-02 10:00:00+01:00,126,17,109,16.250667590352332,123,13,110,15.262138605096247
2020-12-02 11:00:00+01:00,153,18,135,18.89706115395996,139,16,123,21.474746575274906
2020-12-02 12:00:00+01:00,126,17,109,16.250667590352332,123,13,110,15.262138605096247
2020-12-02 13:00:00+01:00,127,15,112,19.95892802947898,120,14,106,10.291257377501918
2020-12-02 14:00:00+01:00,127,16,111,19.95892802947898,120,14,106,10.291257377501918
2020-12-02 15:00:00+01:00,140,18,122,17.88117043007633,141,14,127,16.082921323202
2020-12-02 16:00:00+01:00,151,17,134,19.198981193831877,149,16,133,18.476483571588744
2020-12-02 17:00:00+01:00,217,26,191,20.47500927792046,213,24,189,16.70464389525102
2020-12-02 18:00:00+01:00,232,26,206,24.606618615768106,205,22,183,18.29833304368066
2020-12-02 19:00:00+01:00,167,22,145,16.493575022686013,154,14,140,25.102227050596255
2020-12-02 20:00:00+01:00,167,21,146,16.493575022686013,154,14,140,25.102227050596255
2020-12-02 21:00:00+01:00,129,16,113,12.321757402623772,125,13,112,14.698947587184879
2020-12-02 22:00:00+01:00,89,11,78,16.127888447212325,79,9,70,16.621554061874914
2020-12-02 23:00:00+01:00,63,8,55,13.630126271531418,62,6,56,12.779859753427614
2020-12-03 00:00:00+01:00,35,2,33,7.122002820118646,36,5,31,3.0873599992209124
2020-12-03 01:00:00+01:00,23,1,22,0.4122417358964417,25,3,22,1.1875344360364632
2020-12-03 02:00:00+01:00,25,2,23,1.1875344360364632,25,3,22,1.1875344360364632
2020-12-03 03:00:00+01:00,37,3,34,2.066086063070793,38,5,33,11.101073107969722
2020-12-03 04:00:00+01:00,59,5,54,10.572210467564378,58,7,51,10.505136369992313
2020-12-03 05:00:00+01:00,106,9,97,12.94750706735717,114,18,96,18.09348958441383
2020-12-03 06:00:00+01:00,124,11,113,17.53992981591413,129,19,110,17.995114557081255
2020-12-03 07:00:00+01:00,195,14,181,23.83440770251287,216,27,189,21.273439412003903
2020-12-03 08:00:00+01:00,212,19,193,18.597605283865732,231,33,198,16.702836426900134
2020-12-03 09:00:00+01:00,140,10,130,15.331768592489755,140,20,120,15.331768592489755
2020-12-03 10:00:00+01:00,109,9,100,14.645038576883659,117,15,102,21.891304075969387
2020-12-03 11:00:00+01:00,150,12,138,17.939622434692456,153,18,135,14.915022999208679
2020-12-03 12:00:00+01:00,115,8,107,27.52702584121565,121,19,102,20.317620945183666
2020-12-03 13:00:00+01:00,122,9,113,20.245567873519157,128,19,109,19.601953989978306
2020-12-03 14:00:00+01:00,114,8,106,18.09348958441383,121,19,102,20.317620945183666
2020-12-03 15:00:00+01:00,134,10,124,14.701306049248211,135,21,114,21.280002906629502
2020-12-03 16:00:00+01:00,149,11,138,20.003285796587473,153,18,135,14.915022999208679
2020-12-03 17:00:00+01:00,196,15,181,20.04912381427717,216,27,189,21.273439412003903
2020-12-03 18:00:00+01:00,212,19,193,18.597605283865732,231,33,198,16.702836426900134
2020-12-03 19:00:00+01:00,152,11,141,20.188330220444417,162,21,141,19.08849102929865
2020-12-03 20:00:00+01:00,165,13,152,20.56038540292619,160,24,136,19.89239402952506
2020-12-03 21:00:00+01:00,127,10,117,19.116953333289125,117,15,102,21.891304075969387
2020-12-03 22:00:00+01:00,87,7,80,17.896548892855574,85,10,75,19.289671453475872
2020-12-03 23:00:00+01:00,56,4,52,10.152150256689218,64,8,56,14.414592943793718
2020-12-04 00:00:00+01:00,38,3,35,11.101073107969722,38,4,34,11.101073107969722
2020-12-04 01:00:00+01:00,25,2,23,1.1875344360364632,25,2,23,1.1875344360364632
2020-12-04 02:00:00+01:00,25,2,23,1.1875344360364632,25,2,23,1.1875344360364632
2020-12-04 03:00:00+01:00,37,3,34,2.066086063070793,38,4,34,11.101073107969722
2020-12-04 04:00:00+01:00,63,6,57,14.929801273937542,58,5,53,10.505136369992313
2020-12-04 05:00:00+01:00,113,12,101,20.093188266697116,113,11,102,20.093188266697116
2020-12-04 06:00:00+01:00,140,13,127,15.331768592489755,129,13,116,17.995114557081255
2020-12-04 07:00:00+01:00,210,19,191,16.3212742992447,212,18,194,18.597605283865732
2020-12-04 08:00:00+01:00,228,23,205,15.818609956751573,211,19,192,18.759232281731908
2020-12-04 09:00:00+01:00,147,14,133,20.208056467665056,153,13,140,14.915022999208679
2020-12-04 10:00:00+01:00,124,11,113,17.53992981591413,117,12,105,21.891304075969387
2020-12-04 11:00:00+01:00,153,15,138,14.915022999208679,148,13,135,18.058884943386857
2020-12-04 12:00:00+01:00,129,13,116,17.995114557081255,123,10,113,19.074654696202938
2020-12-04 13:00:00+01:00,124,12,112,17.53992981591413,117,12,105,21.891304075969387
2020-12-04 14:00:00+01:00,128,12,116,19.601953989978306,123,10,113,19.074654696202938
2020-12-04 15:00:00+01:00,136,14,122,16.594078125250377,138,14,124,20.21600799483387
2020-12-04 16:00:00+01:00,145,14,131,18.85528596371164,154,15,139,23.457384968254527
2020-12-04 17:00:00+01:00,207,22,185,21.877297854955202,202,19,183,22.500350864850866
2020-12-04 18:00:00+01:00,218,21,197,22.57742359713229,227,25,202,19.269071808142694
2020-12-04 19:00:00+01:00,158,15,143,21.67102174389251,159,15,144,17.78748005044877
2020-12-04 20:00:00+01:00,160,14,146,19.89239402952506,159,13,146,17.78748005044877
2020-12-04 21:00:00+01:00,123,11,112,19.074654696202938,123,12,111,19.074654696202938
2020-12-04 22:00:00+01:00,86,8,78,21.204994436842384,85,7,78,19.289671453475872
2020-12-04 23:00:00+01:00,61,6,55,12.362973378192347,58,5,53,10.505136369992313
2020-12-05 00:00:00+01:00,37,2,35,3.5125252112896685,39,2,37,6.913338666308079
2020-12-05 01:00:00+01:00,24,1,23,0.16633697306049489,26,1,25,0.13434729751860394
2020-12-05 02:00:00+01:00,25,1,24,0.10677168789919293,26,1,25,0.13434729751860394
2020-12-05 03:00:00+01:00,38,2,36,5.960450042509954,39,2,37,6.913338666308079
2020-12-05 04:00:00+01:00,48,3,45,9.964553643509852,52,2,50,14.472017643602554
2020-12-05 05:00:00+01:00,62,4,58,14.019247608895405,65,4,61,10.13470849860639
2020-12-05 06:00:00+01:00,101,6,95,14.022694861996197,105,6,99,16.343560716114418
2020-12-05 07:00:00+01:00,147,9,138,16.306492316544293,159,10,149,19.89258263570152
2020-12-05 08:00:00+01:00,206,11,195,20.90053052788098,208,12,196,18.807092053665322
2020-12-05 09:00:00+01:00,213,14,199,20.238518600536185,223,14,209,18.802339292525456
2020-12-05 10:00:00+01:00,187,12,175,15.611538170802525,198,12,186,20.173795644408123
2020-12-05 11:00:00+01:00,152,10,142,18.686880121910534,155,8,147,18.708796369633056
2020-12-05 12:00:00+01:00,145,8,137,19.922746131926434,158,8,150,19.40470350916573
2020-12-05 13:00:00+01:00,167,9,158,19.047083059371815,172,10,162,18.863206387348974
2020-12-05 14:00:00+01:00,154,8,146,19.868163821621103,155,8,147,18.708796369633056
2020-12-05 15:00:00+01:00,169,9,160,20.526675282456768,185,10,175,20.88033942284811
2020-12-05 16:00:00+01:00,172,10,162,18.863206387348974,186,9,177,20.400698976924794
2020-12-05 17:00:00+01:00,199,12,187,19.11274068140836,209,10,199,16.60419034744366
2020-12-05 18:00:00+01:00,190,11,179,20.182913119811044,197,10,187,19.118279085736297
2020-12-05 19:00:00+01:00,146,9,137,19.4340926707284,157,8,149,19.700921436065542
2020-12-05 20:00:00+01:00,142,8,134,19.57947604189084,146,8,138,19.4340926707284
2020-12-05 21:00:00+01:00,124,7,117,14.467255533674502,129,7,122,12.81298343964759
2020-12-05 22:00:00+01:00,100,6,94,12.129363492765288,105,7,98,16.343560716114418
2020-12-05 23:00:00+01:00,49,3,46,12.126419816698254,52,2,50,14.472017643602554
2020-12-06 00:00:00+01:00,21,0,21,0.0727095127790566,25,0,25,0.10677168789919293
2020-12-06 01:00:00+01:00,14,0,14,0.0,18,0,18,0.014449312499738909
2020-12-06 02:00:00+01:00,13,0,13,0.0,18,0,18,0.014449312499738909
2020-12-06 03:00:00+01:00,20,0,20,0.04910283862897408,25,0,25,0.10677168789919293
2020-12-06 04:00:00+01:00,29,1,28,0.5419439371488394,36,1,35,2.727177547566476
2020-12-06 05:00:00+01:00,36,1,35,2.727177547566476,48,1,47,9.964553643509852
2020-12-06 06:00:00+01:00,57,2,55,11.247345675463038,74,3,71,9.886934519670994
2020-12-06 07:00:00+01:00,87,3,84,9.504121716770046,119,3,116,9.275729661817119
2020-12-06 08:00:00+01:00,110,4,106,20.964248322238312,128,4,124,16.268122259148125
2020-12-06 09:00:00+01:00,118,4,114,16.65435568776215,166,6,160,16.094287115128708
2020-12-06 10:00:00+01:00,106,4,102,19.560878716092326,149,5,144,17.937448228249327
2020-12-06 11:00:00+01:00,82,3,79,8.6962433625344,98,3,95,9.366341704429512
2020-12-06 12:00:00+01:00,86,3,83,9.565861223121674,119,3,116,9.275729661817119
2020-12-06 13:00:00+01:00,89,3,86,10.527801976587284,98,4,94,9.366341704429512
2020-12-06 14:00:00+01:00,86,3,83,9.565861223121674,119,3,116,9.275729661817119
2020-12-06 15:00:00+01:00,96,4,92,10.792244903732447,127,4,123,18.022773693841014
2020-12-06 16:00:00+01:00,97,4,93,12.91170780960746,118,4,114,16.65435568776215
2020-12-06 17:00:00+01:00,117,4,113,13.539944397802945,135,5,130,20.27811899595658
2020-12-06 18:00:00+01:00,109,4,105,18.214376818550008,139,5,134,19.408576933840735
2020-12-06 19:00:00+01:00,89,3,86,10.527801976587284,90,3,87,10.477669283936715
2020-12-06 20:00:00+01:00,74,3,71,9.886934519670994,107,4,103,12.742346635562697
2020-12-06 21:00:00+01:00,73,2,71,10.015349835153332,86,3,83,9.565861223121674
2020-12-06 22:00:00+01:00,59,2,57,11.512224289105106,74,3,71,9.886934519670994
2020-12-06 23:00:00+01:00,29,1,28,0.5419439371488394,36,1,35,2.727177547566476
2020-12-07 00:00:00+01:00,39,3,36,6.782457974710225,37,4,33,2.066086063070793
2020-12-07 01:00:00+01:00,26,2,24,1.5382661455122164,26,2,24,1.5382661455122164
2020-12-07 02:00:00+01:00,24,2,22,1.5004308879154395,26,2,24,1.5382661455122164
2020-12-07 03:00:00+01:00,37,3,34,2.066086063070793,39,4,35,6.782457974710225
2020-12-07 04:00:00+01:00,60,5,55,10.583722413773145,62,6,56,14.48690450543278
2020-12-07 05:00:00+01:00,108,10,98,14.813734676069407,112,11,101,14.898852003445265
2020-12-07 06:00:00+01:00,136,13,123,16.594078125250377,142,16,126,21.623487252479663
2020-12-07 07:00:00+01:00,226,22,204,20.308697708911414,214,23,191,18.560318290748608
2020-12-07 08:00:00+01:00,239,24,215,13.74553452780325,235,29,206,20.674840106170866
2020-12-07 09:00:00+01:00,154,16,138,23.457384968254527,151,18,133,19.408157188048275
2020-12-07 10:00:00+01:00,128,11,117,19.601953989978306,128,12,116,19.601953989978306
2020-12-07 11:00:00+01:00,152,13,139,20.188330220444417,154,15,139,23.457384968254527
2020-12-07 12:00:00+01:00,123,13,110,19.074654696202938,128,14,114,19.601953989978306
2020-12-07 13:00:00+01:00,127,11,116,19.116953333289125,125,13,112,23.026828253397017
2020-12-07 14:00:00+01:00,127,11,116,19.116953333289125,125,13,112,23.026828253397017
2020-12-07 15:00:00+01:00,139,12,127,18.732486269107348,137,15,122,18.928795118329443
2020-12-07 16:00:00+01:00,145,14,131,18.85528596371164,157,17,140,23.857880119976507
2020-12-07 17:00:00+01:00,216,21,195,21.273439412003903,220,27,193,16.758079648934128
2020-12-07 18:00:00+01:00,228,21,207,15.818609956751573,225,22,203,17.07968654570721
2020-12-07 19:00:00+01:00,168,15,153,20.304807772345505,167,18,149,21.39117903937357
2020-12-07 20:00:00+01:00,166,16,150,18.57114730689396,170,20,150,19.775542485132945
2020-12-07 21:00:00+01:00,122,13,109,20.245567873519157,131,15,116,14.183230975852695
2020-12-07 22:00:00+01:00,89,8,81,17.562315027840828,89,8,81,17.562315027840828
2020-12-07 23:00:00+01:00,63,5,58,14.929801273937542,62,6,56,14.48690450543278
2020-12-08 00:00:00+01:00,33,2,31,5.985660510090718,39,3,36,6.782457974710225
2020-12-08 01:00:00+01:00,22,1,21,0.1277873501672996,26,2,24,1.5382661455122164
2020-12-08 02:00:00+01:00,25,2,23,1.1875344360364632,27,2,25,1.9016023008994223
2020-12-08 03:00:00+01:00,38,3,35,11.101073107969722,40,4,36,5.275608835029151
2020-12-08 04:00:00+01:00,62,5,57,14.48690450543278,62,5,57,14.48690450543278
2020-12-08 05:00:00+01:00,101,8,93,11.280950715811313,121,12,109,20.317620945183666
2020-12-08 06:00:00+01:00,138,11,127,20.21600799483387,138,14,124,20.21600799483387
2020-12-08 07:00:00+01:00,192,17,175,21.295822766447603,225,21,204,17.07968654570721
2020-12-08 08:00:00+01:00,218,18,200,22.57742359713229,242,27,215,20.990360069331732
2020-12-08 09:00:00+01:00,142,13,129,21.623487252479663,164,16,148,22.827361263214527
2020-12-08 10:00:00+01:00,129,10,119,17.995114557081255,131,11,120,14.183230975852695
2020-12-08 11:00:00+01:00,142,11,131,21.623487252479663,164,16,148,22.827361263214527
2020-12-08 12:00:00+01:00,129,10,119,17.995114557081255,131,11,120,14.183230975852695
2020-12-08 13:00:00+01:00,119,9,110,22.46945513312648,129,12,117,17.995114557081255
2020-12-08 14:00:00+01:00,119,9,110,22.46945513312648,129,12,117,17.995114557081255
2020-12-08 15:00:00+01:00,130,10,120,15.65660051079879,144,12,132,22.91915418498221
2020-12-08 16:00:00+01:00,139,13,126,18.732486269107348,150,15,135,17.939622434692456
2020-12-08 17:00:00+01:00,209,17,192,22.16757043059366,224,19,205,16.30248157536985
2020-12-08 18:00:00+01:00,213,17,196,20.488166305452438,246,24,222,17.57126233227549
2020-12-08 19:00:00+01:00,153,14,139,14.915022999208679,172,15,157,19.644113972447897
2020-12-08 20:00:00+01:00,155,15,140,19.469409355748308,165,18,147,20.56038540292619
2020-12-08 21:00:00+01:00,119,11,108,22.46945513312648,129,12,117,17.995114557081255
2020-12-08 22:00:00+01:00,83,6,77,18.699193296190067,90,9,81,13.960700117154147
2020-12-08 23:00:00+01:00,58,4,54,10.505136369992313,67,7,60,12.5039951599288
2020-12-09 00:00:00+01:00,38,4,34,7.590795833711637,34,3,31,11.019687492562438
2020-12-09 01:00:00+01:00,25,3,22,4.851536786659508,25,2,23,4.851536786659508
2020-12-09 02:00:00+01:00,25,2,23,4.851536786659508,25,2,23,4.851536786659508
2020-12-09 03:00:00+01:00,38,4,34,7.590795833711637,34,3,31,11.019687492562438
2020-12-09 04:00:00+01:00,63,7,56,13.630126271531418,62,6,56,12.779859753427614
2020-12-09 05:00:00+01:00,114,13,101,17.516346710171707,112,12,100,16.537505199847164
2020-12-09 06:00:00+01:00,140,19,121,17.88117043007633,141,14,127,16.082921323202
2020-12-09 07:00:00+01:00,214,24,190,24.48806340301503,203,19,184,21.5050173548228
2020-12-09 08:00:00+01:00,226,28,198,20.105295377891462,220,27,193,18.729640796362187
2020-12-09 09:00:00+01:00,153,19,134,18.89706115395996,139,16,123,21.474746575274906
2020-12-09 10:00:00+01:00,126,17,109,16.250667590352332,123,13,110,15.262138605096247
2020-12-09 11:00:00+01:00,153,18,135,18.89706115395996,139,16,123,21.474746575274906
2020-12-09 12:00:00+01:00,126,17,109,16.250667590352332,123,13,110,15.262138605096247
2020-12-09 13:00:00+01:00,127,15,112,19.95892802947898,120,14,106,10.291257377501918
2020-12-09 14:00:00+01:00,127,16,111,19.95892802947898,120,14,106,10.291257377501918
2020-12-09 15:00:00+01:00,140,18,122,17.88117043007633,141,14,127,16.082921323202
2020-12-09 16:00:00+01:00,151,17,134,19.198981193831877,149,16,133,18.476483571588744
2020-12-09 17:00:00+01:00,217,26,191,20.47500927792046,213,24,189,16.70464389525102
2020-12-09 18:00:00+01:00,232,26,206,24.606618615768106,205,22,183,18.29833304368066
2020-12-09 19:00:00+01:00,167,22,145,16.493575022686013,154,14,140,25.102227050596255
2020-12-09 20:00:00+01:00,167,21,146,16.493575022686013,154,14,140,25.102227050596255
2020-12-09 21:00:00+01:00,129,16,113,12.321757402623772,125,13,112,14.698947587184879
2020-12-09 22:00:00+01:00,89,11,78,16.127888447212325,79,9,70,16.621554061874914
2020-12-09 23:00:00+01:00,63,8,55,13.630126271531418,62,6,56,12.779859753427614
2020-12-10 00:00:00+01:00,35,2,33,7.122002820118646,36,5,31,3.0873599992209124
2020-12-10 01:00:00+01:00,23,1,22,0.4122417358964417,25,3,22,1.1875344360364632
2020-12-10 02:00:00+01:00,25,2,23,1.1875344360364632,25,3,22,1.1875344360364632
2020-12-10 03:00:00+01:00,37,3,34,2.066086063070793,38,5,33,11.101073107969722
2020-12-10 04:00:00+01:00,59,5,54,10.572210467564378,58,7,51,10.505136369992313
2020-12-10 05:00:00+01:00,106,9,97,12.94750706735717,114,18,96,18.09348958441383
2020-12-10 06:00:00+01:00,124,11,113,17.53992981591413,129,19,110,17.995114557081255
2020-12-10 07:00:00+01:00,195,14,181,23.83440770251287,216,27,189,21.273439412003903
2020-12-10 08:00:00+01:00,212,19,193,18.597605283865732,231,33,198,16.702836426900134
2020-12-10 09:00:00+01:00,140,10,130,15.331768592489755,140,20,120,15.331768592489755
2020-12-10 10:00:00+01:00,109,9,100,14.645038576883659,117,15,102,21.891304075969387
2020-12-10 11:00:00+01:00,150,12,138,17.939622434692456,153,18,135,14.915022999208679
2020-12-10 12:00:00+01:00,115,8,107,27.52702584121565,121,19,102,20.317620945183666
2020-12-10 13:00:00+01:00,122,9,113,20.245567873519157,128,19,109,19.601953989978306
2020-12-10 14:00:00+01:00,114,8,106,18.09348958441383,121,19,102,20.317620945183666
2020-12-10 15:00:00+01:00,134,10,124,14.701306049248211,135,21,114,21.280002906629502
2020-12-10 16:00:00+01:00,149,11,138,20.003285796587473,153,18,135,14.915022999208679
2020-12-10 17:00:00+01:00,196,15,181,20.04912381427717,216,27,189,21.273439412003903
2020-12-10 18:00:00+01:00,212,19,193,18.597605283865732,231,33,198,16.702836426900134
2020-12-10 19:00:00+01:00,152,11,141,20.188330220444417,162,21,141,19.08849102929865
2020-12-10 20:00:00+01:00,165,13,152,20.56038540292619,160,24,136,19.89239402952506
2020-12-10 21:00:00+01:00,127,10,117,19.116953333289125,117,15,102,21.891304075969387
2020-12-10 22:00:00+01:00,87,7,80,17.896548892855574,85,10,75,19.289671453475872
2020-12-10 23:00:00+01:00,56,4,52,10.152150256689218,64,8,56,14.414592943793718
2020-12-11 00:00:00+01:00,38,3,35,11.101073107969722,38,4,34,11.101073107969722
2020-12-11 01:00:00+01:00,25,2,23,1.1875344360364632,25,2,23,1.1875344360364632
2020-12-11 02:00:00+01:00,25,2,23,1.1875344360364632,25,2,23,1.1875344360364632
2020-12-11 03:00:00+01:00,37,3,34,2.066086063070793,38,4,34,11.101073107969722
2020-12-11 04:00:00+01:00,63,6,57,14.929801273937542,58,5,53,10.505136369992313
2020-12-11 05:00:00+01:00,113,12,101,20.093188266697116,113,11,102,20.093188266697116
2020-12-11 06:00:00+01:00,140,13,127,15.331768592489755,129,13,116,17.995114557081255
2020-12-11 07:00:00+01:00,210,19,191,16.3212742992447,212,18,194,18.597605283865732
2020-12-11 08:00:00+01:00,228,23,205,15.818609956751573,211,19,192,18.759232281731908
2020-12-11 09:00:00+01:00,147,14,133,20.208056467665056,153,13,140,14.915022999208679
2020-12-11 10:00:00+01:00,124,11,113,17.53992981591413,117,12,105,21.891304075969387
2020-12-11 11:00:00+01:00,153,15,138,14.915022999208679,148,13,135,18.058884943386857
2020-12-11 12:00:00+01:00,129,13,116,17.995114557081255,123,10,113,19.074654696202938
2020-12-11 13:00:00+01:00,124,12,112,17.53992981591413,117,12,105,21.891304075969387
2020-12-11 14:00:00+01:00,128,12,116,19.601953989978306,123,10,113,19.074654696202938
2020-12-11 15:00:00+01:00,136,14,122,16.594078125250377,138,14,124,20.21600799483387
2020-12-11 16:00:00+01:00,145,14,131,18.85528596371164,154,15,139,23.457384968254527
2020-12-11 17:00:00+01:00,207,22,185,21.877297854955202,202,19,183,22.500350864850866
2020-12-11 18:00:00+01:00,218,21,197,22.57742359713229,227,25,202,19.269071808142694
2020-12-11 19:00:00+01:00,158,15,143,21.67102174389251,159,15,144,17.78748005044877
2020-12-11 20:00:00+01:00,160,14,146,19.89239402952506,159,13,146,17.78748005044877
2020-12-11 21:00:00+01:00,123,11,112,19.074654696202938,123,12,111,19.074654696202938
2020-12-11 22:00:00+01:00,86,8,78,21.204994436842384,85,7,78,19.289671453475872
2020-12-11 23:00:00+01:00,61,6,55,12.362973378192347,58,5,53,10.505136369992313
2020-12-12 00:00:00+01:00,37,2,35,3.5125252112896685,39,2,37,6.913338666308079
2020-12-12 01:00:00+01:00,24,1,23,0.16633697306049489,26,1,25,0.13434729751860394
2020-12-12 02:00:00+01:00,25,1,24,0.10677168789919293,26,1,25,0.13434729751860394
2020-12-12 03:00:00+01:00,38,2,36,5.960450042509954,39,2,37,6.913338666308079
2020-12-12 04:00:00+01:00,48,3,45,9.964553643509852,52,2,50,14.472017643602554
2020-12-12 05:00:00+01:00,62,4,58,14.019247608895405,65,4,61,10.13470849860639
2020-12-12 06:00:00+01:00,101,6,95,14.022694861996197,105,6,99,16.343560716114418
2020-12-12 07:00:00+01:00,147,9,138,16.306492316544293,159,10,149,19.89258263570152
2020-12-12 08:00:00+01:00,206,11,195,20.90053052788098,208,12,196,18.807092053665322
2020-12-12 09:00:00+01:00,213,14,199,20.238518600536185,223,14,209,18.802339292525456
2020-12-12 10:00:00+01:00,187,12,175,15.611538170802525,198,12,186,20.173795644408123
2020-12-12 11:00:00+01:00,152,10,142,18.686880121910534,155,8,147,18.708796369633056
2020-12-12 12:00:00+01:00,145,8,137,19.922746131926434,158,8,150,19.40470350916573
2020-12-12 13:00:00+01:00,167,9,158,19.047083059371815,172,10,162,18.863206387348974
2020-12-12 14:00:00+01:00,154,8,146,19.868163821621103,155,8,147,18.708796369633056
2020-12-12 15:00:00+01:00,169,9,160,20.526675282456768,185,10,175,20.88033942284811
2020-12-12 16:00:00+01:00,172,10,162,18.863206387348974,186,9,177,20.400698976924794
2020-12-12 17:00:00+01:00,199,12,187,19.11274068140836,209,10,199,16.60419034744366
2020-12-12 18:00:00+01:00,190,11,179,20.182913119811044,197,10,187,19.118279085736297
2020-12-12 19:00:00+01:00,146,9,137,19.4340926707284,157,8,149,19.700921436065542
2020-12-12 20:00:00+01:00,142,8,134,19.57947604189084,146,8,138,19.4340926707284
2020-12-12 21:00:00+01:00,124,7,117,14.467255533674502,129,7,122,12.81298343964759
2020-12-12 22:00:00+01:00,100,6,94,12.129363492765288,105,7,98,16.343560716114418
2020-12-12 23:00:00+01:00,49,3,46,12.126419816698254,52,2,50,14.472017643602554
2020-12-13 00:00:00+01:00,21,0,21,0.0727095127790566,25,0,25,0.10677168789919293
2020-12-13 01:00:00+01:00,14,0,14,0.0,18,0,18,0.014449312499738909
2020-12-13 02:00:00+01:00,13,0,13,0.0,18,0,18,0.014449312499738909
2020-12-13 03:00:00+01:00,20,0,20,0.04910283862897408,25,0,25,0.10677168789919293
2020-12-13 04:00:00+01:00,29,1,28,0.5419439371488394,36,1,35,2.727177547566476
2020-12-13 05:00:00+01:00,36,1,35,2.727177547566476,48,1,47,9.964553643509852
2020-12-13 06:00:00+01:00,57,2,55,11.247345675463038,74,3,71,9.886934519670994
2020-12-13 07:00:00+01:00,87,3,84,9.504121716770046,119,3,116,9.275729661817119
2020-12-13 08:00:00+01:00,110,4,106,20.964248322238312,128,4,124,16.268122259148125
2020-12-13 09:00:00+01:00,118,4,114,16.65435568776215,166,6,160,16.094287115128708
2020-12-13 10:00:00+01:00,106,4,102,19.560878716092326,149,5,144,17.937448228249327
2020-12-13 11:00:00+01:00,82,3,79,8.6962433625344,98,3,95,9.366341704429512
2020-12-13 12:00:00+01:00,86,3,83,9.565861223121674,119,3,116,9.275729661817119
2020-12-13 13:00:00+01:00,89,3,86,10.527801976587284,98,4,94,9.366341704429512
2020-12-13 14:00:00+01:00,86,3,83,9.565861223121674,119,3,116,9.275729661817119
2020-12-13 15:00:00+01:00,96,4,92,10.792244903732447,127,4,123,18.022773693841014
2020-12-13 16:00:00+01:00,97,4,93,12.91170780960746,118,4,114,16.65435568776215
2020-12-13 17:00:00+01:00,117,4,113,13.539944397802945,135,5,130,20.27811899595658
2020-12-13 18:00:00+01:00,109,4,105,18.214376818550008,139,5,134,19.408576933840735
2020-12-13 19:00:00+01:00,89,3,86,10.527801976587284,90,3,87,10.477669283936715
2020-12-13 20:00:00+01:00,74,3,71,9.886934519670994,107,4,103,12.742346635562697
2020-12-13 21:00:00+01:00,73,2,71,10.015349835153332,86,3,83,9.565861223121674
2020-12-13 22:00:00+01:00,59,2,57,11.512224289105106,74,3,71,9.886934519670994
2020-12-13 23:00:00+01:00,29,1,28,0.5419439371488394,36,1,35,2.727177547566476
2020-12-14 00:00:00+01:00,39,3,36,6.782457974710225,37,4,33,2.066086063070793
2020-12-14 01:00:00+01:00,26,2,24,1.5382661455122164,26,2,24,1.5382661455122164
2020-12-14 02:00:00+01:00,24,2,22,1.5004308879154395,26,2,24,1.5382661455122164
2020-12-14 03:00:00+01:00,37,3,34,2.066086063070793,39,4,35,6.782457974710225
2020-12-14 04:00:00+01:00,60,5,55,10.583722413773145,62,6,56,14.48690450543278
2020-12-14 05:00:00+01:00,108,10,98,14.813734676069407,112,11,101,14.898852003445265
2020-12-14 06:00:00+01:00,136,13,123,16.594078125250377,142,16,126,21.623487252479663
2020-12-14 07:00:00+01:00,226,22,204,20.308697708911414,214,23,191,18.560318290748608
2020-12-14 08:00:00+01:00,239,24,215,13.74553452780325,235,29,206,20.674840106170866
2020-12-14 09:00:00+01:00,154,16,138,23.457384968254527,151,18,133,19.408157188048275
2020-12-14 10:00:00+01:00,128,11,117,19.601953989978306,128,12,116,19.601953989978306
2020-12-14 11:00:00+01:00,152,13,139,20.188330220444417,154,15,139,23.457384968254527
2020-12-14 12:00:00+01:00,123,13,110,19.074654696202938,128,14,114,19.601953989978306
2020-12-14 13:00:00+01:00,127,11,116,19.116953333289125,125,13,112,23.026828253397017
2020-12-14 14:00:00+01:00,127,11,116,19.116953333289125,125,13,112,23.026828253397017
2020-12-14 15:00:00+01:00,139,12,127,18.732486269107348,137,15,122,18.928795118329443
2020-12-14 16:00:00+01:00,145,14,131,18.85528596371164,157,17,140,23.857880119976507
2020-12-14 17:00:00+01:00,216,21,195,21.273439412003903,220,27,193,16.758079648934128
2020-12-14 18:00:00+01:00,228,21,207,15.818609956751573,225,22,203,17.07968654570721
2020-12-14 19:00:00+01:00,168,15,153,20.304807772345505,167,18,149,21.39117903937357
2020-12-14 20:00:00+01:00,166,16,150,18.57114730689396,170,20,150,19.775542485132945
2020-12-14 21:00:00+01:00,122,13,109,20.245567873519157,131,15,116,14.183230975852695
2020-12-14 22:00:00+01:00,89,8,81,17.562315027840828,89,8,81,17.562315027840828
2020-12-14 23:00:00+01:00,63,5,58,14.929801273937542,62,6,56,14.48690450543278
2020-12-15 00:00:00+01:00,33,2,31,5.985660510090718,39,3,36,6.782457974710225
2020-12-15 01:00:00+01:00,22,1,21,0.1277873501672996,26,2,24,1.5382661455122164
2020-12-15 02:00:00+01:00,25,2,23,1.1875344360364632,27,2,25,1.9016023008994223
2020-12-15 03:00:00+01:00,38,3,35,11.101073107969722,40,4,36,5.275608835029151
2020-12-15 04:00:00+01:00,62,5,57,14.48690450543278,62,5,57,14.48690450543278
2020-12-15 05:00:00+01:00,101,8,93,11.280950715811313,121,12,109,20.317620945183666
2020-12-15 06:00:00+01:00,138,11,127,20.21600799483387,138,14,124,20.21600799483387
2020-12-15 07:00:00+01:00,192,17,175,21.295822766447603,225,21,204,17.07968654570721
2020-12-15 08:00:00+01:00,218,18,200,22.57742359713229,242,27,215,20.990360069331732
2020-12-15 09:00:00+01:00,142,13,129,21.623487252479663,164,16,148,22.827361263214527
2020-12-15 10:00:00+01:00,129,10,119,17.995114557081255,131,11,120,14.183230975852695
2020-12-15 11:00:00+01:00,142,11,131,21.623487252479663,164,16,148,22.827361263214527
2020-12-15 12:00:00+01:00,129,10,119,17.995114557081255,131,11,120,14.183230975852695
2020-12-15 13:00:00+01:00,119,9,110,22.46945513312648,129,12,117,17.995114557081255
2020-12-15 14:00:00+01:00,119,9,110,22.46945513312648,129,12,117,17.995114557081255
2020-12-15 15:00:00+01:00,130,10,120,15.65660051079879,144,12,132,22.91915418498221
2020-12-15 16:00:00+01:00,139,13,126,18.732486269107348,150,15,135,17.939622434692456
2020-12-15 17:00:00+01:00,209,17,192,22.16757043059366,224,19,205,16.30248157536985
2020-12-15 18:00:00+01:00,213,17,196,20.488166305452438,246,24,222,17.57126233227549
2020-12-15 19:00:00+01:00,153,14,139,14.915022999208679,172,15,157,19.644113972447897
2020-12-15 20:00:00+01:00,155,15,140,19.469409355748308,165,18,147,20.56038540292619
2020-12-15 21:00:00+01:00,119,11,108,22.46945513312648,129,12,117,17.995114557081255
2020-12-15 22:00:00+01:00,83,6,77,18.699193296190067,90,9,81,13.960700117154147
2020-12-15 23:00:00+01:00,58,4,54,10.505136369992313,67,7,60,12.5039951599288
2020-12-16 00:00:00+01:00,38,4,34,7.590795833711637,34,3,31,11.019687492562438
2020-12-16 01:00:00+01:00,25,3,22,4.851536786659508,25,2,23,4.851536786659508
2020-12-16 02:00:00+01:00,25,2,23,4.851536786659508,25,2,23,4.851536786659508
2020-12-16 03:00:00+01:00,38,4,34,7.590795833711637,34,3,31,11.019687492562438
2020-12-16 04:00:00+01:00,63,7,56,13.630126271531418,62,6,56,12.779859753427614
2020-12-16 05:00:00+01:00,114,13,101,17.516346710171707,112,12,100,16.537505199847164
2020-12-16 06:00:00+01:00,140,19,121,17.88117043007633,141,14,127,16.082921323202
2020-12-16 07:00:00+01:00,214,24,190,24.48806340301503,203,19,184,21.5050173548228
2020-12-16 08:00:00+01:00,226,28,198,20.105295377891462,220,27,193,18.729640796362187
2020-12-16 09:00:00+01:00,153,19,134,18.89706115395996,139,16,123,21.474746575274906
2020-12-16 10:00:00+01:00,126,17,109,16.250667590352332,123,13,110,15.262138605096247
2020-12-16 11:00:00+01:00,153,18,135,18.89706115395996,139,16,123,21.474746575274906
2020-12-16 12:00:00+01:00,126,17,109,16.250667590352332,123,13,110,15.262138605096247
2020-12-16 13:00:00+01:00,127,15,112,19.95892802947898,120,14,106,10.291257377501918
2020-12-16 14:00:00+01:00,127,16,111,19.95892802947898,120,14,106,10.291257377501918
2020-12-16 15:00:00+01:00,140,18,122,17.88117043007633,141,14,127,16.082921323202
2020-12-16 16:00:00+01:00,151,17,134,19.198981193831877,149,16,133,18.476483571588744
2020-12-16 17:00:00+01:00,217,26,191,20.47500927792046,213,24,189,16.70464389525102
2020-12-16 18:00:00+01:00,232,26,206,24.606618615768106,205,22,183,18.29833304368066
2020-12-16 19:00:00+01:00,167,22,145,16.493575022686013,154,14,140,25.102227050596255
2020-12-16 20:00:00+01:00,167,21,146,16.493575022686013,154,14,140,25.102227050596255
2020-12-16 21:00:00+01:00,129,16,113,12.321757402623772,125,13,112,14.698947587184879
2020-12-16 22:00:00+01:00,89,11,78,16.127888447212325,79,9,70,16.621554061874914
2020-12-16 23:00:00+01:00,63,8,55,13.630126271531418,62,6,56,12.779859753427614
2020-12-17 00:00:00+01:00,35,2,33,7.122002820118646,36,5,31,3.0873599992209124
2020-12-17 01:00:00+01:00,23,1,22,0.4122417358964417,25,3,22,1.1875344360364632
2020-12-17 02:00:00+01:00,25,2,23,1.1875344360364632,25,3,22,1.1875344360364632
2020-12-17 03:00:00+01:00,37,3,34,2.066086063070793,38,5,33,11.101073107969722
2020-12-17 04:00:00+01:00,59,5,54,10.572210467564378,58,7,51,10.505136369992313
2020-12-17 05:00:00+01:00,106,9,97,12.94750706735717,114,18,96,18.09348958441383
2020-12-17 06:00:00+01:00,124,11,113,17.53992981591413,129,19,110,17.995114557081255
2020-12-17 07:00:00+01:00,195,14,181,23.83440770251287,216,27,189,21.273439412003903
2020-12-17 08:00:00+01:00,212,19,193,18.597605283865732,231,33,198,16.702836426900134
2020-12-17 09:00:00+01:00,140,10,130,15.331768592489755,140,20,120,15.331768592489755
2020-12-17 10:00:00+01:00,109,9,100,14.645038576883659,117,15,102,21.891304075969387
2020-12-17 11:00:00+01:00,150,12,138,17.939622434692456,153,18,135,14.915022999208679
2020-12-17 12:00:00+01:00,115,8,107,27.52702584121565,121,19,102,20.317620945183666
2020-12-17 13:00:00+01:00,122,9,113,20.245567873519157,128,19,109,19.601953989978306
2020-12-17 14:00:00+01:00,114,8,106,18.09348958441383,121,19,102,20.317620945183666
2020-12-17 15:00:00+01:00,134,10,124,14.701306049248211,135,21,114,21.280002906629502
2020-12-17 16:00:00+01:00,149,11,138,20.003285796587473,153,18,135,14.915022999208679
2020-12-17 17:00:00+01:00,196,15,181,20.04912381427717,216,27,189,21.273439412003903
2020-12-17 18:00:00+01:00,212,19,193,18.597605283865732,231,33,198,16.702836426900134
2020-12-17 19:00:00+01:00,152,11,141,20.188330220444417,162,21,141,19.08849102929865
2020-12-17 20:00:00+01:00,165,13,152,20.56038540292619,160,24,136,19.89239402952506
2020-12-17 21:00:00+01:00,127,10,117,19.116953333289125,117,15,102,21.891304075969387
2020-12-17 22:00:00+01:00,87,7,80,17.896548892855574,85,10,75,19.289671453475872
2020-12-17 23:00:00+01:00,56,4,52,10.152150256689218,64,8,56,14.414592943793718
2020-12-18 00:00:00+01:00,38,3,35,11.101073107969722,38,4,34,11.101073107969722
2020-12-18 01:00:00+01:00,25,2,23,1.1875344360364632,25,2,23,1.1875344360364632
2020-12-18 02:00:00+01:00,25,2,23,1.1875344360364632,25,2,23,1.1875344360364632
2020-12-18 03:00:00+01:00,37,3,34,2.066086063070793,38,4,34,11.101073107969722
2020-12-18 04:00:00+01:00,63,6,57,14.929801273937542,58,5,53,10.505136369992313
2020-12-18 05:00:00+01:00,113,12,101,20.093188266697116,113,11,102,20.093188266697116
2020-12-18 06:00:00+01:00,140,13,127,15.331768592489755,129,13,116,17.995114557081255
2020-12-18 07:00:00+01:00,210,19,191,16.3212742992447,212,18,194,18.597605283865732
2020-12-18 08:00:00+01:00,228,23,205,15.818609956751573,211,19,192,18.759232281731908
2020-12-18 09:00:00+01:00,147,14,133,20.208056467665056,153,13,140,14.915022999208679
2020-12-18 10:00:00+01:00,124,11,113,17.53992981591413,117,12,105,21.891304075969387
2020-12-18 11:00:00+01:00,153,15,138,14.915022999208679,148,13,135,18.058884943386857
2020-12-18 12:00:00+01:00,129,13,116,17.995114557081255,123,10,113,19.074654696202938
2020-12-18 13:00:00+01:00,124,12,112,17.53992981591413,117,12,105,21.891304075969387
2020-12-18 14:00:00+01:00,128,12,116,19.601953989978306,123,10,113,19.074654696202938
2020-12-18 15:00:00+01:00,136,14,122,16.594078125250377,138,14,124,20.21600799483387
2020-12-18 16:00:00+01:00,145,14,131,18.85528596371164,154,15,139,23.457384968254527
2020-12-18 17:00:00+01:00,207,22,185,21.877297854955202,202,19,183,22.500350864850866
2020-12-18 18:00:00+01:00,218,21,197,22.57742359713229,227,25,202,19.269071808142694
2020-12-18 19:00:00+01:00,158,15,143,21.67102174389251,159,15,144,17.78748005044877
2020-12-18 20:00:00+01:00,160,14,146,19.89239402952506,159,13,146,17.78748005044877
2020-12-18 21:00:00+01:00,123,11,112,19.074654696202938,123,12,111,19.074654696202938
2020-12-18 22:00:00+01:00,86,8,78,21.204994436842384,85,7,78,19.289671453475872
2020-12-18 23:00:00+01:00,61,6,55,12.362973378192347,58,5,53,10.505136369992313
2020-12-19 00:00:00+01:00,37,2,35,3.5125252112896685,39,2,37,6.913338666308079
2020-12-19 01:00:00+01:00,24,1,23,0.16633697306049489,26,1,25,0.13434729751860394
2020-12-19 02:00:00+01:00,25,1,24,0.10677168789919293,26,1,25,0.13434729751860394
2020-12-19 03:00:00+01:00,38,2,36,5.960450042509954,39,2,37,6.913338666308079
2020-12-19 04:00:00+01:00,48,3,45,9.964553643509852,52,2,50,14.472017643602554
2020-12-19 05:00:00+01:00,62,4,58,14.019247608895405,65,4,61,10.13470849860639
2020-12-19 06:00:00+01:00,101,6,95,14.022694861996197,105,6,99,16.343560716114418
2020-12-19 07:00:00+01:00,147,9,138,16.306492316544293,159,10,149,19.89258263570152
2020-12-19 08:00:00+01:00,206,11,195,20.90053052788098,208,12,196,18.807092053665322
2020-12-19 09:00:00+01:00,213,14,199,20.238518600536185,223,14,209,18.802339292525456
2020-12-19 10:00:00+01:00,187,12,175,15.611538170802525,198,12,186,20.173795644408123
2020-12-19 11:00:00+01:00,152,10,142,18.686880121910534,155,8,147,18.708796369633056
2020-12-19 12:00:00+01:00,145,8,137,19.922746131926434,158,8,150,19.40470350916573
2020-12-19 13:00:00+01:00,167,9,158,19.047083059371815,172,10,162,18.863206387348974
2020-12-19 14:00:00+01:00,154,8,146,19.868163821621103,155,8,147,18.708796369633056
2020-12-19 15:00:00+01:00,169,9,160,20.526675282456768,185,10,175,20.88033942284811
2020-12-19 16:00:00+01:00,172,10,162,18.863206387348974,186,9,177,20.400698976924794
2020-12-19 17:00:00+01:00,199,12,187,19.11274068140836,209,10,199,16.60419034744366
2020-12-19 18:00:00+01:00,190,11,179,20.182913119811044,197,10,187,19.118279085736297
2020-12-19 19:00:00+01:00,146,9,137,19.4340926707284,157,8,149,19.700921436065542
2020-12-19 20:00:00+01:00,142,8,134,19.57947604189084,146,8,138,19.4340926707284
2020-12-19 21:00:00+01:00,124,7,117,14.467255533674502,129,7,122,12.81298343964759
2020-12-19 22:00:00+01:00,100,6,94,12.129363492765288,105,7,98,16.343560716114418
2020-12-19 23:00:00+01:00,49,3,46,12.126419816698254,52,2,50,14.472017643602554
2020-12-20 00:00:00+01:00,21,0,21,0.0727095127790566,25,0,25,0.10677168789919293
2020-12-20 01:00:00+01:00,14,0,14,0.0,18,0,18,0.014449312499738909
2020-12-20 02:00:00+01:00,13,0,13,0.0,18,0,18,0.014449312499738909
2020-12-20 03:00:00+01:00,20,0,20,0.04910283862897408,25,0,25,0.10677168789919293
2020-12-20 04:00:00+01:00,29,1,28,0.5419439371488394,36,1,35,2.727177547566476
2020-12-20 05:00:00+01:00,36,1,35,2.727177547566476,48,1,47,9.964553643509852
2020-12-20 06:00:00+01:00,57,2,55,11.247345675463038,74,3,71,9.886934519670994
2020-12-20 07:00:00+01:00,87,3,84,9.504121716770046,119,3,116,9.275729661817119
2020-12-20 08:00:00+01:00,110,4,106,20.964248322238312,128,4,124,16.268122259148125
2020-12-20 09:00:00+01:00,118,4,114,16.65435568776215,166,6,160,16.094287115128708
2020-12-20 10:00:00+01:00,106,4,102,19.560878716092326,149,5,144,17.937448228249327
2020-12-20 11:00:00+01:00,82,3,79,8.6962433625344,98,3,95,9.366341704429512
2020-12-20 12:00:00+01:00,86,3,83,9.565861223121674,119,3,116,9.275729661817119
2020-12-20 13:00:00+01:00,89,3,86,10.527801976587284,98,4,94,9.366341704429512
2020-12-20 14:00:00+01:00,86,3,83,9.565861223121674,119,3,116,9.275729661817119
2020-12-20 15:00:00+01:00,96,4,92,10.792244903732447,127,4,123,18.022773693841014
2020-12-20 16:00:00+01:00,97,4,93,12.91170780960746,118,4,114,16.65435568776215
2020-12-20 17:00:00+01:00,117,4,113,13.539944397802945,135,5,130,20.27811899595658
2020-12-20 18:00:00+01:00,109,4,105,18.214376818550008,139,5,134,19.408576933840735
2020-12-20 19:00:00+01:00,89,3,86,10.527801976587284,90,3,87,10.477669283936715
2020-12-20 20:00:00+01:00,74,3,71,9.886934519670994,107,4,103,12.742346635562697
2020-12-20 21:00:00+01:00,73,2,71,10.015349835153332,86,3,83,9.565861223121674
2020-12-20 22:00:00+01:00,59,2,57,11.512224289105106,74,3,71,9.886934519670994
2020-12-20 23:00:00+01:00,29,1,28,0.5419439371488394,36,1,35,2.727177547566476
2020-12-21 00:00:00+01:00,39,3,36,6.782457974710225,37,4,33,2.066086063070793
2020-12-21 01:00:00+01:00,26,2,24,1.5382661455122164,26,2,24,1.5382661455122164
2020-12-21 02:00:00+01:00,24,2,22,1.5004308879154395,26,2,24,1.5382661455122164
2020-12-21 03:00:00+01:00,37,3,34,2.066086063070793,39,4,35,6.782457974710225
2020-12-21 04:00:00+01:00,60,5,55,10.583722413773145,62,6,56,14.48690450543278
2020-12-21 05:00:00+01:00,108,10,98,14.813734676069407,112,11,101,14.898852003445265
2020-12-21 06:00:00+01:00,136,13,123,16.594078125250377,142,16,126,21.623487252479663
2020-12-21 07:00:00+01:00,226,22,204,20.308697708911414,214,23,191,18.560318290748608
2020-12-21 08:00:00+01:00,239,24,215,13.74553452780325,235,29,206,20.674840106170866
2020-12-21 09:00:00+01:00,154,16,138,23.457384968254527,151,18,133,19.408157188048275
2020-12-21 10:00:00+01:00,128,11,117,19.601953989978306,128,12,116,19.601953989978306
2020-12-21 11:00:00+01:00,152,13,139,20.188330220444417,154,15,139,23.457384968254527
2020-12-21 12:00:00+01:00,123,13,110,19.074654696202938,128,14,114,19.601953989978306
2020-12-21 13:00:00+01:00,127,11,116,19.116953333289125,125,13,112,23.026828253397017
2020-12-21 14:00:00+01:00,127,11,116,19.116953333289125,125,13,112,23.026828253397017
2020-12-21 15:00:00+01:00,139,12,127,18.732486269107348,137,15,122,18.928795118329443
2020-12-21 16:00:00+01:00,145,14,131,18.85528596371164,157,17,140,23.857880119976507
2020-12-21 17:00:00+01:00,216,21,195,21.273439412003903,220,27,193,16.758079648934128
2020-12-21 18:00:00+01:00,228,21,207,15.818609956751573,225,22,203,17.07968654570721
2020-12-21 19:00:00+01:00,168,15,153,20.304807772345505,167,18,149,21.39117903937357
2020-12-21 20:00:00+01:00,166,16,150,18.57114730689396,170,20,150,19.775542485132945
2020-12-21 21:00:00+01:00,122,13,109,20.245567873519157,131,15,116,14.183230975852695
2020-12-21 22:00:00+01:00,89,8,81,17.562315027840828,89,8,81,17.562315027840828
2020-12-21 23:00:00+01:00,63,5,58,14.929801273937542,62,6,56,14.48690450543278
2020-12-22 00:00:00+01:00,33,2,31,5.985660510090718,39,3,36,6.782457974710225
2020-12-22 01:00:00+01:00,22,1,21,0.1277873501672996,26,2,24,1.5382661455122164
2020-12-22 02:00:00+01:00,25,2,23,1.1875344360364632,27,2,25,1.9016023008994223
2020-12-22 03:00:00+01:00,38,3,35,11.101073107969722,40,4,36,5.275608835029151
2020-12-22 04:00:00+01:00,62,5,57,14.48690450543278,62,5,57,14.48690450543278
2020-12-22 05:00:00+01:00,101,8,93,11.280950715811313,121,12,109,20.317620945183666
2020-12-22 06:00:00+01:00,138,11,127,20.21600799483387,138,14,124,20.21600799483387
2020-12-22 07:00:00+01:00,192,17,175,21.295822766447603,225,21,204,17.07968654570721
2020-12-22 08:00:00+01:00,218,18,200,22.57742359713229,242,27,215,20.990360069331732
2020-12-22 09:00:00+01:00,142,13,129,21.623487252479663,164,16,148,22.827361263214527
2020-12-22 10:00:00+01:00,129,10,119,17.995114557081255,131,11,120,14.183230975852695
2020-12-22 11:00:00+01:00,142,11,131,21.623487252479663,164,16,148,22.827361263214527
2020-12-22 12:00:00+01:00,129,10,119,17.995114557081255,131,11,120,14.183230975852695
2020-12-22 13:00:00+01:00,119,9,110,22.46945513312648,129,12,117,17.995114557081255
2020-12-22 14:00:00+01:00,119,9,110,22.46945513312648,129,12,117,17.995114557081255
2020-12-22 15:00:00+01:00,130,10,120,15.65660051079879,144,12,132,22.91915418498221
2020-12-22 16:00:00+01:00,139,13,126,18.732486269107348,150,15,135,17.939622434692456
2020-12-22 17:00:00+01:00,209,17,192,22.16757043059366,224,19,205,16.30248157536985
2020-12-22 18:00:00+01:00,213,17,196,20.488166305452438,246,24,222,17.57126233227549
2020-12-22 19:00:00+01:00,153,14,139,14.915022999208679,172,15,157,19.644113972447897
2020-12-22 20:00:00+01:00,155,15,140,19.469409355748308,165,18,147,20.56038540292619
2020-12-22 21:00:00+01:00,119,11,108,22.46945513312648,129,12,117,17.995114557081255
2020-12-22 22:00:00+01:00,83,6,77,18.699193296190067,90,9,81,13.960700117154147
2020-12-22 23:00:00+01:00,58,4,54,10.505136369992313,67,7,60,12.5039951599288
2020-12-23 00:00:00+01:00,38,4,34,7.590795833711637,34,3,31,11.019687492562438
2020-12-23 01:00:00+01:00,25,3,22,4.851536786659508,25,2,23,4.851536786659508
2020-12-23 02:00:00+01:00,25,2,23,4.851536786659508,25,2,23,4.851536786659508
2020-12-23 03:00:00+01:00,38,4,34,7.590795833711637,34,3,31,11.019687492562438
2020-12-23 04:00:00+01:00,63,7,56,13.630126271531418,62,6,56,12.779859753427614
2020-12-23 05:00:00+01:00,114,13,101,17.516346710171707,112,12,100,16.537505199847164
2020-12-23 06:00:00+01:00,140,19,121,17.88117043007633,141,14,127,16.082921323202
2020-12-23 07:00:00+01:00,214,24,190,24.48806340301503,203,19,184,21.5050173548228
2020-12-23 08:00:00+01:00,226,28,198,20.105295377891462,220,27,193,18.729640796362187
2020-12-23 09:00:00+01:00,153,19,134,18.89706115395996,139,16,123,21.474746575274906
2020-12-23 10:00:00+01:00,126,17,109,16.250667590352332,123,13,110,15.262138605096247
2020-12-23 11:00:00+01:00,153,18,135,18.89706115395996,139,16,123,21.474746575274906
2020-12-23 12:00:00+01:00,126,17,109,16.250667590352332,123,13,110,15.262138605096247
2020-12-23 13:00:00+01:00,127,15,112,19.95892802947898,120,14,106,10.291257377501918
2020-12-23 14:00:00+01:00,127,16,111,19.95892802947898,120,14,106,10.291257377501918
2020-12-23 15:00:00+01:00,140,18,122,17.88117043007633,141,14,127,16.082921323202
2020-12-23 16:00:00+01:00,151,17,134,19.198981193831877,149,16,133,18.476483571588744
2020-12-23 17:00:00+01:00,217,26,191,20.47500927792046,213,24,189,16.70464389525102
2020-12-23 18:00:00+01:00,232,26,206,24.606618615768106,205,22,183,18.29833304368066
2020-12-23 19:00:00+01:00,167,22,145,16.493575022686013,154,14,140,25.102227050596255
2020-12-23 20:00:00+01:00,167,21,146,16.493575022686013,154,14,140,25.102227050596255
2020-12-23 21:00:00+01:00,129,16,113,12.321757402623772,125,13,112,14.698947587184879
2020-12-23 22:00:00+01:00,89,11,78,16.127888447212325,79,9,70,16.621554061874914
2020-12-23 23:00:00+01:00,63,8,55,13.630126271531418,62,6,56,12.779859753427614
2020-12-24 00:00:00+01:00,35,2,33,7.122002820118646,36,5,31,3.0873599992209124
2020-12-24 01:00:00+01:00,23,1,22,0.4122417358964417,25,3,22,1.1875344360364632
2020-12-24 02:00:00+01:00,25,2,23,1.1875344360364632,25,3,22,1.1875344360364632
2020-12-24 03:00:00+01:00,37,3,34,2.066086063070793,38,5,33,11.101073107969722
2020-12-24 04:00:00+01:00,59,5,54,10.572210467564378,58,7,51,10.505136369992313
2020-12-24 05:00:00+01:00,106,9,97,12.94750706735717,114,18,96,18.09348958441383
2020-12-24 06:00:00+01:00,124,11,113,17.53992981591413,129,19,110,17.995114557081255
2020-12-24 07:00:00+01:00,195,14,181,23.83440770251287,216,27,189,21.273439412003903
2020-12-24 08:00:00+01:00,212,19,193,18.597605283865732,231,33,198,16.702836426900134
2020-12-24 09:00:00+01:00,140,10,130,15.331768592489755,140,20,120,15.331768592489755
2020-12-24 10:00:00+01:00,109,9,100,14.645038576883659,117,15,102,21.891304075969387
2020-12-24 11:00:00+01:00,150,12,138,17.939622434692456,153,18,135,14.915022999208679
2020-12-24 12:00:00+01:00,115,8,107,27.52702584121565,121,19,102,20.317620945183666
2020-12-24 13:00:00+01:00,122,9,113,20.245567873519157,128,19,109,19.601953989978306
2020-12-24 14:00:00+01:00,114,8,106,18.09348958441383,121,19,102,20.317620945183666
2020-12-24 15:00:00+01:00,134,10,124,14.701306049248211,135,21,114,21.280002906629502
2020-12-24 16:00:00+01:00,149,11,138,20.003285796587473,153,18,135,14.915022999208679
2020-12-24 17:00:00+01:00,196,15,181,20.04912381427717,216,27,189,21.273439412003903
2020-12-24 18:00:00+01:00,212,19,193,18.597605283865732,231,33,198,16.702836426900134
2020-12-24 19:00:00+01:00,152,11,141,20.188330220444417,162,21,141,19.08849102929865
2020-12-24 20:00:00+01:00,165,13,152,20.56038540292619,160,24,136,19.89239402952506
2020-12-24 21:00:00+01:00,127,10,117,19.116953333289125,117,15,102,21.891304075969387
2020-12-24 22:00:00+01:00,87,7,80,17.896548892855574,85,10,75,19.289671453475872
2020-12-24 23:00:00+01:00,56,4,52,10.152150256689218,64,8,56,14.414592943793718
2020-12-25 00:00:00+01:00,38,3,35,11.101073107969722,38,4,34,11.101073107969722
2020-12-25 01:00:00+01:00,25,2,23,1.1875344360364632,25,2,23,1.1875344360364632
2020-12-25 02:00:00+01:00,25,2,23,1.1875344360364632,25,2,23,1.1875344360364632
2020-12-25 03:00:00+01:00,37,3,34,2.066086063070793,38,4,34,11.101073107969722
2020-12-25 04:00:00+01:00,63,6,57,14.929801273937542,58,5,53,10.505136369992313
2020-12-25 05:00:00+01:00,113,12,101,20.093188266697116,113,11,102,20.093188266697116
2020-12-25 06:00:00+01:00,140,13,127,15.331768592489755,129,13,116,17.995114557081255
2020-12-25 07:00:00+01:00,210,19,191,16.3212742992447,212,18,194,18.597605283865732
2020-12-25 08:00:00+01:00,228,23,205,15.818609956751573,211,19,192,18.759232281731908
2020-12-25 09:00:00+01:00,147,14,133,20.208056467665056,153,13,140,14.915022999208679
2020-12-25 10:00:00+01:00,124,11,113,17.53992981591413,117,12,105,21.891304075969387
2020-12-25 11:00:00+01:00,153,15,138,14.915022999208679,148,13,135,18.058884943386857
2020-12-25 12:00:00+01:00,129,13,116,17.995114557081255,123,10,113,19.074654696202938
2020-12-25 13:00:00+01:00,124,12,112,17.53992981591413,117,12,105,21.891304075969387
2020-12-25 14:00:00+01:00,128,12,116,19.601953989978306,123,10,113,19.074654696202938
2020-12-25 15:00:00+01:00,136,14,122,16.594078125250377,138,14,124,20.21600799483387
2020-12-25 16:00:00+01:00,145,14,131,18.85528596371164,154,15,139,23.457384968254527
2020-12-25 17:00:00+01:00,207,22,185,21.877297854955202,202,19,183,22.500350864850866
2020-12-25 18:00:00+01:00,218,21,197,22.57742359713229,227,25,202,19.269071808142694
2020-12-25 19:00:00+01:00,158,15,143,21.67102174389251,159,15,144,17.78748005044877
2020-12-25 20:00:00+01:00,160,14,146,19.89239402952506,159,13,146,17.78748005044877
2020-12-25 21:00:00+01:00,123,11,112,19.074654696202938,123,12,111,19.074654696202938
2020-12-25 22:00:00+01:00,86,8,78,21.204994436842384,85,7,78,19.289671453475872
2020-12-25 23:00:00+01:00,61,6,55,12.362973378192347,58,5,53,10.505136369992313
2020-12-26 00:00:00+01:00,37,2,35,3.5125252112896685,39,2,37,6.913338666308079
2020-12-26 01:00:00+01:00,24,1,23,0.16633697306049489,26,1,25,0.13434729751860394
2020-12-26 02:00:00+01:00,25,1,24,0.10677168789919293,26,1,25,0.13434729751860394
2020-12-26 03:00:00+01:00,38,2,36,5.960450042509954,39,2,37,6.913338666308079
2020-12-26 04:00:00+01:00,48,3,45,9.964553643509852,52,2,50,14.472017643602554
2020-12-26 05:00:00+01:00,62,4,58,14.019247608895405,65,4,61,10.13470849860639
2020-12-26 06:00:00+01:00,101,6,95,14.022694861996197,105,6,99,16.343560716114418
2020-12-26 07:00:00+01:00,147,9,138,16.306492316544293,159,10,149,19.89258263570152
2020-12-26 08:00:00+01:00,206,11,195,20.90053052788098,208,12,196,18.807092053665322
2020-12-26 09:00:00+01:00,213,14,199,20.238518600536185,223,14,209,18.802339292525456
2020-12-26 10:00:00+01:00,187,12,175,15.611538170802525,198,12,186,20.173795644408123
2020-12-26 11:00:00+01:00,152,10,142,18.686880121910534,155,8,147,18.708796369633056
2020-12-26 12:00:00+01:00,145,8,137,19.922746131926434,158,8,150,19.40470350916573
2020-12-26 13:00:00+01:00,167,9,158,19.047083059371815,172,10,162,18.863206387348974
2020-12-26 14:00:00+01:00,154,8,146,19.868163821621103,155,8,147,18.708796369633056
2020-12-26 15:00:00+01:00,169,9,160,20.526675282456768,185,10,175,20.88033942284811
2020-12-26 16:00:00+01:00,172,10,162,18.863206387348974,186,9,177,20.400698976924794
2020-12-26 17:00:00+01:00,199,12,187,19.11274068140836,209,10,199,16.60419034744366
2020-12-26 18:00:00+01:00,190,11,179,20.182913119811044,197,10,187,19.118279085736297
2020-12-26 19:00:00+01:00,146,9,137,19.4340926707284,157,8,149,19.700921436065542
2020-12-26 20:00:00+01:00,142,8,134,19.57947604189084,146,8,138,19.4340926707284
2020-12-26 21:00:00+01:00,124,7,117,14.467255533674502,129,7,122,12.81298343964759
2020-12-26 22:00:00+01:00,100,6,94,12.129363492765288,105,7,98,16.343560716114418
2020-12-26 23:00:00+01:00,49,3,46,12.126419816698254,52,2,50,14.472017643602554
2020-12-27 00:00:00+01:00,21,0,21,0.0727095127790566,25,0,25,0.10677168789919293
2020-12-27 01:00:00+01:00,14,0,14,0.0,18,0,18,0.014449312499738909
2020-12-27 02:00:00+01:00,13,0,13,0.0,18,0,18,0.014449312499738909
2020-12-27 03:00:00+01:00,20,0,20,0.04910283862897408,25,0,25,0.10677168789919293
2020-12-27 04:00:00+01:00,29,1,28,0.5419439371488394,36,1,35,2.727177547566476
2020-12-27 05:00:00+01:00,36,1,35,2.727177547566476,48,1,47,9.964553643509852
2020-12-27 06:00:00+01:00,57,2,55,11.247345675463038,74,3,71,9.886934519670994
2020-12-27 07:00:00+01:00,87,3,84,9.504121716770046,119,3,116,9.275729661817119
2020-12-27 08:00:00+01:00,110,4,106,20.964248322238312,128,4,124,16.268122259148125
2020-12-27 09:00:00+01:00,118,4,114,16.65435568776215,166,6,160,16.094287115128708
2020-12-27 10:00:00+01:00,106,4,102,19.560878716092326,149,5,144,17.937448228249327
2020-12-27 11:00:00+01:00,82,3,79,8.6962433625344,98,3,95,9.366341704429512
2020-12-27 12:00:00+01:00,86,3,83,9.565861223121674,119,3,116,9.275729661817119
2020-12-27 13:00:00+01:00,89,3,86,10.527801976587284,98,4,94,9.366341704429512
2020-12-27 14:00:00+01:00,86,3,83,9.565861223121674,119,3,116,9.275729661817119
2020-12-27 15:00:00+01:00,96,4,92,10.792244903732447,127,4,123,18.022773693841014
2020-12-27 16:00:00+01:00,97,4,93,12.91170780960746,118,4,114,16.65435568776215
2020-12-27 17:00:00+01:00,117,4,113,13.539944397802945,135,5,130,20.27811899595658
2020-12-27 18:00:00+01:00,109,4,105,18.214376818550008,139,5,134,19.408576933840735
2020-12-27 19:00:00+01:00,89,3,86,10.527801976587284,90,3,87,10.477669283936715
2020-12-27 20:00:00+01:00,74,3,71,9.886934519670994,107,4,103,12.742346635562697
2020-12-27 21:00:00+01:00,73,2,71,10.015349835153332,86,3,83,9.565861223121674
2020-12-27 22:00:00+01:00,59,2,57,11.512224289105106,74,3,71,9.886934519670994
2020-12-27 23:00:00+01:00,29,1,28,0.5419439371488394,36,1,35,2.727177547566476
2020-12-28 00:00:00+01:00,39,3,36,6.782457974710225,37,4,33,2.066086063070793
2020-12-28 01:00:00+01:00,26,2,24,1.5382661455122164,26,2,24,1.5382661455122164
2020-12-28 02:00:00+01:00,24,2,22,1.5004308879154395,26,2,24,1.5382661455122164
2020-12-28 03:00:00+01:00,37,3,34,2.066086063070793,39,4,35,6.782457974710225
2020-12-28 04:00:00+01:00,60,5,55,10.583722413773145,62,6,56,14.48690450543278
2020-12-28 05:00:00+01:00,108,10,98,14.813734676069407,112,11,101,14.898852003445265
2020-12-28 06:00:00+01:00,136,13,123,16.594078125250377,142,16,126,21.623487252479663
2020-12-28 07:00:00+01:00,226,22,204,20.308697708911414,214,23,191,18.560318290748608
2020-12-28 08:00:00+01:00,239,24,215,13.74553452780325,235,29,206,20.674840106170866
2020-12-28 09:00:00+01:00,154,16,138,23.457384968254527,151,18,133,19.408157188048275
2020-12-28 10:00:00+01:00,128,11,117,19.601953989978306,128,12,116,19.601953989978306
2020-12-28 11:00:00+01:00,152,13,139,20.188330220444417,154,15,139,23.457384968254527
2020-12-28 12:00:00+01:00,123,13,110,19.074654696202938,128,14,114,19.601953989978306
2020-12-28 13:00:00+01:00,127,11,116,19.116953333289125,125,13,112,23.026828253397017
2020-12-28 14:00:00+01:00,127,11,116,19.116953333289125,125,13,112,23.026828253397017
2020-12-28 15:00:00+01:00,139,12,127,18.732486269107348,137,15,122,18.928795118329443
2020-12-28 16:00:00+01:00,145,14,131,18.85528596371164,157,17,140,23.857880119976507
2020-12-28 17:00:00+01:00,216,21,195,21.273439412003903,220,27,193,16.758079648934128
2020-12-28 18:00:00+01:00,228,21,207,15.818609956751573,225,22,203,17.07968654570721
2020-12-28 19:00:00+01:00,168,15,153,20.304807772345505,167,18,149,21.39117903937357
2020-12-28 20:00:00+01:00,166,16,150,18.57114730689396,170,20,150,19.775542485132945
2020-12-28 21:00:00+01:00,122,13,109,20.245567873519157,131,15,116,14.183230975852695
2020-12-28 22:00:00+01:00,89,8,81,17.562315027840828,89,8,81,17.562315027840828
2020-12-28 23:00:00+01:00,63,5,58,14.929801273937542,62,6,56,14.48690450543278
2020-12-29 00:00:00+01:00,33,2,31,5.985660510090718,39,3,36,6.782457974710225
2020-12-29 01:00:00+01:00,22,1,21,0.1277873501672996,26,2,24,1.5382661455122164
2020-12-29 02:00:00+01:00,25,2,23,1.1875344360364632,27,2,25,1.9016023008994223
2020-12-29 03:00:00+01:00,38,3,35,11.101073107969722,40,4,36,5.275608835029151
2020-12-29 04:00:00+01:00,62,5,57,14.48690450543278,62,5,57,14.48690450543278
2020-12-29 05:00:00+01:00,101,8,93,11.280950715811313,121,12,109,20.317620945183666
2020-12-29 06:00:00+01:00,138,11,127,20.21600799483387,138,14,124,20.21600799483387
2020-12-29 07:00:00+01:00,192,17,175,21.295822766447603,225,21,204,17.07968654570721
2020-12-29 08:00:00+01:00,218,18,200,22.57742359713229,242,27,215,20.990360069331732
2020-12-29 09:00:00+01:00,142,13,129,21.623487252479663,164,16,148,22.827361263214527
2020-12-29 10:00:00+01:00,129,10,119,17.995114557081255,131,11,120,14.183230975852695
2020-12-29 11:00:00+01:00,142,11,131,21.623487252479663,164,16,148,22.827361263214527
2020-12-29 12:00:00+01:00,129,10,119,17.995114557081255,131,11,120,14.183230975852695
2020-12-29 13:00:00+01:00,119,9,110,22.46945513312648,129,12,117,17.995114557081255
2020-12-29 14:00:00+01:00,119,9,110,22.46945513312648,129,12,117,17.995114557081255
2020-12-29 15:00:00+01:00,130,10,120,15.65660051079879,144,12,132,22.91915418498221
2020-12-29 16:00:00+01:00,139,13,126,18.732486269107348,150,15,135,17.939622434692456
2020-12-29 17:00:00+01:00,209,17,192,22.16757043059366,224,19,205,16.30248157536985
2020-12-29 18:00:00+01:00,213,17,196,20.488166305452438,246,24,222,17.57126233227549
2020-12-29 19:00:00+01:00,153,14,139,14.915022999208679,172,15,157,19.644113972447897
2020-12-29 20:00:00+01:00,155,15,140,19.469409355748308,165,18,147,20.56038540292619
2020-12-29 21:00:00+01:00,119,11,108,22.46945513312648,129,12,117,17.995114557081255
2020-12-29 22:00:00+01:00,83,6,77,18.699193296190067,90,9,81,13.960700117154147
2020-12-29 23:00:00+01:00,58,4,54,10.505136369992313,67,7,60,12.5039951599288
2020-12-30 00:00:00+01:00,38,4,34,7.590795833711637,34,3,31,11.019687492562438
2020-12-30 01:00:00+01:00,25,3,22,4.851536786659508,25,2,23,4.851536786659508
2020-12-30 02:00:00+01:00,25,2,23,4.851536786659508,25,2,23,4.851536786659508
2020-12-30 03:00:00+01:00,38,4,34,7.590795833711637,34,3,31,11.019687492562438
2020-12-30 04:00:00+01:00,63,7,56,13.630126271531418,62,6,56,12.779859753427614
2020-12-30 05:00:00+01:00,114,13,101,17.516346710171707,112,12,100,16.537505199847164
2020-12-30 06:00:00+01:00,140,19,121,17.88117043007633,141,14,127,16.082921323202
2020-12-30 07:00:00+01:00,214,24,190,24.48806340301503,203,19,184,21.5050173548228
2020-12-30 08:00:00+01:00,226,28,198,20.105295377891462,220,27,193,18.729640796362187
2020-12-30 09:00:00+01:00,153,19,134,18.89706115395996,139,16,123,21.474746575274906
2020-12-30 10:00:00+01:00,126,17,109,16.250667590352332,123,13,110,15.262138605096247
2020-12-30 11:00:00+01:00,153,18,135,18.89706115395996,139,16,123,21.474746575274906
2020-12-30 12:00:00+01:00,126,17,109,16.250667590352332,123,13,110,15.262138605096247
2020-12-30 13:00:00+01:00,127,15,112,19.95892802947898,120,14,106,10.291257377501918
2020-12-30 14:00:00+01:00,127,16,111,19.95892802947898,120,14,106,10.291257377501918
2020-12-30 15:00:00+01:00,140,18,122,17.88117043007633,141,14,127,16.082921323202
2020-12-30 16:00:00+01:00,151,17,134,19.198981193831877,149,16,133,18.476483571588744
2020-12-30 17:00:00+01:00,217,26,191,20.47500927792046,213,24,189,16.70464389525102
2020-12-30 18:00:00+01:00,232,26,206,24.606618615768106,205,22,183,18.29833304368066
2020-12-30 19:00:00+01:00,167,22,145,16.493575022686013,154,14,140,25.102227050596255
2020-12-30 20:00:00+01:00,167,21,146,16.493575022686013,154,14,140,25.102227050596255
2020-12-30 21:00:00+01:00,129,16,113,12.321757402623772,125,13,112,14.698947587184879
2020-12-30 22:00:00+01:00,89,11,78,16.127888447212325,79,9,70,16.621554061874914
2020-12-30 23:00:00+01:00,63,8,55,13.630126271531418,62,6,56,12.779859753427614
2020-12-31 00:00:00+01:00,35,2,33,7.122002820118646,36,5,31,3.0873599992209124
2020-12-31 01:00:00+01:00,23,1,22,0.4122417358964417,25,3,22,1.1875344360364632
2020-12-31 02:00:00+01:00,25,2,23,1.1875344360364632,25,3,22,1.1875344360364632
2020-12-31 03:00:00+01:00,37,3,34,2.066086063070793,38,5,33,11.101073107969722
2020-12-31 04:00:00+01:00,59,5,54,10.572210467564378,58,7,51,10.505136369992313
2020-12-31 05:00:00+01:00,106,9,97,12.94750706735717,114,18,96,18.09348958441383
2020-12-31 06:00:00+01:00,124,11,113,17.53992981591413,129,19,110,17.995114557081255
2020-12-31 07:00:00+01:00,195,14,181,23.83440770251287,216,27,189,21.273439412003903
2020-12-31 08:00:00+01:00,212,19,193,18.597605283865732,231,33,198,16.702836426900134
2020-12-31 09:00:00+01:00,140,10,130,15.331768592489755,140,20,120,15.331768592489755
2020-12-31 10:00:00+01:00,109,9,100,14.645038576883659,117,15,102,21.891304075969387
2020-12-31 11:00:00+01:00,150,12,138,17.939622434692456,153,18,135,14.915022999208679
2020-12-31 12:00:00+01:00,115,8,107,27.52702584121565,121,19,102,20.317620945183666
2020-12-31 13:00:00+01:00,122,9,113,20.245567873519157,128,19,109,19.601953989978306
2020-12-31 14:00:00+01:00,114,8,106,18.09348958441383,121,19,102,20.317620945183666
2020-12-31 15:00:00+01:00,134,10,124,14.701306049248211,135,21,114,21.280002906629502
2020-12-31 16:00:00+01:00,149,11,138,20.003285796587473,153,18,135,14.915022999208679
2020-12-31 17:00:00+01:00,196,15,181,20.04912381427717,216,27,189,21.273439412003903
2020-12-31 18:00:00+01:00,212,19,193,18.597605283865732,231,33,198,16.702836426900134
2020-12-31 19:00:00+01:00,152,11,141,20.188330220444417,162,21,141,19.08849102929865
2020-12-31 20:00:00+01:00,165,13,152,20.56038540292619,160,24,136,19.89239402952506
2020-12-31 21:00:00+01:00,127,10,117,19.116953333289125,117,15,102,21.891304075969387
2020-12-31 22:00:00+01:00,87,7,80,17.896548892855574,85,10,75,19.289671453475872
2020-12-31 23:00:00+01:00,56,4,52,10.152150256689218,64,8,56,14.414592943793718
